           1    -7.60655    -7.60655           0
           2     -7.4709    -7.53872   0.0479579
           3    -7.33957    -7.47234   0.0629302
           4    -7.28462    -7.42541   0.0622846
           5    -7.22393    -7.38512    0.061496
           6    -7.08751    -7.33551   0.0683844
           7    -7.03055    -7.29195    0.071152
           8    -6.97497    -7.25233    0.072455
           9    -6.97501    -7.22151    0.070653
          10    -6.94005    -7.19337   0.0689666
          11    -6.96372    -7.17249   0.0657809
          12    -6.97056    -7.15566   0.0624145
          13    -6.89012    -7.13524   0.0608641
          14    -6.83426    -7.11374   0.0601939
          15    -6.78851    -7.09206   0.0599589
          16    -6.82927    -7.07563   0.0584176
          17     -6.7845    -7.05851   0.0574367
          18        -6.7    -7.03859   0.0575955
          19    -6.69792    -7.02066    0.057287
          20    -6.69317    -7.00429   0.0567146
          21    -6.69994    -6.98979    0.055835
          22    -6.67501    -6.97548   0.0550998
          23    -6.72344    -6.96453   0.0537828
          24    -6.76642    -6.95627   0.0521715
          25    -6.75042    -6.94804   0.0507303
          26    -6.60675    -6.93491   0.0504488
          27    -6.70066    -6.92623   0.0493207
          28    -6.68056    -6.91746   0.0483334
          29    -6.65823    -6.90852   0.0474861
          30    -6.62587     -6.8991   0.0468286
          31    -6.66797    -6.89164   0.0459077
          32    -6.69729    -6.88557    0.044873
          33    -6.68343    -6.87945   0.0439293
          34    -6.72963    -6.87504   0.0428577
          35    -6.76245    -6.87182   0.0417537
          36    -6.73756    -6.86809   0.0407601
          37    -6.58246    -6.86037   0.0403829
          38    -6.56022    -6.85247   0.0400853
          39    -6.54355    -6.84455   0.0398324
          40    -6.47292    -6.83526   0.0399054
          41     -6.3986    -6.82461   0.0403283
          42    -6.42723    -6.81515   0.0404628
          43    -6.55685    -6.80914   0.0399652
          44    -6.48622     -6.8018    0.039725
          45    -6.44753    -6.79393   0.0396147
          46    -6.38193    -6.78498   0.0397531
          47    -6.48524     -6.7786   0.0394155
          48    -6.62706    -6.77544   0.0387206
          49    -6.67313    -6.77335   0.0379866
          50    -6.69918    -6.77187   0.0372559
          51    -6.70742    -6.77061   0.0365468
          52    -6.67278    -6.76872   0.0358923
          53    -6.70382     -6.7675    0.035236
          54    -6.72484    -6.76671   0.0345923
          55    -6.67455    -6.76503    0.034004
          56    -6.62753    -6.76258   0.0334853
          57    -6.60664    -6.75984   0.0330094
          58    -6.66644    -6.75823   0.0324795
          59    -6.70009    -6.75725    0.031944
          60    -6.65155    -6.75549   0.0314601
          61     -6.6542    -6.75382   0.0309881
          62    -6.62486    -6.75174   0.0305581
          63    -6.61276    -6.74954   0.0301526
          64    -6.63309    -6.74772   0.0297363
          65    -6.65016    -6.74622   0.0293166
          66    -6.61494    -6.74423   0.0289399
          67    -6.62656    -6.74247   0.0285612
          68    -6.59957    -6.74037   0.0282183
          69    -6.59527    -6.73827   0.0278876
          70    -6.61029    -6.73644   0.0275491
          71    -6.51802    -6.73336   0.0273323
          72    -6.47212    -6.72974   0.0271925
          73    -6.54271    -6.72717   0.0269404
          74     -6.5474    -6.72474   0.0266857
          75    -6.47602    -6.72143   0.0265351
          76    -6.47467    -6.71818   0.0263839
          77    -6.49917    -6.71534   0.0261941
          78    -6.53841    -6.71307   0.0259563
          79    -6.51037     -6.7105   0.0257542
          80    -6.48513    -6.70769   0.0255859
          81    -6.50886    -6.70523   0.0253875
          82    -6.50104    -6.70274   0.0251997
          83    -6.55438    -6.70095   0.0249594
          84    -6.59576     -6.6997   0.0246937
          85    -6.59008    -6.69841   0.0244368
          86    -6.72208    -6.69869   0.0241542
          87    -6.73566    -6.69911   0.0238803
          88    -6.74294    -6.69961   0.0236142
          89    -6.65539    -6.69911   0.0233541
          90    -6.67253    -6.69882   0.0230964
          91    -6.64091    -6.69818   0.0228514
          92    -6.61832    -6.69731   0.0226195
          93     -6.6717    -6.69704    0.022378
          94    -6.62195    -6.69624   0.0221541
          95      -6.583    -6.69505    0.021953
          96    -6.57338    -6.69378   0.0217609
          97    -6.63356    -6.69316   0.0215454
          98    -6.59039    -6.69211    0.021351
          99    -6.59069    -6.69109   0.0211599
         100    -6.58128    -6.68999   0.0209768
         101    -6.51264    -6.68823   0.0208425
         102    -6.54165    -6.68679   0.0206876
         103    -6.56732    -6.68563   0.0205193
         104    -6.60485    -6.68486   0.0203367
         105    -6.63866    -6.68442   0.0201477
         106    -6.64873    -6.68408   0.0199605
         107    -6.68814    -6.68412    0.019774
         108    -6.60502    -6.68339   0.0196044
         109    -6.58278    -6.68246   0.0194463
         110    -6.63257    -6.68201   0.0192748
         111    -6.69803    -6.68215   0.0191017
         112    -6.70863    -6.68239   0.0189326
         113    -6.71801    -6.68271   0.0187677
         114    -6.72649    -6.68309    0.018607
         115    -6.69132    -6.68316   0.0184453
         116    -6.73729    -6.68363   0.0182922
         117    -6.69852    -6.68376   0.0181363
         118      -6.698    -6.68388    0.017983
         119    -6.69412    -6.68396   0.0178321
         120    -6.66052    -6.68377   0.0176846
         121    -6.69384    -6.68385   0.0175386
         122    -6.63625    -6.68346   0.0173992
         123    -6.74247    -6.68394   0.0172643
         124    -6.76913    -6.68463   0.0171388
         125    -6.69237    -6.68469   0.0170018
         126    -6.72897    -6.68504   0.0168705
         127    -6.75052    -6.68556   0.0167455
         128    -6.73403    -6.68593    0.016619
         129    -6.66029    -6.68574   0.0164913
         130    -6.67059    -6.68562   0.0163649
         131    -6.63415    -6.68523   0.0162447
         132    -6.67162    -6.68512   0.0161219
         133    -6.64662    -6.68483   0.0160033
         134    -6.63333    -6.68445   0.0158885
         135    -6.53228    -6.68332   0.0158107
         136    -6.65705    -6.68313   0.0156957
         137    -6.67573    -6.68307   0.0155812
         138    -6.74198     -6.6835   0.0154741
         139    -6.67419    -6.68343    0.015363
         140     -6.6885    -6.68347   0.0152533
         141    -6.68125    -6.68345   0.0151451
         142    -6.70757    -6.68362   0.0150394
         143    -6.69267    -6.68369   0.0149344
         144    -6.65678     -6.6835   0.0148318
         145    -6.64194    -6.68321   0.0147323
         146    -6.66951    -6.68312   0.0146317
         147    -6.63601     -6.6828   0.0145357
         148     -6.7071    -6.68296   0.0144384
         149    -6.63774    -6.68266   0.0143447
         150    -6.60972    -6.68217   0.0142573
         151    -6.53237    -6.68118   0.0141973
         152    -6.52382    -6.68015   0.0141416
         153    -6.48426    -6.67887    0.014107
         154     -6.5567    -6.67807   0.0140377
         155    -6.56196    -6.67732   0.0139671
         156    -6.61877    -6.67695   0.0138826
         157    -6.63035    -6.67665   0.0137974
         158    -6.68857    -6.67673   0.0137103
         159    -6.65778    -6.67661   0.0136246
         160    -6.62306    -6.67627   0.0135435
         161    -6.64038    -6.67605   0.0134612
         162    -6.59526    -6.67555   0.0133874
         163    -6.61871     -6.6752   0.0133098
         164    -6.63566    -6.67496   0.0132308
         165     -6.6758    -6.67497   0.0131506
         166    -6.68952    -6.67505   0.0130717
         167    -6.66383    -6.67499   0.0129936
         168    -6.67716      -6.675   0.0129162
         169    -6.72148    -6.67528   0.0128427
         170    -6.71236    -6.67549   0.0127691
         171    -6.67085    -6.67547   0.0126944
         172    -6.65898    -6.67537    0.012621
         173    -6.60441    -6.67496   0.0125547
         174    -6.47501    -6.67381    0.012535
         175    -6.56687     -6.6732   0.0124783
         176    -6.63598    -6.67299   0.0124092
         177    -6.71996    -6.67325   0.0123419
         178    -6.68073     -6.6733   0.0122726
         179    -6.72175    -6.67357    0.012207
         180    -6.72687    -6.67386   0.0121428
         181     -6.7329    -6.67419   0.0120801
         182    -6.64285    -6.67402    0.012015
         183    -6.63251    -6.67379   0.0119515
         184    -6.65585    -6.67369   0.0118869
         185    -6.61802    -6.67339   0.0118265
         186    -6.59426    -6.67297   0.0117705
         187    -6.61279    -6.67264    0.011712
         188    -6.54186    -6.67195   0.0116703
         189    -6.63537    -6.67176   0.0116102
         190    -6.66749    -6.67173   0.0115491
         191    -6.56383    -6.67117   0.0115024
         192    -6.73347    -6.67149   0.0114471
         193    -6.71304    -6.67171   0.0113898
         194    -6.62971    -6.67149   0.0113332
         195    -6.62528    -6.67125   0.0112775
         196    -6.62165      -6.671   0.0112228
         197     -6.6126     -6.6707   0.0111698
         198    -6.62661    -6.67048   0.0111156
         199    -6.72709    -6.67077   0.0110634
         200    -6.72838    -6.67105   0.0110118
         201    -6.74544    -6.67142   0.0109632
         202    -6.71349    -6.67163   0.0109109
         203     -6.5975    -6.67127   0.0108633
         204    -6.63416    -6.67109   0.0108116
         205    -6.61079    -6.67079   0.0107628
         206    -6.63951    -6.67064   0.0107116
         207    -6.64808    -6.67053   0.0106604
         208    -6.65598    -6.67046   0.0106094
         209    -6.62479    -6.67024   0.0105609
         210     -6.5544    -6.66969    0.010525
         211    -6.56888    -6.66921    0.010486
         212    -6.65706    -6.66916   0.0104367
         213    -6.70278    -6.66931   0.0103889
         214    -6.72075    -6.66955   0.0103431
         215     -6.7953    -6.67014   0.0103115
         216    -6.79351    -6.67071   0.0102796
         217    -6.76629    -6.67115   0.0102416
         218    -6.75651    -6.67154   0.0102021
         219    -6.79577    -6.67211   0.0101713
         220    -6.68103    -6.67215   0.0101252
         221    -6.72474    -6.67239   0.0100821
         222    -6.71253    -6.67257   0.0100384
         223    -6.78161    -6.67306   0.0100052
         224     -6.6386     -6.6729  0.00996176
         225    -6.59462    -6.67256  0.00992356
         226    -6.61177    -6.67229  0.00988329
         227    -6.58009    -6.67188  0.00984809
         228    -6.48847    -6.67108   0.0098377
         229    -6.55009    -6.67055  0.00980892
         230    -6.66322    -6.67052  0.00976632
         231    -6.72539    -6.67075  0.00972693
         232    -6.70913    -6.67092  0.00968641
         233      -6.744    -6.67123  0.00964992
         234    -6.73844    -6.67152  0.00961295
         235     -6.6987    -6.67164  0.00957274
         236    -6.74755    -6.67196  0.00953758
         237    -6.74659    -6.67227  0.00950253
         238    -6.72751     -6.6725  0.00946544
         239    -6.64164    -6.67238  0.00942672
         240    -6.64326    -6.67225  0.00938822
         241    -6.67891    -6.67228  0.00934931
         242    -6.65386    -6.67221  0.00931098
         243    -6.70946    -6.67236  0.00927393
         244    -6.67165    -6.67236  0.00923592
         245    -6.68761    -6.67242  0.00919843
         246    -6.66291    -6.67238  0.00916112
         247    -6.66634    -6.67235  0.00912407
         248    -6.61302    -6.67212  0.00909041
         249    -6.57223    -6.67171  0.00906275
         250     -6.5306    -6.67115  0.00904406
         251    -6.42202    -6.67016  0.00906233
         252    -6.45485     -6.6693  0.00906655
         253    -6.51374    -6.66869  0.00905154
         254    -6.53643    -6.66817  0.00903087
         255    -6.50181    -6.66752  0.00901899
         256    -6.47605    -6.66677  0.00901471
         257    -6.53127    -6.66624  0.00899504
         258     -6.4842    -6.66553  0.00898781
         259    -6.61933    -6.66536  0.00895488
         260    -6.65194     -6.6653  0.00892058
         261    -6.68237    -6.66537  0.00888664
         262    -6.71527    -6.66556  0.00885477
         263    -6.67174    -6.66558  0.00882113
         264    -6.68901    -6.66567  0.00878816
         265     -6.6963    -6.66579  0.00875576
         266    -6.67228    -6.66581  0.00872288
         267    -6.69811    -6.66593  0.00869105
         268    -6.65723     -6.6659  0.00865868
         269    -6.68111    -6.66596  0.00862667
         270    -6.67993    -6.66601  0.00859488
         271    -6.71248    -6.66618  0.00856487
         272    -6.67871    -6.66623  0.00853351
         273    -6.66532    -6.66622  0.00850225
         274    -6.69304    -6.66632  0.00847178
         275    -6.79311    -6.66678  0.00845351
         276    -6.69884     -6.6669  0.00842368
         277    -6.62733    -6.66676  0.00839448
         278    -6.66996    -6.66677   0.0083643
         279    -6.74451    -6.66705  0.00833896
         280    -6.74876    -6.66734  0.00831428
         281    -6.71936    -6.66752  0.00828675
         282    -6.76943    -6.66788  0.00826524
         283    -6.64879    -6.66782  0.00823631
         284    -6.67901    -6.66786  0.00820741
         285    -6.65583    -6.66781  0.00817872
         286    -6.68884    -6.66789  0.00815045
         287    -6.69766    -6.66799  0.00812271
         288    -6.66269    -6.66797  0.00809453
         289    -6.63727    -6.66787  0.00806722
         290    -6.58896    -6.66759  0.00804399
         291    -6.61779    -6.66742  0.00801816
         292    -6.56563    -6.66707  0.00799828
         293    -6.55779     -6.6667  0.00797967
         294    -6.61161    -6.66651  0.00795473
         295    -6.66089     -6.6665  0.00792779
         296    -6.69308    -6.66658  0.00790151
         297    -6.71018    -6.66673  0.00787627
         298    -6.70657    -6.66687  0.00785098
         299    -6.69341    -6.66695  0.00782522
         300    -6.70488    -6.66708  0.00780016
         301    -6.63815    -6.66698  0.00777484
         302     -6.5909    -6.66673  0.00775317
         303    -6.51528    -6.66623  0.00774368
         304     -6.5978    -6.66601  0.00772148
         305    -6.56011    -6.66566  0.00770396
         306    -6.60591    -6.66547  0.00768126
         307    -6.61419     -6.6653  0.00765806
         308     -6.5968    -6.66508  0.00763642
         309    -6.61705    -6.66492  0.00761329
         310    -6.53793    -6.66451  0.00759975
         311    -6.54327    -6.66412   0.0075853
         312    -6.64144    -6.66405  0.00756134
         313    -6.66858    -6.66406  0.00753719
         314    -6.59704    -6.66385  0.00751621
         315     -6.6105    -6.66368  0.00749426
         316    -6.57056    -6.66339  0.00747633
         317    -6.52342    -6.66294  0.00746578
         318    -6.58656     -6.6627  0.00744616
         319    -6.59342    -6.66249  0.00742599
         320    -6.56938     -6.6622  0.00740848
         321    -6.56842     -6.6619  0.00739115
         322    -6.53511    -6.66151  0.00737868
         323    -6.60093    -6.66132  0.00735822
         324    -6.65996    -6.66132  0.00733551
         325    -6.73211    -6.66154  0.00731617
         326    -6.64806    -6.66149  0.00729385
         327     -6.6746    -6.66153  0.00727165
         328    -6.68847    -6.66162  0.00724995
         329    -6.68649    -6.66169  0.00722831
         330    -6.70187    -6.66181  0.00720743
         331    -6.75095    -6.66208  0.00719068
         332    -6.78946    -6.66247  0.00717925
         333    -6.84595    -6.66302  0.00717881
         334    -6.78228    -6.66337  0.00716619
         335    -6.82517    -6.66386  0.00716105
         336    -6.81911    -6.66432  0.00715463
         337    -6.83295    -6.66482  0.00715088
         338    -6.81906    -6.66528  0.00714426
         339    -6.74695    -6.66552  0.00712725
         340    -6.70415    -6.66563  0.00710719
         341    -6.74895    -6.66588  0.00709055
         342    -6.69731    -6.66597  0.00707041
         343    -6.70604    -6.66608  0.00705076
         344    -6.73566    -6.66629  0.00703317
         345    -6.74531    -6.66652  0.00701651
         346    -6.77277    -6.66682  0.00700295
         347    -6.82621    -6.66728  0.00699782
         348    -6.76079    -6.66755  0.00698286
         349    -6.70994    -6.66767  0.00696391
         350    -6.71278     -6.6678  0.00694521
         351    -6.66564    -6.66779  0.00692542
         352    -6.64674    -6.66773  0.00690601
         353    -6.66385    -6.66772  0.00688645
         354    -6.66838    -6.66773    0.006867
         355    -6.65335    -6.66769  0.00684778
         356    -6.73176    -6.66787  0.00683091
         357    -6.71252    -6.66799  0.00681292
         358     -6.7068     -6.6681  0.00679475
         359    -6.67834    -6.66813  0.00677588
         360    -6.70763    -6.66824  0.00675795
         361    -6.74327    -6.66844  0.00674242
         362    -6.68815     -6.6685  0.00672402
         363    -6.62826    -6.66839  0.00670641
         364    -6.67338     -6.6684    0.006688
         365    -6.65334    -6.66836   0.0066698
         366     -6.7216    -6.66851  0.00665316
         367    -6.71955    -6.66865  0.00663649
         368    -6.83274    -6.66909  0.00663342
         369    -6.83838    -6.66955  0.00663129
         370    -6.79963     -6.6699  0.00662268
         371     -6.7176    -6.67003  0.00660608
         372    -6.66881    -6.67003  0.00658832
         373    -6.76516    -6.67028  0.00657559
         374    -6.67975    -6.67031  0.00655806
         375    -6.66533    -6.67029  0.00654058
         376    -6.73857    -6.67048  0.00652571
         377    -6.73794    -6.67065  0.00651085
         378    -6.70097    -6.67073  0.00649412
         379    -6.72742    -6.67088  0.00647871
         380    -6.75102     -6.6711  0.00646509
         381    -6.64318    -6.67102  0.00644854
         382    -6.77483    -6.67129  0.00643738
         383    -6.75564    -6.67151  0.00642434
         384    -6.67973    -6.67154  0.00640764
         385    -6.80028    -6.67187  0.00639972
         386    -6.76358    -6.67211  0.00638755
         387    -6.84253    -6.67255  0.00638621
         388    -6.78073    -6.67283  0.00637583
         389    -6.73537    -6.67299  0.00636147
         390    -6.69209    -6.67304  0.00634534
         391    -6.67015    -6.67303  0.00632912
         392    -6.81117    -6.67338  0.00632278
         393    -6.81939    -6.67375  0.00631759
         394    -6.84479    -6.67419  0.00631646
         395    -6.77619    -6.67445  0.00630574
         396      -6.765    -6.67467  0.00629396
         397    -6.75599    -6.67488  0.00628144
         398    -6.78017    -6.67514  0.00627123
         399    -6.78796    -6.67543  0.00626188
         400    -6.78188    -6.67569  0.00625188
         401    -6.84039     -6.6761  0.00624976
         402    -6.86083    -6.67656  0.00625109
         403    -6.78358    -6.67683  0.00624122
         404    -6.75799    -6.67703    0.006229
         405    -6.71384    -6.67712  0.00621428
         406    -6.70491    -6.67719  0.00619935
         407    -6.68763    -6.67721  0.00618417
         408    -6.71786    -6.67731  0.00616982
         409     -6.7171    -6.67741   0.0061555
         410    -6.69719    -6.67746  0.00614068
         411    -6.66713    -6.67743  0.00612579
         412    -6.70203    -6.67749  0.00611121
         413     -6.7003    -6.67755  0.00609666
         414    -6.74909    -6.67772  0.00608438
         415    -6.73712    -6.67786  0.00607141
         416    -6.76857    -6.67808  0.00606073
         417    -6.76482    -6.67829  0.00604976
         418    -6.81335    -6.67861  0.00604391
         419    -6.80188    -6.67891  0.00603664
         420     -6.7771    -6.67914  0.00602679
         421    -6.76466    -6.67934   0.0060159
         422    -6.77714    -6.67958  0.00600611
         423    -6.78462    -6.67983  0.00599704
         424    -6.71002     -6.6799  0.00598332
         425    -6.63731     -6.6798  0.00597008
         426    -6.72492     -6.6799    0.005957
         427     -6.7203       -6.68   0.0059438
         428     -6.7215    -6.68009  0.00593071
         429    -6.76604    -6.68029  0.00592027
         430    -6.77286    -6.68051  0.00591041
         431    -6.77481    -6.68073  0.00590074
         432    -6.74563    -6.68088    0.005889
         433     -6.6895     -6.6809  0.00587543
         434    -6.61227    -6.68074  0.00586402
         435    -6.54653    -6.68043  0.00585865
         436    -6.56236    -6.68016  0.00585147
         437    -6.58766    -6.67995  0.00584191
         438    -6.54556    -6.67964  0.00583662
         439    -6.59252    -6.67944   0.0058267
         440    -6.59989    -6.67926  0.00581626
         441    -6.57466    -6.67903  0.00580791
         442    -6.44509     -6.6785  0.00581883
         443    -6.48015    -6.67805   0.0058229
         444     -6.5665     -6.6778   0.0058152
         445    -6.59756    -6.67762  0.00580493
         446    -6.57872     -6.6774  0.00579614
         447    -6.65935    -6.67735  0.00578332
         448    -6.64908    -6.67729  0.00577075
         449    -6.65995    -6.67725  0.00575803
         450    -6.66025    -6.67722  0.00574536
         451    -6.68375    -6.67723  0.00573264
         452    -6.65843    -6.67719  0.00572011
         453    -6.66903    -6.67717  0.00570751
         454     -6.7445    -6.67732  0.00569686
         455    -6.70785    -6.67739  0.00568474
         456    -6.66779    -6.67736  0.00567231
         457    -6.63808    -6.67728  0.00566055
         458    -6.66809    -6.67726  0.00564822
         459    -6.66201    -6.67723  0.00563602
         460    -6.66697     -6.6772  0.00562381
         461    -6.66318    -6.67717  0.00561169
         462    -6.71008    -6.67724      0.0056
         463    -6.66986    -6.67723  0.00558793
         464    -6.69704    -6.67727  0.00557605
         465    -6.66775    -6.67725  0.00556409
         466    -6.64069    -6.67717   0.0055527
         467    -6.62846    -6.67707  0.00554179
         468    -6.71323    -6.67714  0.00553049
         469    -6.79461     -6.6774  0.00552437
         470    -6.77332     -6.6776  0.00551638
         471    -6.71568    -6.67768  0.00550526
         472    -6.75275    -6.67784   0.0054959
         473    -6.76883    -6.67803  0.00548764
         474    -6.78081    -6.67825  0.00548035
         475       -6.61     -6.6781  0.00547069
         476    -6.57653    -6.67789  0.00546336
         477    -6.68334     -6.6779  0.00545192
         478    -6.67166    -6.67789  0.00544053
         479    -6.70494    -6.67795  0.00542946
         480    -6.72496    -6.67804  0.00541903
         481    -6.63082    -6.67795  0.00540866
         482    -6.68353    -6.67796  0.00539745
         483    -6.80193    -6.67821  0.00539237
         484    -6.75986    -6.67838  0.00538387
         485    -6.83639    -6.67871  0.00538262
         486    -6.85605    -6.67907   0.0053839
         487    -6.88287    -6.67949  0.00538908
         488    -6.91401    -6.67997  0.00539942
         489    -6.83519    -6.68029   0.0053977
         490     -6.9193    -6.68078  0.00540868
         491    -6.83759     -6.6811  0.00540708
         492    -6.84213    -6.68142  0.00540599
         493    -6.82176    -6.68171  0.00540252
         494    -6.78237    -6.68191  0.00539542
         495    -6.84385    -6.68224  0.00539443
         496     -6.8376    -6.68255  0.00539264
         497    -6.86513    -6.68292  0.00539429
         498    -6.87926    -6.68331  0.00539784
         499    -6.85735    -6.68366  0.00539828
         500    -6.84125    -6.68398  0.00539668
         501    -6.73789    -6.68409  0.00538698
         502    -6.72628    -6.68417   0.0053769
         503    -6.73481    -6.68427  0.00536716
         504     -6.7136    -6.68433  0.00535682
         505    -6.72021     -6.6844  0.00534669
         506    -6.71555    -6.68446  0.00533647
         507    -6.74737    -6.68459  0.00532739
         508    -6.73239    -6.68468  0.00531773
         509    -6.66786    -6.68465  0.00530739
         510    -6.68044    -6.68464  0.00529699
         511    -6.72756    -6.68472  0.00528729
         512    -6.69333    -6.68474  0.00527699
         513    -6.69217    -6.68475  0.00526672
         514    -6.71307    -6.68481  0.00525676
         515    -6.70745    -6.68485  0.00524674
         516    -6.64975    -6.68479  0.00523701
         517    -6.75213    -6.68492   0.0052285
         518    -6.75194    -6.68504  0.00522001
         519    -6.75132    -6.68517  0.00521152
         520    -6.69112    -6.68518  0.00520151
         521    -6.73002    -6.68527  0.00519223
         522    -6.72579    -6.68535  0.00518287
         523     -6.6956    -6.68537  0.00517299
         524    -6.63131    -6.68526  0.00516415
         525    -6.63685    -6.68517  0.00515514
         526    -6.59671      -6.685  0.00514808
         527    -6.56023    -6.68477  0.00514375
         528    -6.54739    -6.68451  0.00514059
         529    -6.53632    -6.68423   0.0051385
         530    -6.49454    -6.68387  0.00514125
         531    -6.56067    -6.68364   0.0051368
         532    -6.65275    -6.68358  0.00512747
         533    -6.62589    -6.68347  0.00511899
         534    -6.69023    -6.68348  0.00510942
         535    -6.78204    -6.68367  0.00510319
         536    -6.71252    -6.68372  0.00509396
         537    -6.61944     -6.6836  0.00508588
         538    -6.67209    -6.68358  0.00507647
         539    -6.66638    -6.68355  0.00506715
         540    -6.60302     -6.6834  0.00505996
         541    -6.63093     -6.6833  0.00505154
         542    -6.58499    -6.68312  0.00504547
         543     -6.6246    -6.68301  0.00503733
         544    -6.52729    -6.68273   0.0050362
         545    -6.60667    -6.68259  0.00502889
         546    -6.56706    -6.68238  0.00502413
         547    -6.66434    -6.68234  0.00501505
         548    -6.70348    -6.68238  0.00500605
         549    -6.67087    -6.68236  0.00499698
         550    -6.68735    -6.68237   0.0049879
         551    -6.69299    -6.68239  0.00497888
         552     -6.7104    -6.68244  0.00497012
         553    -6.65222    -6.68238  0.00496144
         554    -6.62769    -6.68229  0.00495346
         555    -6.60551    -6.68215  0.00494647
         556    -6.63577    -6.68206  0.00493827
         557    -6.60642    -6.68193  0.00493128
         558    -6.58846    -6.68176  0.00492528
         559    -6.54267    -6.68151  0.00492275
         560    -6.59472    -6.68136   0.0049164
         561    -6.52481    -6.68108  0.00491555
         562    -6.62161    -6.68097  0.00490794
         563    -6.60699    -6.68084  0.00490099
         564    -6.57207    -6.68065  0.00489609
         565      -6.632    -6.68056  0.00488818
         566    -6.73743    -6.68066  0.00488058
         567     -6.7112    -6.68072  0.00487227
         568    -6.61183    -6.68059   0.0048652
         569    -6.58272    -6.68042  0.00485969
         570     -6.5414    -6.68018  0.00485728
         571    -6.65057    -6.68013  0.00484905
         572    -6.68353    -6.68013  0.00484057
         573     -6.6932    -6.68016  0.00483218
         574     -6.6354    -6.68008  0.00482439
         575    -6.66579    -6.68005  0.00481606
         576    -6.73788    -6.68015  0.00480875
         577    -6.77184    -6.68031  0.00480304
         578    -6.70861    -6.68036  0.00479498
         579    -6.68796    -6.68037  0.00478672
         580    -6.69961    -6.68041  0.00477858
         581    -6.74538    -6.68052  0.00477166
         582    -6.73435    -6.68061  0.00476436
         583    -6.82345    -6.68086  0.00476248
         584    -6.79468    -6.68105  0.00475831
         585     -6.7329    -6.68114  0.00475101
         586    -6.72556    -6.68122   0.0047435
         587    -6.85676    -6.68152  0.00474484
         588    -6.81477    -6.68174  0.00474218
         589    -6.81624    -6.68197  0.00473962
         590    -6.81193    -6.68219   0.0047367
         591    -6.71407    -6.68224    0.004729
         592    -6.74676    -6.68235  0.00472226
         593    -6.77728    -6.68251  0.00471701
         594    -6.83208    -6.68277  0.00471579
         595    -6.80981    -6.68298  0.00471269
         596    -6.74431    -6.68308  0.00470591
         597    -6.75871    -6.68321  0.00469973
         598    -6.77703    -6.68337  0.00469449
         599    -6.75403    -6.68348  0.00468814
         600    -6.86411    -6.68378  0.00468998
         601     -6.7469    -6.68389  0.00468335
         602    -6.75276      -6.684  0.00467697
         603    -6.75708    -6.68412  0.00467078
         604    -6.74586    -6.68423  0.00466417
         605    -6.70634    -6.68426   0.0046566
         606    -6.62522    -6.68417  0.00464994
         607    -6.57678    -6.68399  0.00464564
         608    -6.63591    -6.68391  0.00463867
         609    -6.64607    -6.68385  0.00463147
         610    -6.69321    -6.68386   0.0046239
         611    -6.75729    -6.68398   0.0046179
         612    -6.81181    -6.68419  0.00461507
         613    -6.79459    -6.68437  0.00461106
         614    -6.72344    -6.68444  0.00460399
         615    -6.73893    -6.68452  0.00459735
         616     -6.6904    -6.68453   0.0045899
         617    -6.72032    -6.68459  0.00458283
         618    -6.72356    -6.68466  0.00457584
         619    -6.76038    -6.68478  0.00457009
         620    -6.75287    -6.68489  0.00456404
         621    -6.78428    -6.68505  0.00455949
         622    -6.80079    -6.68523  0.00455596
         623    -6.75387    -6.68534  0.00454998
         624    -6.76479    -6.68547  0.00454446
         625    -6.74095    -6.68556  0.00453806
         626    -6.69741    -6.68558  0.00453085
         627    -6.69666     -6.6856  0.00452366
         628    -6.68469     -6.6856  0.00451646
         629    -6.69081     -6.6856  0.00450928
         630    -6.73597    -6.68568  0.00450283
         631    -6.68297    -6.68568   0.0044957
         632    -6.64083    -6.68561  0.00448915
         633     -6.6686    -6.68558  0.00448214
         634    -6.63955    -6.68551  0.00447565
         635    -6.67385    -6.68549  0.00446864
         636    -6.61872    -6.68539  0.00446285
         637    -6.60167    -6.68525  0.00445778
         638    -6.52969    -6.68501  0.00445746
         639    -6.58408    -6.68485  0.00445328
         640    -6.53791    -6.68462  0.00445223
         641    -6.61059    -6.68451  0.00444679
         642    -6.62024    -6.68441  0.00444099
         643    -6.64461    -6.68434  0.00443451
         644    -6.55408    -6.68414  0.00443224
         645    -6.66686    -6.68412  0.00442545
         646    -6.65196    -6.68407  0.00441887
         647    -6.76453    -6.68419  0.00441379
         648    -6.79681    -6.68436   0.0044104
         649    -6.72525    -6.68443  0.00440406
         650    -6.67119    -6.68441  0.00439733
         651    -6.58834    -6.68426  0.00439305
         652    -6.60434    -6.68414  0.00438802
         653    -6.57561    -6.68397  0.00438445
         654    -6.56145    -6.68378  0.00438175
         655     -6.6132    -6.68368  0.00437638
         656    -6.60359    -6.68355  0.00437141
         657    -6.59028    -6.68341  0.00436706
         658    -6.56421    -6.68323  0.00436418
         659    -6.54997    -6.68303  0.00436224
         660    -6.53224     -6.6828  0.00436161
         661    -6.48299     -6.6825  0.00436547
         662    -6.53149    -6.68227  0.00436484
         663     -6.5917    -6.68213  0.00436039
         664    -6.66926    -6.68211  0.00435387
         665    -6.70085    -6.68214  0.00434741
         666    -6.74053    -6.68223  0.00434177
         667    -6.71792    -6.68228  0.00433559
         668    -6.59809    -6.68216  0.00433093
         669    -6.62587    -6.68207  0.00432527
         670    -6.79852    -6.68225  0.00432231
         671    -6.83823    -6.68248  0.00432211
         672    -6.85309    -6.68273  0.00432313
         673    -6.79071    -6.68289  0.00431968
         674    -6.77114    -6.68302  0.00431526
         675    -6.74792    -6.68312  0.00430994
         676    -6.77476    -6.68326  0.00430569
         677    -6.72424    -6.68332  0.00429976
         678     -6.7589    -6.68343  0.00429486
         679    -6.80025     -6.6836  0.00429198
         680    -6.80296    -6.68378  0.00428926
         681    -6.87224    -6.68405  0.00429188
         682    -6.78805     -6.6842  0.00428829
         683    -6.85228    -6.68445  0.00428907
         684    -6.88066    -6.68474  0.00429238
         685    -6.87506    -6.68502   0.0042951
         686    -6.88497    -6.68531  0.00429871
         687    -6.84616    -6.68554  0.00429883
         688    -6.82423    -6.68574   0.0042973
         689    -6.81507    -6.68593  0.00429516
         690    -6.70281    -6.68595  0.00428901
         691    -6.69061    -6.68596  0.00428281
         692    -6.74092    -6.68604  0.00427735
         693    -6.84721    -6.68627   0.0042775
         694    -6.79579    -6.68643  0.00427425
         695    -6.79447    -6.68659  0.00427092
         696    -6.78408    -6.68673  0.00426708
         697    -6.80286    -6.68689  0.00426421
         698    -6.77561    -6.68702     0.00426
         699     -6.7659    -6.68713   0.0042554
         700    -6.70354    -6.68716  0.00424938
         701    -6.72197    -6.68721  0.00424361
         702    -6.71452    -6.68725  0.00423774
         703    -6.70009    -6.68726  0.00423175
         704    -6.70486    -6.68729  0.00422582
         705    -6.72066    -6.68734  0.00422009
         706    -6.76297    -6.68744  0.00421547
         707    -6.74247    -6.68752  0.00421023
         708     -6.7446     -6.6876  0.00420505
         709    -6.71372    -6.68764  0.00419928
         710    -6.75539    -6.68773  0.00419445
         711    -6.77121    -6.68785   0.0041902
         712    -6.79285      -6.688   0.0041869
         713    -6.75221    -6.68809    0.004182
         714    -6.69652     -6.6881  0.00417616
         715    -6.66751    -6.68807  0.00417042
         716    -6.60452    -6.68795  0.00416623
         717    -6.60643    -6.68784  0.00416197
         718    -6.60932    -6.68773  0.00415761
         719    -6.61928    -6.68764  0.00415291
         720    -6.53033    -6.68742  0.00415289
         721    -6.50001    -6.68716  0.00415526
         722     -6.5698      -6.687  0.00415268
         723    -6.59032    -6.68686  0.00414909
         724    -6.69032    -6.68687  0.00414336
         725    -6.74857    -6.68695  0.00413852
         726    -6.76582    -6.68706  0.00413424
         727    -6.72262    -6.68711  0.00412885
         728     -6.7066    -6.68714  0.00412326
         729    -6.78991    -6.68728  0.00412001
         730    -6.73224    -6.68734  0.00411483
         731    -6.72507    -6.68739  0.00410953
         732    -6.68983    -6.68739  0.00410391
         733     -6.6325    -6.68732    0.004099
         734    -6.56203    -6.68715  0.00409697
         735    -6.55958    -6.68697  0.00409507
         736    -6.56397    -6.68681  0.00409291
         737    -6.60084    -6.68669  0.00408902
         738    -6.52912    -6.68648  0.00408905
         739    -6.51801    -6.68625  0.00408987
         740    -6.53465    -6.68604  0.00408947
         741     -6.6116    -6.68594  0.00408518
         742    -6.53969    -6.68575  0.00408443
         743    -6.63113    -6.68567  0.00407959
         744    -6.75045    -6.68576  0.00407504
         745    -6.66013    -6.68573  0.00406971
         746     -6.6991    -6.68574   0.0040643
         747    -6.69578    -6.68576  0.00405888
         748    -6.64037     -6.6857  0.00405391
         749    -6.72054    -6.68574  0.00404876
         750     -6.7346    -6.68581  0.00404389
         751     -6.7616    -6.68591  0.00403976
         752    -6.74819    -6.68599  0.00403524
         753    -6.70651    -6.68602  0.00402997
         754    -6.65252    -6.68597  0.00402487
         755    -6.72941    -6.68603  0.00401995
         756    -6.77412    -6.68615  0.00401632
         757    -6.73549    -6.68621  0.00401154
         758    -6.78018    -6.68634  0.00400817
         759    -6.75076    -6.68642  0.00400379
         760    -6.75241    -6.68651  0.00399946
         761    -6.75672     -6.6866  0.00399527
         762    -6.79412    -6.68674  0.00399251
         763    -6.81419    -6.68691  0.00399077
         764    -6.75244      -6.687  0.00398647
         765     -6.6739    -6.68698   0.0039813
         766    -6.78961    -6.68711  0.00397836
         767    -6.80991    -6.68727  0.00397639
         768    -6.79475    -6.68741  0.00397367
         769    -6.76553    -6.68751   0.0039698
         770    -6.68839    -6.68752  0.00396465
         771    -6.69198    -6.68752  0.00395951
         772    -6.78583    -6.68765  0.00395643
         773    -6.88054     -6.6879  0.00395917
         774    -6.95234    -6.68824  0.00396877
         775    -6.85253    -6.68845  0.00396931
         776    -6.86364    -6.68868  0.00397061
         777    -6.88406    -6.68893  0.00397345
         778    -6.88291    -6.68918  0.00397616
         779    -6.86826    -6.68941  0.00397769
         780    -6.86749    -6.68964  0.00397914
         781    -6.84123    -6.68983  0.00397878
         782    -6.79378    -6.68996  0.00397591
         783    -6.81292    -6.69012  0.00397393
         784    -6.78969    -6.69025  0.00397089
         785     -6.7525    -6.69033  0.00396663
         786    -6.69309    -6.69033  0.00396158
         787    -6.56888    -6.69018  0.00395955
         788    -6.56303    -6.69001  0.00395781
         789    -6.53763    -6.68982  0.00395751
         790     -6.5806    -6.68968  0.00395491
         791    -6.58906    -6.68956  0.00395196
         792     -6.4511    -6.68926  0.00395842
         793    -6.48151    -6.68899  0.00396209
         794    -6.50013    -6.68876  0.00396423
         795    -6.59828    -6.68864  0.00396088
         796     -6.6012    -6.68853  0.00395742
         797    -6.60423    -6.68843  0.00395387
         798    -6.62869    -6.68835  0.00394963
         799    -6.56609     -6.6882  0.00394765
         800      -6.639    -6.68814  0.00394319
         801    -6.61099    -6.68804  0.00393944
         802     -6.6767    -6.68803  0.00393456
         803    -6.71315    -6.68806  0.00392978
         804    -6.64791    -6.68801  0.00392521
         805    -6.72059    -6.68805  0.00392054
         806    -6.75849    -6.68814  0.00391665
         807    -6.82798    -6.68831  0.00391563
         808    -6.73637    -6.68837  0.00391124
         809     -6.6914    -6.68837   0.0039064
         810     -6.6953    -6.68838  0.00390159
         811    -6.72593    -6.68843  0.00389705
         812     -6.6943    -6.68843  0.00389226
         813    -6.79176    -6.68856  0.00388955
         814    -6.80762    -6.68871  0.00388752
         815    -6.76539     -6.6888  0.00388389
         816    -6.71652    -6.68884  0.00387928
         817    -6.74104     -6.6889  0.00387506
         818    -6.79364    -6.68903  0.00387243
         819    -6.78821    -6.68915   0.0038696
         820    -6.81529     -6.6893  0.00386794
         821    -6.79688    -6.68943  0.00386544
         822    -6.73417    -6.68949  0.00386112
         823    -6.77935     -6.6896  0.00385798
         824    -6.75031    -6.68967    0.003854
         825     -6.7771    -6.68978  0.00385078
         826    -6.80575    -6.68992  0.00384868
         827    -6.73463    -6.68997  0.00384441
         828    -6.59537    -6.68986  0.00384146
         829     -6.6316    -6.68979  0.00383747
         830     -6.6542    -6.68974  0.00383309
         831    -6.70249    -6.68976   0.0038285
         832    -6.77079    -6.68986  0.00382514
         833    -6.73005     -6.6899  0.00382085
         834    -6.69232    -6.68991  0.00381627
         835    -6.67709    -6.68989  0.00381173
         836    -6.69159    -6.68989  0.00380717
         837    -6.70172    -6.68991  0.00380265
         838    -6.62387    -6.68983  0.00379893
         839    -6.71863    -6.68986  0.00379456
         840    -6.59928    -6.68976  0.00379157
         841    -6.55269    -6.68959  0.00379056
         842    -6.49763    -6.68936  0.00379291
         843    -6.62736    -6.68929  0.00378913
         844    -6.68678    -6.68929  0.00378464
         845    -6.79544    -6.68941  0.00378224
         846     -6.7709    -6.68951    0.003779
         847    -6.66248    -6.68948  0.00377467
         848    -6.60217    -6.68938  0.00377163
         849    -6.66267    -6.68934  0.00376731
         850    -6.66405    -6.68931    0.003763
         851     -6.6934    -6.68932  0.00375858
         852    -6.71995    -6.68936  0.00375434
         853    -6.70253    -6.68937  0.00374997
         854    -6.65171    -6.68933  0.00374584
         855    -6.68072    -6.68932  0.00374147
         856    -6.68435    -6.68931  0.00373711
         857     -6.6889    -6.68931  0.00373275
         858    -6.68319     -6.6893   0.0037284
         859    -6.71353    -6.68933  0.00372417
         860    -6.78945    -6.68945  0.00372166
         861    -6.84604    -6.68963  0.00372178
         862    -6.74383    -6.68969  0.00371799
         863     -6.7068    -6.68971  0.00371373
         864    -6.69468    -6.68972  0.00370944
         865    -6.75622    -6.68979  0.00370595
         866    -6.79567    -6.68992  0.00370368
         867    -6.81266    -6.69006  0.00370212
         868    -6.79133    -6.69018  0.00369969
         869    -6.80322    -6.69031  0.00369772
         870     -6.8255    -6.69046  0.00369673
         871    -6.79003    -6.69058  0.00369426
         872    -6.74009    -6.69063  0.00369046
         873    -6.77676    -6.69073  0.00368755
         874    -6.80721    -6.69086  0.00368573
         875     -6.8165    -6.69101  0.00368432
         876    -6.75616    -6.69108  0.00368086
         877     -6.7521    -6.69115  0.00367732
         878    -6.70205    -6.69116  0.00367316
         879    -6.64914    -6.69112  0.00366929
         880    -6.66623    -6.69109  0.00366523
         881    -6.64894    -6.69104  0.00366138
         882    -6.65773      -6.691  0.00365742
         883    -6.70848    -6.69102  0.00365333
         884    -6.77627    -6.69112  0.00365047
         885    -6.81028    -6.69125  0.00364883
         886    -6.75087    -6.69132  0.00364533
         887    -6.82904    -6.69148  0.00364453
         888    -6.81993    -6.69162  0.00364329
         889    -6.71876    -6.69165  0.00363932
         890    -6.70885    -6.69167  0.00363529
         891    -6.71588     -6.6917  0.00363131
         892    -6.60815     -6.6916  0.00362844
         893    -6.58666    -6.69149  0.00362628
         894    -6.70999    -6.69151  0.00362229
         895    -6.66958    -6.69148  0.00361832
         896    -6.73167    -6.69153  0.00361456
         897    -6.72779    -6.69157  0.00361076
         898    -6.67257    -6.69155   0.0036068
         899    -6.80347    -6.69167  0.00360494
         900    -6.85837    -6.69186  0.00360569
         901    -6.76594    -6.69194  0.00360262
         902    -6.78399    -6.69204  0.00360007
         903    -6.77271    -6.69213  0.00359719
         904    -6.77085    -6.69222  0.00359427
         905    -6.77297    -6.69231   0.0035914
         906    -6.83472    -6.69246  0.00359088
         907    -6.78952    -6.69257  0.00358851
         908    -6.77313    -6.69266  0.00358566
         909    -6.84244    -6.69282   0.0035855
         910    -6.79521    -6.69294  0.00358332
         911    -6.82194    -6.69308  0.00358219
         912    -6.80025     -6.6932  0.00358018
         913    -6.71628    -6.69322  0.00357635
         914    -6.73933    -6.69327   0.0035728
         915    -6.72973    -6.69331  0.00356911
         916    -6.74974    -6.69337  0.00356575
         917    -6.77721    -6.69346  0.00356303
         918     -6.8463    -6.69363  0.00356304
         919    -6.81643    -6.69376  0.00356167
         920    -6.77057    -6.69385  0.00355877
         921    -6.81768    -6.69398  0.00355745
         922    -6.76719    -6.69406  0.00355448
         923     -6.7719    -6.69415  0.00355162
         924    -6.76961    -6.69423  0.00354872
         925     -6.7217    -6.69426  0.00354501
         926    -6.77675    -6.69435   0.0035423
         927    -6.71462    -6.69437  0.00353854
         928    -6.71023    -6.69439  0.00353477
         929     -6.6615    -6.69435  0.00353115
         930    -6.67227    -6.69433  0.00352743
         931    -6.63329    -6.69426  0.00352425
         932    -6.58244    -6.69414  0.00352251
         933    -6.71636    -6.69416  0.00351881
         934     -6.7496    -6.69422  0.00351555
         935      -6.688    -6.69422  0.00351179
         936     -6.6262    -6.69414  0.00350879
         937    -6.66113    -6.69411  0.00350523
         938    -6.62628    -6.69404  0.00350223
         939    -6.68313    -6.69403  0.00349852
         940    -6.69564    -6.69403   0.0034948
         941    -6.66473      -6.694  0.00349123
         942    -6.62982    -6.69393  0.00348819
         943    -6.69567    -6.69393  0.00348449
         944    -6.70561    -6.69394  0.00348082
         945     -6.7258    -6.69398   0.0034773
         946    -6.67856    -6.69396  0.00347366
         947     -6.6222    -6.69388  0.00347082
         948     -6.6244    -6.69381  0.00346793
         949    -6.65447    -6.69377  0.00346452
         950    -6.66629    -6.69374    0.003461
         951    -6.68326    -6.69373  0.00345738
         952    -6.68412    -6.69372  0.00345376
         953    -6.72743    -6.69375  0.00345032
         954    -6.66893    -6.69373   0.0034468
         955    -6.70189    -6.69374   0.0034432
         956    -6.72995    -6.69377  0.00343981
         957      -6.646    -6.69372  0.00343657
         958    -6.66986     -6.6937  0.00343308
         959     -6.6506    -6.69365  0.00342979
         960    -6.56784    -6.69352  0.00342872
         961    -6.55522    -6.69338  0.00342817
         962    -6.63945    -6.69332  0.00342507
         963    -6.63463    -6.69326  0.00342205
         964    -6.62181    -6.69319  0.00341931
         965    -6.63586    -6.69313  0.00341628
         966     -6.5827    -6.69301  0.00341465
         967    -6.60106    -6.69292  0.00341245
         968    -6.59825    -6.69282  0.00341032
         969    -6.65077    -6.69278  0.00340708
         970    -6.62631    -6.69271  0.00340426
         971    -6.62146    -6.69264  0.00340154
         972    -6.64087    -6.69258  0.00339846
         973    -6.58214    -6.69247  0.00339686
         974    -6.54619    -6.69232  0.00339669
         975    -6.55245    -6.69218  0.00339624
         976     -6.5508    -6.69203  0.00339584
         977    -6.50812    -6.69184  0.00339758
         978    -6.43773    -6.69158  0.00340403
         979     -6.5199    -6.69141  0.00340507
         980    -6.58587     -6.6913  0.00340329
         981    -6.51718    -6.69112  0.00340445
         982    -6.49887    -6.69093  0.00340661
         983    -6.53973    -6.69077  0.00340661
         984    -6.56004    -6.69064  0.00340574
         985    -6.51817    -6.69047  0.00340678
         986    -6.56127    -6.69033  0.00340584
         987    -6.59595    -6.69024  0.00340374
         988    -6.63413    -6.69018  0.00340076
         989    -6.72869    -6.69022  0.00339755
         990    -6.69117    -6.69022  0.00339412
         991    -6.65256    -6.69018   0.0033909
         992    -6.57971    -6.69007  0.00338931
         993    -6.57568    -6.68996  0.00338786
         994    -6.61863    -6.68989  0.00338521
         995    -6.70759     -6.6899  0.00338185
         996    -6.60522    -6.68982  0.00337953
         997    -6.65636    -6.68978   0.0033763
         998    -6.73676    -6.68983  0.00337325
         999     -6.6962    -6.68984  0.00336988
        1000    -6.63524    -6.68978  0.00336695
        1001    -6.63955    -6.68973  0.00336396
        1002    -6.67241    -6.68972  0.00336065
        1003    -6.65536    -6.68968  0.00335747
        1004    -6.69487    -6.68969  0.00335413
        1005    -6.73169    -6.68973  0.00335106
        1006     -6.7517    -6.68979  0.00334829
        1007    -6.67405    -6.68977    0.003345
        1008    -6.69395    -6.68978  0.00334169
        1009    -6.76918    -6.68986   0.0033393
        1010    -6.77445    -6.68994  0.00333704
        1011    -6.81703    -6.69007  0.00333611
        1012    -6.89469    -6.69027  0.00333894
        1013    -6.86532    -6.69044  0.00334011
        1014     -6.8484     -6.6906  0.00334045
        1015    -6.76639    -6.69067  0.00333799
        1016    -6.73978    -6.69072  0.00333505
        1017    -6.76343    -6.69079  0.00333254
        1018    -6.80384     -6.6909  0.00333112
        1019    -6.67734    -6.69089  0.00332787
        1020     -6.6229    -6.69082  0.00332528
        1021    -6.58824    -6.69072  0.00332354
        1022     -6.6134    -6.69065  0.00332115
        1023    -6.57841    -6.69054  0.00331971
        1024    -6.57457    -6.69042   0.0033184
        1025    -6.54245    -6.69028   0.0033183
        1026    -6.55745    -6.69015  0.00331759
        1027    -6.56994    -6.69003  0.00331643
        1028    -6.58991    -6.68994  0.00331463
        1029    -6.59032    -6.68984  0.00331282
        1030    -6.63263    -6.68978  0.00331007
        1031    -6.65378    -6.68975  0.00330705
        1032    -6.68936    -6.68975  0.00330384
        1033    -6.68992    -6.68975  0.00330065
        1034    -6.71528    -6.68977  0.00329755
        1035    -6.74247    -6.68982  0.00329475
        1036    -6.73783    -6.68987   0.0032919
        1037    -6.74725    -6.68993  0.00328919
        1038    -6.76681       -6.69  0.00328685
        1039    -6.78159    -6.69009  0.00328487
        1040    -6.89738    -6.69029  0.00328776
        1041    -6.94107    -6.69053  0.00329341
        1042    -6.80991    -6.69064  0.00329224
        1043    -6.86738    -6.69081  0.00329344
        1044    -6.77962     -6.6909  0.00329139
        1045    -6.74328    -6.69095  0.00328862
        1046    -6.73537    -6.69099  0.00328575
        1047    -6.72766    -6.69102   0.0032828
        1048    -6.69814    -6.69103  0.00327967
        1049    -6.70745    -6.69105  0.00327658
        1050    -6.69062    -6.69105  0.00327346
        1051     -6.6995    -6.69105  0.00327036
        1052    -6.67366    -6.69104  0.00326729
        1053    -6.74822    -6.69109  0.00326464
        1054     -6.6864    -6.69109  0.00326155
        1055    -6.71122    -6.69111  0.00325851
        1056    -6.76472    -6.69118  0.00325617
        1057     -6.7377    -6.69122  0.00325339
        1058    -6.75531    -6.69128  0.00325088
        1059    -6.69731    -6.69129  0.00324781
        1060    -6.71826    -6.69131  0.00324485
        1061    -6.67238    -6.69129  0.00324184
        1062    -6.59111     -6.6912  0.00324016
        1063    -6.62238    -6.69114  0.00323776
        1064    -6.57329    -6.69102  0.00323661
        1065    -6.59536    -6.69094  0.00323481
        1066    -6.62956    -6.69088  0.00323229
        1067    -6.69253    -6.69088  0.00322926
        1068    -6.70217    -6.69089  0.00322626
        1069    -6.65179    -6.69085  0.00322344
        1070    -6.62571    -6.69079  0.00322101
        1071    -6.55027    -6.69066  0.00322067
        1072    -6.64329    -6.69062  0.00321797
        1073     -6.7088    -6.69063  0.00321502
        1074    -6.76074     -6.6907  0.00321268
        1075    -6.71937    -6.69073  0.00320981
        1076    -6.71294    -6.69075  0.00320689
        1077     -6.7206    -6.69077  0.00320403
        1078     -6.7356    -6.69082  0.00320133
        1079    -6.80766    -6.69092  0.00320019
        1080    -6.76705    -6.69099  0.00319801
        1081    -6.66777    -6.69097  0.00319512
        1082    -6.69998    -6.69098  0.00319218
        1083    -6.72271    -6.69101  0.00318937
        1084    -6.68318      -6.691  0.00318643
        1085    -6.76735    -6.69107  0.00318427
        1086    -6.77781    -6.69115  0.00318234
        1087     -6.6659    -6.69113   0.0031795
        1088    -6.60812    -6.69105  0.00317749
        1089    -6.65538    -6.69102  0.00317474
        1090    -6.65722    -6.69099  0.00317198
        1091     -6.6444    -6.69095  0.00316936
        1092    -6.60968    -6.69087  0.00316733
        1093    -6.65631    -6.69084  0.00316459
        1094    -6.66337    -6.69082   0.0031618
        1095    -6.64913    -6.69078  0.00315914
        1096     -6.5703    -6.69067  0.00315817
        1097    -6.56893    -6.69056  0.00315724
        1098    -6.52788    -6.69041  0.00315784
        1099    -6.52102    -6.69026  0.00315872
        1100    -6.56762    -6.69014  0.00315782
        1101    -6.64877    -6.69011  0.00315518
        1102      -6.706    -6.69012  0.00315235
        1103    -6.58261    -6.69002  0.00315099
        1104    -6.51792    -6.68987  0.00315199
        1105    -6.54487    -6.68974  0.00315187
        1106    -6.61675    -6.68967  0.00314971
        1107    -6.60167    -6.68959  0.00314787
        1108    -6.67523    -6.68958  0.00314506
        1109    -6.58015    -6.68948  0.00314377
        1110    -6.62071    -6.68942  0.00314155
        1111    -6.62654    -6.68936  0.00313923
        1112    -6.53959    -6.68923  0.00313929
        1113    -6.61434    -6.68916  0.00313719
        1114    -6.70995    -6.68918  0.00313443
        1115    -6.63329    -6.68913  0.00313202
        1116     -6.6586     -6.6891  0.00312933
        1117     -6.6768    -6.68909  0.00312655
        1118    -6.64882    -6.68905  0.00312396
        1119    -6.67843    -6.68904  0.00312119
        1120     -6.6491    -6.68901   0.0031186
        1121    -6.68211      -6.689  0.00311583
        1122    -6.64057    -6.68896  0.00311335
        1123    -6.68677    -6.68896  0.00311058
        1124    -6.71538    -6.68898   0.0031079
        1125    -6.58417    -6.68889  0.00310653
        1126    -6.62512    -6.68883  0.00310429
        1127    -6.73035    -6.68887  0.00310175
        1128    -6.77911    -6.68895  0.00310004
        1129    -6.70759    -6.68896  0.00309733
        1130     -6.7034    -6.68898  0.00309462
        1131     -6.7175      -6.689  0.00309199
        1132    -6.72243    -6.68903   0.0030894
        1133    -6.70113    -6.68904  0.00308669
        1134    -6.72476    -6.68907  0.00308413
        1135    -6.74876    -6.68913  0.00308186
        1136    -6.70574    -6.68914  0.00307918
        1137    -6.72549    -6.68917  0.00307664
        1138    -6.69295    -6.68918  0.00307393
        1139    -6.73238    -6.68921  0.00307147
        1140    -6.68579    -6.68921  0.00306878
        1141    -6.54621    -6.68908  0.00306865
        1142    -6.61749    -6.68902   0.0030666
        1143    -6.61872    -6.68896  0.00306453
        1144    -6.57446    -6.68886  0.00306349
        1145    -6.68384    -6.68886  0.00306082
        1146    -6.70969    -6.68887   0.0030582
        1147    -6.60629     -6.6888  0.00305638
        1148    -6.58715    -6.68871    0.003055
        1149    -6.57779    -6.68862  0.00305387
        1150    -6.60888    -6.68855    0.003052
        1151    -6.66508    -6.68853  0.00304941
        1152    -6.69153    -6.68853  0.00304677
        1153    -6.72816    -6.68856  0.00304432
        1154    -6.70929    -6.68858  0.00304173
        1155    -6.68834    -6.68858   0.0030391
        1156     -6.6184    -6.68852  0.00303708
        1157    -6.63028    -6.68847  0.00303487
        1158     -6.6101     -6.6884    0.003033
        1159    -6.63886    -6.68836  0.00303069
        1160    -6.67123    -6.68835  0.00302811
        1161    -6.71673    -6.68837   0.0030256
        1162    -6.69887    -6.68838  0.00302301
        1163    -6.73682    -6.68842   0.0030207
        1164    -6.73023    -6.68846  0.00301832
        1165    -6.77973    -6.68854  0.00301674
        1166    -6.68647    -6.68853  0.00301416
        1167    -6.64975     -6.6885  0.00301176
        1168    -6.67695    -6.68849   0.0030092
        1169    -6.59407    -6.68841   0.0030077
        1170    -6.65923    -6.68838  0.00300524
        1171    -6.68828    -6.68838  0.00300267
        1172    -6.67629    -6.68837  0.00300013
        1173    -6.63837    -6.68833  0.00299787
        1174    -6.60676    -6.68826  0.00299612
        1175    -6.57493    -6.68817  0.00299513
        1176    -6.69795    -6.68817  0.00299259
        1177    -6.70416    -6.68819  0.00299008
        1178    -6.70526     -6.6882  0.00298758
        1179    -6.73084    -6.68824  0.00298526
        1180    -6.76389     -6.6883  0.00298342
        1181    -6.69201    -6.68831  0.00298089
        1182    -6.78839    -6.68839  0.00297958
        1183    -6.80236    -6.68849  0.00297861
        1184    -6.88686    -6.68865  0.00298081
        1185    -6.84441    -6.68879  0.00298119
        1186    -6.84239    -6.68892  0.00298149
        1187    -6.69121    -6.68892  0.00297897
        1188    -6.65766    -6.68889  0.00297658
        1189    -6.64443    -6.68885  0.00297431
        1190    -6.67665    -6.68884  0.00297183
        1191    -6.71679    -6.68887  0.00296943
        1192    -6.70111    -6.68888  0.00296696
        1193    -6.70903    -6.68889  0.00296452
        1194    -6.70125     -6.6889  0.00296205
        1195    -6.64217    -6.68887  0.00295983
        1196    -6.68179    -6.68886  0.00295736
        1197    -6.70575    -6.68887  0.00295493
        1198    -6.71284    -6.68889  0.00295253
        1199    -6.72221    -6.68892   0.0029502
        1200    -6.78248      -6.689  0.00294877
        1201     -6.8474    -6.68913  0.00294926
        1202    -6.81021    -6.68923  0.00294853
        1203      -6.795    -6.68932  0.00294739
        1204     -6.7331    -6.68936  0.00294516
        1205    -6.69444    -6.68936  0.00294272
        1206    -6.71675    -6.68938  0.00294037
        1207    -6.71403     -6.6894    0.002938
        1208    -6.67199    -6.68939  0.00293561
        1209    -6.69543    -6.68939  0.00293318
        1210    -6.69239     -6.6894  0.00293076
        1211    -6.73827    -6.68944  0.00292862
        1212    -6.76063     -6.6895  0.00292679
        1213    -6.74115    -6.68954  0.00292469
        1214    -6.78065    -6.68961  0.00292324
        1215    -6.77724    -6.68969  0.00292172
        1216    -6.82456     -6.6898  0.00292143
        1217    -6.79435    -6.68988  0.00292029
        1218    -6.69922    -6.68989   0.0029179
        1219    -6.66358    -6.68987  0.00291559
        1220    -6.68086    -6.68986  0.00291321
        1221    -6.72253    -6.68989  0.00291094
        1222     -6.8073    -6.68998  0.00291015
        1223    -6.76794    -6.69005  0.00290847
        1224    -6.78383    -6.69012   0.0029071
        1225    -6.70892    -6.69014  0.00290477
        1226    -6.64882    -6.69011  0.00290259
        1227    -6.68513     -6.6901  0.00290023
        1228    -6.73514    -6.69014   0.0028981
        1229    -6.78492    -6.69022  0.00289677
        1230    -6.81766    -6.69032  0.00289626
        1231    -6.79021     -6.6904  0.00289505
        1232    -6.82977    -6.69051  0.00289491
        1233    -6.77021    -6.69058  0.00289328
        1234    -6.80973    -6.69067  0.00289255
        1235    -6.78702    -6.69075  0.00289126
        1236    -6.77775    -6.69082  0.00288978
        1237    -6.77218    -6.69089  0.00288819
        1238     -6.7397    -6.69093  0.00288612
        1239    -6.73595    -6.69096  0.00288402
        1240    -6.69007    -6.69096   0.0028817
        1241    -6.68017    -6.69095  0.00287939
        1242    -6.68121    -6.69095  0.00287708
        1243    -6.67364    -6.69093   0.0028748
        1244    -6.65444     -6.6909  0.00287264
        1245    -6.67589    -6.69089  0.00287036
        1246    -6.58148     -6.6908   0.0028694
        1247    -6.60544    -6.69074  0.00286791
        1248    -6.66829    -6.69072  0.00286567
        1249    -6.67656    -6.69071   0.0028634
        1250    -6.70887    -6.69072  0.00286114
        1251     -6.6399    -6.69068  0.00285914
        1252    -6.54373    -6.69056  0.00285927
        1253    -6.57215    -6.69047  0.00285855
        1254    -6.61928    -6.69041  0.00285683
        1255    -6.59818    -6.69034   0.0028555
        1256    -6.56418    -6.69024  0.00285499
        1257     -6.6297    -6.69019  0.00285313
        1258    -6.60003    -6.69012  0.00285176
        1259    -6.57941    -6.69003  0.00285085
        1260    -6.62671    -6.68998  0.00284903
        1261    -6.59618    -6.68991  0.00284774
        1262    -6.60993    -6.68984  0.00284619
        1263    -6.58022    -6.68975  0.00284526
        1264    -6.60716    -6.68969  0.00284376
        1265    -6.61025    -6.68963  0.00284221
        1266    -6.61577    -6.68957  0.00284056
        1267    -6.69513    -6.68957  0.00283832
        1268    -6.75908    -6.68963  0.00283661
        1269    -6.80307    -6.68972  0.00283578
        1270    -6.77475    -6.68978  0.00283434
        1271    -6.83381     -6.6899  0.00283438
        1272    -6.76427    -6.68996  0.00283275
        1273     -6.7632    -6.69001  0.00283111
        1274    -6.70903    -6.69003  0.00282893
        1275     -6.7135    -6.69005  0.00282677
        1276     -6.6518    -6.69002  0.00282471
        1277    -6.70932    -6.69003  0.00282254
        1278    -6.67994    -6.69002  0.00282034
        1279    -6.68383    -6.69002  0.00281814
        1280    -6.67931    -6.69001  0.00281595
        1281    -6.70067    -6.69002  0.00281377
        1282    -6.75527    -6.69007  0.00281203
        1283    -6.75881    -6.69012  0.00281035
        1284    -6.83619    -6.69024  0.00281046
        1285    -6.81438    -6.69033  0.00280994
        1286    -6.88163    -6.69048  0.00281169
        1287      -6.879    -6.69063  0.00281331
        1288    -6.84629    -6.69075  0.00281372
        1289    -6.81633    -6.69085  0.00281323
        1290    -6.89191      -6.691  0.00281536
        1291     -6.8731    -6.69114  0.00281671
        1292    -6.85673    -6.69127  0.00281745
        1293    -6.86056     -6.6914  0.00281831
        1294    -6.77857    -6.69147  0.00281693
        1295     -6.7279     -6.6915   0.0028149
        1296    -6.76037    -6.69155  0.00281323
        1297    -6.81264    -6.69165  0.00281261
        1298    -6.83071    -6.69175  0.00281248
        1299    -6.78551    -6.69182  0.00281124
        1300    -6.82352    -6.69193   0.0028109
        1301    -6.84678    -6.69205  0.00281126
        1302    -6.82264    -6.69215  0.00281089
        1303    -6.82197    -6.69224   0.0028105
        1304    -6.71214    -6.69226  0.00280839
        1305    -6.74981     -6.6923  0.00280658
        1306    -6.76868    -6.69236  0.00280504
        1307    -6.74415     -6.6924  0.00280317
        1308    -6.75985    -6.69245  0.00280151
        1309    -6.76087    -6.69251  0.00279985
        1310    -6.73338    -6.69254  0.00279789
        1311    -6.77329     -6.6926  0.00279643
        1312    -6.73872    -6.69263  0.00279452
        1313    -6.71087    -6.69265  0.00279243
        1314    -6.70596    -6.69266  0.00279032
        1315    -6.68906    -6.69266   0.0027882
        1316    -6.67176    -6.69264  0.00278613
        1317    -6.63718     -6.6926  0.00278433
        1318    -6.62377    -6.69255  0.00278271
        1319    -6.71977    -6.69257  0.00278067
        1320    -6.64297    -6.69253  0.00277882
        1321    -6.64728    -6.69249  0.00277693
        1322    -6.80556    -6.69258  0.00277615
        1323    -6.73063    -6.69261   0.0027742
        1324    -6.68807     -6.6926   0.0027721
        1325    -6.64839    -6.69257  0.00277021
        1326       -6.64    -6.69253  0.00276841
        1327    -6.67075    -6.69252  0.00276637
        1328    -6.66282    -6.69249  0.00276438
        1329    -6.69402    -6.69249   0.0027623
        1330    -6.76281    -6.69255  0.00276073
        1331    -6.74663    -6.69259  0.00275895
        1332    -6.77574    -6.69265  0.00275758
        1333    -6.78018    -6.69272   0.0027563
        1334    -6.77209    -6.69278  0.00275487
        1335    -6.81183    -6.69286  0.00275425
        1336    -6.71045    -6.69288  0.00275222
        1337     -6.7114    -6.69289   0.0027502
        1338    -6.70244     -6.6929  0.00274815
        1339    -6.74688    -6.69294   0.0027464
        1340    -6.77718      -6.693  0.00274507
        1341    -6.74469    -6.69304  0.00274329
        1342    -6.75522    -6.69309  0.00274164
        1343    -6.78884    -6.69316  0.00274052
        1344     -6.6909    -6.69316  0.00273848
        1345    -6.73736    -6.69319  0.00273665
        1346    -6.76822    -6.69324  0.00273518
        1347     -6.7235    -6.69327  0.00273324
        1348    -6.79558    -6.69334  0.00273227
        1349    -6.80554    -6.69343  0.00273151
        1350    -6.73367    -6.69346  0.00272965
        1351    -6.72821    -6.69348  0.00272775
        1352    -6.74869    -6.69352  0.00272604
        1353    -6.66757     -6.6935  0.00272409
        1354    -6.65789    -6.69348   0.0027222
        1355    -6.68783    -6.69347   0.0027202
        1356    -6.63936    -6.69343  0.00271848
        1357     -6.6808    -6.69342   0.0027165
        1358    -6.69937    -6.69343   0.0027145
        1359    -6.69533    -6.69343   0.0027125
        1360     -6.7575    -6.69348  0.00271092
        1361    -6.75863    -6.69352  0.00270935
        1362    -6.77403    -6.69358    0.002708
        1363    -6.73636    -6.69362   0.0027062
        1364     -6.6693     -6.6936  0.00270427
        1365    -6.58402    -6.69352  0.00270348
        1366    -6.60208    -6.69345  0.00270233
        1367     -6.6369    -6.69341  0.00270067
        1368    -6.68323     -6.6934  0.00269871
        1369    -6.66338    -6.69338  0.00269683
        1370    -6.60655    -6.69332   0.0026956
        1371    -6.61438    -6.69326  0.00269425
        1372     -6.5592    -6.69316  0.00269406
        1373    -6.57988    -6.69308  0.00269336
        1374    -6.57508    -6.69299  0.00269277
        1375    -6.65731    -6.69297  0.00269094
        1376     -6.6686    -6.69295  0.00268904
        1377    -6.56803    -6.69286  0.00268862
        1378    -6.61219     -6.6928   0.0026873
        1379    -6.61742    -6.69274  0.00268591
        1380    -6.68494    -6.69274  0.00268397
        1381    -6.70476    -6.69275  0.00268204
        1382    -6.71514    -6.69276  0.00268015
        1383    -6.76917    -6.69282  0.00267878
        1384    -6.79412    -6.69289  0.00267784
        1385    -6.79455    -6.69297  0.00267691
        1386    -6.84951    -6.69308  0.00267737
        1387    -6.80049    -6.69316  0.00267655
        1388    -6.79015    -6.69323  0.00267554
        1389    -6.75793    -6.69327  0.00267402
        1390    -6.79773    -6.69335  0.00267315
        1391    -6.76024     -6.6934  0.00267166
        1392    -6.84677    -6.69351  0.00267201
        1393    -6.74825    -6.69355  0.00267038
        1394    -6.80647    -6.69363   0.0026697
        1395    -6.82808    -6.69372  0.00266952
        1396    -6.83978    -6.69383  0.00266966
        1397    -6.82408    -6.69392  0.00266938
        1398    -6.86162    -6.69404  0.00267016
        1399    -6.79132    -6.69411  0.00266916
        1400    -6.86667    -6.69423  0.00267009
        1401     -6.8735    -6.69436  0.00267125
        1402    -6.87467    -6.69449  0.00267244
        1403     -6.8287    -6.69459  0.00267225
        1404     -6.8276    -6.69468  0.00267202
        1405    -6.77595    -6.69474  0.00267075
        1406     -6.7682    -6.69479  0.00266936
        1407     -6.7422    -6.69482  0.00266767
        1408    -6.69148    -6.69482  0.00266578
        1409    -6.72718    -6.69484  0.00266399
        1410    -6.70589    -6.69485  0.00266211
        1411    -6.60823    -6.69479  0.00266093
        1412    -6.64144    -6.69475  0.00265932
        1413    -6.61255     -6.6947  0.00265807
        1414    -6.64828    -6.69466  0.00265639
        1415    -6.54647    -6.69456  0.00265658
        1416    -6.61691     -6.6945  0.00265527
        1417    -6.59328    -6.69443  0.00265436
        1418    -6.60439    -6.69437  0.00265324
        1419    -6.65759    -6.69434   0.0026515
        1420    -6.61281    -6.69428  0.00265025
        1421    -6.61726    -6.69423  0.00264894
        1422    -6.63413    -6.69419  0.00264742
        1423    -6.63645    -6.69415  0.00264587
        1424    -6.62525     -6.6941  0.00264445
        1425    -6.63213    -6.69406  0.00264295
        1426    -6.62188    -6.69401  0.00264159
        1427    -6.64945    -6.69397  0.00263992
        1428     -6.7059    -6.69398  0.00263808
        1429    -6.69315    -6.69398  0.00263624
        1430    -6.69193    -6.69398  0.00263439
        1431    -6.76558    -6.69403  0.00263303
        1432    -6.75753    -6.69407  0.00263156
        1433    -6.76178    -6.69412  0.00263015
        1434    -6.77266    -6.69418  0.00262889
        1435    -6.82859    -6.69427  0.00262872
        1436    -6.75467    -6.69431  0.00262723
        1437    -6.77004    -6.69437  0.00262593
        1438    -6.71842    -6.69438  0.00262416
        1439    -6.73898    -6.69441  0.00262252
        1440    -6.74435    -6.69445  0.00262092
        1441    -6.68718    -6.69444  0.00261911
        1442    -6.74963    -6.69448  0.00261757
        1443    -6.75739    -6.69452  0.00261612
        1444    -6.75324    -6.69456  0.00261463
        1445    -6.73516    -6.69459  0.00261297
        1446    -6.73952    -6.69462  0.00261135
        1447     -6.6667     -6.6946  0.00260961
        1448    -6.61374    -6.69455  0.00260841
        1449    -6.62144     -6.6945   0.0026071
        1450    -6.67529    -6.69449  0.00260533
        1451    -6.71861     -6.6945  0.00260359
        1452    -6.67446    -6.69449  0.00260183
        1453    -6.77308    -6.69454   0.0026006
        1454    -6.75404    -6.69458  0.00259914
        1455    -6.79413    -6.69465  0.00259825
        1456    -6.77474    -6.69471  0.00259705
        1457    -6.70961    -6.69472  0.00259529
        1458    -6.71752    -6.69473  0.00259355
        1459    -6.69983    -6.69474  0.00259178
        1460    -6.68892    -6.69473  0.00259001
        1461    -6.70555    -6.69474  0.00258824
        1462    -6.71508    -6.69475  0.00258651
        1463     -6.6352    -6.69471  0.00258506
        1464    -6.63741    -6.69467  0.00258359
        1465     -6.5994    -6.69461  0.00258265
        1466    -6.56585    -6.69452  0.00258238
        1467    -6.66635     -6.6945  0.00258069
        1468    -6.57553    -6.69442   0.0025802
        1469    -6.61543    -6.69437  0.00257901
        1470    -6.56538    -6.69428  0.00257875
        1471    -6.56325    -6.69419  0.00257853
        1472    -6.60019    -6.69413  0.00257757
        1473    -6.57398    -6.69404  0.00257711
        1474     -6.5863    -6.69397   0.0025764
        1475     -6.5212    -6.69385  0.00257731
        1476    -6.57918    -6.69378  0.00257674
        1477    -6.61874    -6.69373  0.00257549
        1478    -6.64098    -6.69369    0.002574
        1479     -6.5792    -6.69361  0.00257342
        1480    -6.58255    -6.69354  0.00257278
        1481     -6.5411    -6.69343   0.0025731
        1482    -6.59806    -6.69337  0.00257217
        1483    -6.62036    -6.69332   0.0025709
        1484    -6.70398    -6.69333  0.00256918
        1485    -6.70478    -6.69334  0.00256746
        1486    -6.66182    -6.69331  0.00256582
        1487     -6.6695     -6.6933  0.00256415
        1488    -6.62802    -6.69325   0.0025628
        1489    -6.53341    -6.69315  0.00256332
        1490     -6.5682    -6.69306  0.00256298
        1491    -6.50697    -6.69294  0.00256429
        1492    -6.58821    -6.69287  0.00256354
        1493    -6.55612    -6.69278  0.00256345
        1494    -6.64845    -6.69275  0.00256191
        1495    -6.67639    -6.69274  0.00256022
        1496    -6.65123    -6.69271  0.00255866
        1497    -6.72856    -6.69273  0.00255706
        1498    -6.76016    -6.69278  0.00255575
        1499    -6.80764    -6.69285  0.00255519
        1500    -6.80053    -6.69293   0.0025545
           1    -6.69535    -6.69535           0
           2    -6.66975    -6.68255  0.00905025
           3    -6.69766    -6.68759  0.00730103
           4    -6.67942    -6.68555   0.0057539
           5    -6.69666    -6.68777  0.00501398
           6    -6.68916      -6.688  0.00418367
           7    -6.68704    -6.68786  0.00358826
           8    -6.70523    -6.69003   0.0037389
           9    -6.68612     -6.6896  0.00334867
          10    -6.68271    -6.68891  0.00308394
          11    -6.67992    -6.68809  0.00290988
          12    -6.67282    -6.68682  0.00293268
          13    -6.67042    -6.68556  0.00296587
          14     -6.6866    -6.68563  0.00275495
          15    -6.69286    -6.68611  0.00261314
          16    -6.68613    -6.68612  0.00244982
          17    -6.68165    -6.68585  0.00231972
          18    -6.68128     -6.6856  0.00220469
          19    -6.68412    -6.68552  0.00209004
          20    -6.68081    -6.68529  0.00199878
          21    -6.67438    -6.68477  0.00196991
          22    -6.67143    -6.68416  0.00197141
          23    -6.68731     -6.6843  0.00189046
          24    -6.66944    -6.68368  0.00191031
          25    -6.70041    -6.68435  0.00194756
          26    -6.66959    -6.68378  0.00195365
          27    -6.66773    -6.68319  0.00196967
          28    -6.66802    -6.68264  0.00197239
          29    -6.67701    -6.68245  0.00191393
          30    -6.67804     -6.6823  0.00185578
          31    -6.67332    -6.68201  0.00181839
          32    -6.67266    -6.68172  0.00178491
          33    -6.69012    -6.68197  0.00174887
          34     -6.6785    -6.68187  0.00170041
          35    -6.66937    -6.68152   0.0016889
          36    -6.69625    -6.68192  0.00169086
          37    -6.69151    -6.68218  0.00166489
          38    -6.67478    -6.68199  0.00163243
          39    -6.68724    -6.68212  0.00159611
          40    -6.68298    -6.68214  0.00155635
          41    -6.69101    -6.68236  0.00153335
          42    -6.66914    -6.68205   0.0015288
          43    -6.69317    -6.68231  0.00151498
          44    -6.68948    -6.68247  0.00148929
          45    -6.69651    -6.68278  0.00148853
          46    -6.68993    -6.68294  0.00146427
          47    -6.67136    -6.68269  0.00145369
          48    -6.69053    -6.68285  0.00143256
          49     -6.6803     -6.6828  0.00140427
          50    -6.68989    -6.68294  0.00138332
          51    -6.66344    -6.68256  0.00140805
          52     -6.6811    -6.68253  0.00138125
          53    -6.68379    -6.68256  0.00135539
          54    -6.66766    -6.68228  0.00135806
          55    -6.67551    -6.68216  0.00133893
          56    -6.68146    -6.68214  0.00131508
          57    -6.68524     -6.6822  0.00129312
          58     -6.6903    -6.68234  0.00127835
          59      -6.692     -6.6825  0.00126713
          60    -6.68389    -6.68253  0.00124623
          61    -6.67548    -6.68241  0.00123113
          62    -6.69754    -6.68265  0.00123522
          63    -6.69929    -6.68292   0.0012435
          64    -6.67793    -6.68284  0.00122652
          65    -6.69089    -6.68296  0.00121389
          66    -6.68619    -6.68301  0.00119648
          67    -6.69907    -6.68325   0.0012024
          68    -6.69005    -6.68335  0.00118886
          69    -6.69377     -6.6835  0.00118117
          70      -6.679    -6.68344  0.00116605
          71    -6.69449    -6.68359  0.00115997
          72    -6.68195    -6.68357  0.00114409
          73    -6.68175    -6.68355  0.00112869
          74    -6.68046    -6.68351  0.00111421
          75    -6.68653    -6.68355  0.00110008
          76    -6.66478     -6.6833  0.00111296
          77    -6.68525    -6.68332   0.0010988
          78    -6.69351    -6.68345  0.00109244
          79    -6.67124     -6.6833  0.00108949
          80    -6.68972    -6.68338  0.00107882
          81    -6.66605    -6.68317  0.00108651
          82    -6.69069    -6.68326  0.00107712
          83    -6.68814    -6.68332  0.00106575
          84    -6.67456    -6.68321  0.00105815
          85    -6.68647    -6.68325  0.00104639
          86    -6.68433    -6.68326   0.0010343
          87    -6.67486    -6.68317  0.00102691
          88    -6.68056    -6.68314  0.00101567
          89    -6.69509    -6.68327  0.00101309
          90    -6.68029    -6.68324  0.00100238
          91    -6.68236    -6.68323 0.000991407
          92    -6.66565    -6.68304 0.000998873
          93    -6.68686    -6.68308 0.000988978
          94    -6.67642    -6.68301 0.000980993
          95    -6.69444    -6.68313 0.000978022
          96    -6.67502    -6.68304 0.000971471
          97    -6.70877    -6.68331 0.000996998
          98    -6.69334    -6.68341 0.000992068
          99    -6.68039    -6.68338 0.000982517
         100    -6.67617    -6.68331 0.000975335
