           1     3.81794     3.81794           0
           2     4.50385     4.16089    0.242503
           3     5.17537     4.49905    0.319954
           4     5.44019     4.73434    0.314806
           5     5.76638     4.94075    0.312265
           6     6.52061     5.20406    0.354248
           7     6.80824     5.43323    0.370424
           8     7.11679     5.64367    0.379217
           9     7.14401     5.81038    0.371923
          10     7.32824     5.96216     0.36439
          11     7.21726     6.07626     0.34867
          12     7.14449     6.16528    0.330782
          13     7.62298     6.27741    0.323786
          14     7.90191     6.39345    0.320777
          15     8.12615     6.50896    0.319514
          16     7.90081     6.59595    0.311161
          17     8.13089     6.68624    0.305677
          18     8.60821     6.79302    0.306778
          19     8.58655     6.88741    0.304809
          20     8.61067     6.97358    0.301501
          21     8.60751     7.05138    0.297013
          22      8.7756     7.12976    0.293671
          23     8.50972     7.18976    0.286966
          24     8.23554     7.23333    0.278298
          25     8.31761      7.2767    0.270524
          26     9.11755      7.3475    0.269226
          27     8.57246     7.39287    0.263049
          28     8.70903     7.43988     0.25782
          29      8.8297      7.4878    0.253345
          30      9.0307     7.53923    0.250066
          31     8.79028     7.57959    0.245234
          32     8.62947      7.6124    0.239755
          33     8.70662     7.64556    0.234771
          34     8.46323      7.6696    0.229095
          35     8.31708      7.6881    0.223295
          36     8.41415     7.70827    0.218001
          37     9.27927     7.75073    0.216205
          38     9.42512     7.79479    0.214958
          39     9.51953     7.83902    0.213947
          40     9.89162     7.89033    0.214664
          41     10.3125     7.94941    0.217406
          42      10.147     8.00173    0.218435
          43     9.42732     8.03489    0.215856
          44     9.79202     8.07482    0.214613
          45     10.0202     8.11805    0.214153
          46     10.3891     8.16742    0.215114
          47     9.80973     8.20236    0.213356
          48     9.05703     8.22017    0.209653
          49      8.7715     8.23142    0.205676
          50     8.64385     8.23967    0.201728
          51     8.63066     8.24734    0.197918
          52     8.77836     8.25755    0.194375
          53     8.60666     8.26414    0.190819
          54     8.48944     8.26831    0.187331
          55      8.8306     8.27853    0.184204
          56     9.07305     8.29272     0.18146
          57     9.19059     8.30847    0.178959
          58     8.87351     8.31821    0.176138
          59     8.69292     8.32456    0.173267
          60     8.95654      8.3351    0.170699
          61     8.91755     8.34465    0.168168
          62     9.07361      8.3564    0.165866
          63     9.17637     8.36942    0.163743
          64     9.03053     8.37975     0.16151
          65     8.90747     8.38787    0.159229
          66     9.11108     8.39883    0.157193
          67     9.04479     8.40847    0.155142
          68     9.17336     8.41971    0.153268
          69      9.2109     8.43118    0.151475
          70     9.11585     8.44096    0.149627
          71     9.61656     8.45752    0.148433
          72     9.86604     8.47708    0.147655
          73     9.47236     8.49072     0.14626
          74     9.41326     8.50318    0.144814
          75     9.82794     8.52085    0.143956
          76     9.87012      8.5386    0.143153
          77     9.75401     8.55439    0.142161
          78     9.54888     8.56714    0.140909
          79     9.66445     8.58103    0.139808
          80     9.81643     8.59647    0.138911
          81     9.69968     8.61009    0.137862
          82     9.67967     8.62313    0.136797
          83     9.39986     8.63249    0.135468
          84     9.14851     8.63863    0.133995
          85     9.17338     8.64492    0.132566
          86      8.4312     8.64244    0.131048
          87     8.38753     8.63951    0.129574
          88     8.35126     8.63623    0.128143
          89     8.86098     8.63876    0.126728
          90     8.78948     8.64043    0.125331
          91      8.9467      8.6438    0.123999
          92     9.09881     8.64874     0.12275
          93     8.82305     8.65062    0.121444
          94     9.06601     8.65504    0.120233
          95     9.28196     8.66164    0.119148
          96     9.33294     8.66863    0.118112
          97     9.05621     8.67263    0.116962
          98     9.29766       8.679    0.115942
          99      9.3059     8.68534    0.114944
         100     9.40098     8.69249    0.114017
         101     9.79618     8.70342     0.11341
         102     9.58993     8.71211    0.112631
         103     9.46314      8.7194    0.111773
         104      9.2578     8.72458    0.110818
         105     9.03266     8.72751    0.109802
         106     8.96684     8.72977    0.108789
         107      8.7275     8.72975    0.107772
         108     9.16426     8.73377     0.10685
         109     9.34005     8.73934    0.106014
         110     9.06119     8.74226    0.105091
         111     8.69442     8.74183    0.104145
         112     8.62943     8.74083     0.10322
         113     8.55611     8.73919    0.102319
         114     8.44958     8.73665    0.101453
         115     8.66275     8.73601    0.100573
         116     8.41916     8.73328   0.0997432
         117     8.67376     8.73277    0.098892
         118     8.63355     8.73193   0.0980575
         119     8.68341     8.73152   0.0972343
         120     8.83327     8.73237   0.0964277
         121     8.65609     8.73174   0.0956329
         122     8.97722     8.73375   0.0948701
         123     8.36758     8.73077   0.0941455
         124     8.23984     8.72681   0.0934695
         125     8.68862     8.72651   0.0927223
         126     8.45874     8.72438   0.0920107
         127     8.34001     8.72136    0.091336
         128      8.4365     8.71913   0.0906495
         129     8.82911     8.71998   0.0899508
         130     8.78331     8.72047   0.0892602
         131      8.9519     8.72224   0.0885963
         132       8.793     8.72277   0.0879268
         133     8.92376     8.72428   0.0872786
         134     8.95818     8.72603   0.0866448
         135     9.47282     8.73156   0.0861794
         136     8.80041     8.73207   0.0855472
         137     8.71947     8.73198   0.0849228
         138     8.33346     8.72909   0.0843565
         139     8.70875     8.72894   0.0837497
         140     8.62285     8.72818    0.083155
         141     8.66554     8.72774   0.0825664
         142     8.54198     8.72643   0.0819953
         143      8.6234     8.72571   0.0814251
         144     8.80445     8.72626   0.0808615
         145     8.91963     8.72759   0.0803148
         146     8.80937     8.72815   0.0797666
         147     8.96194     8.72974   0.0792399
         148     8.57686     8.72871   0.0787112
         149     8.94027     8.73013   0.0781957
         150     9.06485     8.73236   0.0777063
         151       9.491     8.73738   0.0773539
         152     9.50635     8.74244   0.0770102
         153     9.72264     8.74885   0.0767729
         154     9.32864     8.75261   0.0763667
         155     9.35125     8.75648   0.0759716
         156     9.05524     8.75839   0.0755087
         157     8.96216     8.75969   0.0750389
         158      8.5958     8.75865   0.0745712
         159     8.82065     8.75904   0.0741032
         160      9.0156     8.76065   0.0736574
         161     8.87876     8.76138   0.0732035
         162       9.167     8.76388   0.0727945
         163     9.04704     8.76562   0.0723686
         164     8.95644     8.76678   0.0719367
         165     8.73138     8.76657    0.071501
         166     8.63953      8.7658   0.0710744
         167     8.78695     8.76593   0.0706489
         168     8.73928     8.76577   0.0702286
         169     8.49642     8.76418   0.0698311
         170     8.56641     8.76302     0.06943
         171     8.78226     8.76313   0.0690241
         172     8.82687      8.7635   0.0686238
         173     9.12666      8.7656   0.0682592
         174     9.82322     8.77168    0.068137
         175       9.318      8.7748   0.0678191
         176     8.95013     8.77579   0.0674411
         177     8.52742     8.77439   0.0670747
         178     8.72967     8.77414   0.0666983
         179     8.51478     8.77269   0.0663414
         180     8.46162     8.77096   0.0659954
         181     8.41525       8.769     0.06566
         182     8.93054     8.76988   0.0653052
         183     8.95469     8.77089   0.0649562
         184     8.83481     8.77124   0.0646041
         185     9.07882      8.7729   0.0642763
         186      9.2061     8.77523   0.0639729
         187     9.15387     8.77726   0.0636628
         188     9.51921      8.7812   0.0634464
         189     9.02242     8.78248   0.0631235
         190     8.81759     8.78267   0.0627916
         191     9.38026     8.78579   0.0625407
         192     8.46677     8.78413   0.0622371
         193     8.57816     8.78307   0.0619237
         194     8.99807     8.78417   0.0616145
         195     9.02876     8.78543   0.0613113
         196     9.07922     8.78693   0.0610168
         197     9.08542     8.78844   0.0607258
         198     8.98492     8.78943   0.0604273
         199     8.48023     8.78788   0.0601436
         200     8.46251     8.78625   0.0598648
         201     8.35719     8.78412   0.0596051
         202     8.58959     8.78316   0.0593178
         203      9.2321     8.78537   0.0590668
         204     9.04086     8.78662   0.0587905
         205     9.18925     8.78858   0.0585365
         206     8.99295     8.78958   0.0582608
         207     8.94932     8.79035   0.0579844
         208     8.91985     8.79097    0.057709
         209     9.15468     8.79271   0.0574591
         210     9.47236     8.79595   0.0572766
         211     9.39565     8.79879   0.0570756
         212     8.88898     8.79922    0.056808
         213     8.66863      8.7986   0.0565446
         214     8.54411     8.79741   0.0562928
         215     8.13867     8.79435   0.0561143
         216     8.16529     8.79144   0.0559301
         217     8.36008     8.78945   0.0557076
         218      8.4087      8.7877   0.0554795
         219     8.17521     8.78491   0.0552966
         220     8.76411     8.78481   0.0550453
         221       8.544     8.78372    0.054807
         222     8.59299     8.78286   0.0545669
         223     8.18853      8.7802   0.0543872
         224     8.93702      8.7809   0.0541489
         225     9.17369     8.78264   0.0539364
         226     9.05078     8.78383   0.0537108
         227     9.22086     8.78575   0.0535087
         228     9.77222     8.79008   0.0534486
         229     9.46088     8.79301   0.0532954
         230     8.86889     8.79334   0.0530647
         231     8.49663     8.79206   0.0528506
         232     8.56552     8.79108   0.0526318
         233     8.37818     8.78931   0.0524357
         234     8.40189     8.78765   0.0522378
         235     8.61572     8.78692   0.0520206
         236     8.34061     8.78503   0.0518345
         237     8.37902     8.78332   0.0516441
         238     8.46284     8.78197   0.0514447
         239     8.95781     8.78271   0.0512347
         240     8.96518     8.78347   0.0510269
         241     8.77276     8.78342   0.0508151
         242     8.89115     8.78387   0.0506071
         243     8.53984     8.78286   0.0504088
         244     8.79605     8.78292   0.0502023
         245     8.69227     8.78255   0.0499987
         246     8.85658     8.78285   0.0497964
         247      8.8377     8.78307   0.0495953
         248     9.11894     8.78442   0.0494138
         249     9.32768     8.78661   0.0492635
         250     9.60053     8.78986   0.0491739
         251     10.2098     8.79552   0.0493023
         252     9.97582      8.8002   0.0493286
         253      9.6327     8.80349   0.0492433
         254     9.45596     8.80606   0.0491163
         255     9.67538     8.80947   0.0490419
         256     9.88071     8.81365   0.0490285
         257     9.56795     8.81659   0.0489255
         258     9.84878     8.82059   0.0488992
         259     9.05364     8.82149   0.0487187
         260     8.87554      8.8217   0.0485317
         261     8.69303      8.8212   0.0483483
         262      8.4916     8.81995   0.0481801
         263     8.72168     8.81957   0.0479984
         264      8.6563     8.81895   0.0478205
         265     8.58174     8.81806   0.0476485
         266     8.76476     8.81786   0.0474698
         267     8.61493      8.8171   0.0472981
         268     8.86803     8.81729    0.047122
         269      8.7187     8.81692   0.0469482
         270     8.71205     8.81653   0.0467759
         271     8.55512     8.81557   0.0466133
         272     8.76089     8.81537   0.0464423
         273     8.80574     8.81533   0.0462722
         274     8.63032     8.81466   0.0461083
         275     8.10644     8.81208   0.0460125
         276     8.59789     8.81131   0.0458523
         277     8.97764     8.81191   0.0456907
         278      8.7713     8.81176   0.0455266
         279     8.36736     8.81017   0.0453913
         280     8.33056     8.80846   0.0452615
         281     8.53494     8.80748   0.0451108
         282     8.32304     8.80576   0.0449836
         283     8.98617      8.8064   0.0448291
         284     8.81902     8.80645   0.0446713
         285     8.94863     8.80695   0.0445174
         286     8.72793     8.80667   0.0443626
         287     8.68098     8.80623   0.0442102
         288     8.87386     8.80647   0.0440573
         289     9.00209     8.80714     0.04391
         290     9.29401     8.80882   0.0437907
         291     9.17241     8.81007    0.043658
         292     9.46765     8.81232   0.0435666
         293     9.52705     8.81476   0.0434861
         294     9.18132     8.81601   0.0433561
         295     8.91694     8.81635   0.0432104
         296     8.73662     8.81608   0.0430653
         297     8.68474     8.81564   0.0429226
         298     8.71761     8.81531   0.0427798
         299     8.78917     8.81522   0.0426368
         300     8.70644     8.81486   0.0424962
         301     9.07868     8.81574   0.0423641
         302     9.35131     8.81751   0.0422609
         303     9.69825     8.82042   0.0422213
         304     9.26802     8.82189   0.0421081
         305      9.4384     8.82391   0.0420185
         306      9.1931     8.82512   0.0418985
         307     9.14177     8.82615   0.0417747
         308     9.24805     8.82752   0.0416615
         309     9.12651     8.82849   0.0415379
         310     9.55042     8.83082   0.0414692
         311     9.50598     8.83299   0.0413926
         312     9.00423     8.83353   0.0412636
         313     8.84681     8.83358   0.0411318
         314     9.24008     8.83487   0.0410211
         315     9.14121     8.83584   0.0409024
         316     9.37413     8.83755   0.0408085
         317      9.6308     8.84005   0.0407564
         318     9.28267     8.84144    0.040652
         319     9.22834     8.84265   0.0405426
         320     9.35563     8.84426   0.0404476
         321     9.39303     8.84597   0.0403577
         322     9.56992     8.84822    0.040295
         323     9.18069     8.84925   0.0401834
         324     8.85643     8.84927   0.0400593
         325     8.48615     8.84815   0.0399517
         326     8.95458     8.84848   0.0398304
         327     8.79303     8.84831    0.039709
         328     8.66277     8.84774    0.039592
         329     8.67821     8.84723    0.039475
         330      8.6108     8.84651   0.0393619
         331     8.35419     8.84502    0.039271
         332      8.1402      8.8429   0.0392101
         333      7.8315     8.83986   0.0392098
         334     8.17777     8.83788   0.0391425
         335     7.91975     8.83514   0.0391215
         336     7.98045      8.8326   0.0390876
         337     7.92163     8.82989    0.039065
         338     8.00613     8.82746   0.0390254
         339     8.39093     8.82617   0.0389315
         340     8.59665     8.82549   0.0388229
         341     8.34679     8.82409   0.0387344
         342     8.64188     8.82356   0.0386248
         343     8.55421     8.82277   0.0385202
         344       8.422     8.82161   0.0384258
         345     8.36284     8.82028   0.0383374
         346     8.24781     8.81862   0.0382623
         347      7.9313     8.81606   0.0382374
         348     8.29863     8.81458   0.0381564
         349     8.55671     8.81384   0.0380542
         350     8.54215     8.81306   0.0379534
         351     8.81858     8.81308   0.0378453
         352     8.92556      8.8134   0.0377391
         353     8.82298     8.81342   0.0376322
         354     8.78965     8.81336    0.037526
         355     8.88512     8.81356   0.0374208
         356     8.45547     8.81255   0.0373292
         357     8.59629     8.81195   0.0372296
         358     8.63426     8.81145   0.0371289
         359     8.79145      8.8114   0.0370255
         360     8.63351      8.8109   0.0369259
         361      8.4339     8.80986   0.0368384
         362     8.71553      8.8096   0.0367376
         363     9.01567     8.81016   0.0366408
         364     8.75319     8.81001   0.0365404
         365      8.8243     8.81005   0.0364403
         366     8.50023      8.8092   0.0363506
         367     8.52264     8.80842     0.03626
         368     7.89603     8.80594   0.0362461
         369     7.87222     8.80341   0.0362361
         370     8.07388     8.80144   0.0361917
         371     8.52959     8.80071   0.0361016
         372     8.77516     8.80064   0.0360046
         373     8.27084     8.79922   0.0359361
         374     8.77647     8.79916   0.0358401
         375     8.90122     8.79943   0.0357455
         376     8.45937     8.79852   0.0356619
         377     8.45648     8.79762   0.0355788
         378     8.62851     8.79717   0.0354875
         379     8.46225     8.79629   0.0354049
         380     8.31997     8.79503   0.0353339
         381     8.92552     8.79537   0.0352428
         382     8.20922     8.79384    0.035184
         383     8.31378     8.79259   0.0351144
         384     8.70986     8.79237   0.0350236
         385     8.05686     8.79046   0.0349847
         386     8.27441     8.78912   0.0349196
         387     7.81923     8.78662   0.0349192
         388     8.17952     8.78505   0.0348643
         389     8.43297     8.78415   0.0347864
         390     8.67244     8.78386   0.0346984
         391     8.77484     8.78384   0.0346096
         392     7.98237     8.78179   0.0345817
         393     7.97804     8.77975   0.0345541
         394     7.85308      8.7774   0.0345464
         395     8.22479       8.776   0.0344872
         396     8.29098     8.77477   0.0344219
         397     8.33781     8.77367   0.0343527
         398     8.18894      8.7722   0.0342978
         399     8.13607     8.77061   0.0342489
         400     8.14855     8.76905   0.0341986
         401     7.84526     8.76675   0.0341908
         402     7.77232     8.76428   0.0341951
         403      8.1886     8.76285   0.0341401
         404      8.3421     8.76181   0.0340715
         405     8.55858      8.7613    0.033991
         406     8.68355     8.76111   0.0339079
         407     8.75177     8.76109   0.0338245
         408     8.58536     8.76066   0.0337444
         409     8.59309     8.76025   0.0336644
         410     8.68599     8.76007   0.0335828
         411     8.87204     8.76034   0.0335021
         412     8.68034     8.76015   0.0334214
         413       8.665     8.75992   0.0333413
         414     8.38817     8.75902   0.0332728
         415     8.46957     8.75832      0.0332
         416     8.30888     8.75724   0.0331377
         417     8.30995     8.75617   0.0330756
         418     7.99774     8.75435   0.0330462
         419     8.08221     8.75275   0.0330063
         420     8.22241     8.75149   0.0329518
         421     8.29788     8.75041   0.0328911
         422     8.20401     8.74911   0.0328387
         423     8.17353     8.74775   0.0327892
         424     8.60379     8.74741   0.0327137
         425     8.97939     8.74796   0.0326412
         426     8.48285     8.74734   0.0325705
         427     8.48203     8.74672   0.0325002
         428     8.49368     8.74612   0.0324296
         429      8.2797     8.74504   0.0323723
         430     8.22053     8.74382   0.0323199
         431      8.2312     8.74263   0.0322668
         432     8.41172     8.74186   0.0322012
         433     8.68691     8.74174   0.0321271
         434      9.0881     8.74253    0.032063
         435     9.46239     8.74419    0.032032
         436     9.35179     8.74558   0.0319888
         437     9.20555     8.74663   0.0319329
         438     9.44583     8.74823   0.0318999
         439     9.19616     8.74925   0.0318435
         440     9.17326     8.75021   0.0317857
         441     9.31941     8.75151   0.0317399
         442     9.96182     8.75424   0.0317859
         443     9.81372     8.75664    0.031804
         444     9.37425     8.75803   0.0317628
         445     9.19682     8.75901   0.0317067
         446     9.29565     8.76022   0.0316585
         447     8.87914     8.76048   0.0315888
         448     8.98153     8.76098   0.0315221
         449     8.90954     8.76131   0.0314536
         450     8.93901      8.7617   0.0313862
         451     8.74936     8.76167   0.0313166
         452     8.90923       8.762   0.0312491
         453     8.86192     8.76222   0.0311809
         454     8.43334      8.7615   0.0311206
         455      8.6154     8.76118   0.0310538
         456     8.80688     8.76128   0.0309859
         457     8.94897     8.76169   0.0309208
         458     8.76385     8.76169   0.0308533
         459     8.83065     8.76184   0.0307865
         460     8.80099     8.76193   0.0307197
         461     8.83429     8.76208   0.0306534
         462     8.52549     8.76157   0.0305913
         463     8.75093     8.76155   0.0305253
         464     8.60806     8.76122   0.0304613
         465     8.78997     8.76128   0.0303958
         466      8.9284     8.76164   0.0303327
         467     9.00412     8.76216   0.0302722
         468     8.53241     8.76167   0.0302115
         469      8.0689     8.76019   0.0301832
         470     8.22146     8.75904   0.0301407
         471     8.55546     8.75861   0.0300798
         472     8.32223     8.75769   0.0300303
         473     8.22408     8.75656    0.029988
         474     8.11261      8.7552   0.0299555
         475     9.08235     8.75589   0.0299003
         476      9.2789     8.75699   0.0298577
         477     8.66221     8.75679   0.0297958
         478     8.74155     8.75676   0.0297335
         479     8.56044     8.75635   0.0296742
         480     8.46386     8.75574   0.0296186
         481     8.98445     8.75621   0.0295609
         482     8.66492     8.75602   0.0295002
         483     8.03632     8.75453   0.0294767
         484     8.27714     8.75355   0.0294323
         485     7.83706     8.75166   0.0294322
         486     7.74293     8.74958   0.0294447
         487     7.61592     8.74725   0.0294761
         488     7.43433     8.74456   0.0295383
         489     7.85819     8.74275   0.0295334
         490     7.42068     8.74005   0.0295962
         491     7.89852     8.73834   0.0295855
         492      7.8764     8.73659   0.0295772
         493     8.00564      8.7351   0.0295543
         494     8.22215     8.73407   0.0295127
         495     7.90234     8.73239   0.0295009
         496      7.9293     8.73077   0.0294858
         497      7.7743     8.72884   0.0294892
         498     7.67531     8.72673   0.0295058
         499     7.80771     8.72488   0.0295041
         500     7.88878     8.72321   0.0294924
         501     8.42056     8.72261   0.0294397
         502     8.51094     8.72219   0.0293841
         503     8.47683      8.7217   0.0293297
         504     8.55178     8.72136   0.0292735
         505     8.51412     8.72095   0.0292184
         506      8.5219     8.72056   0.0291633
         507     8.36499     8.71986   0.0291142
         508     8.46519     8.71936   0.0290612
         509     8.82084     8.71955   0.0290048
         510     8.72411     8.71956   0.0289479
         511     8.44522     8.71903   0.0288963
         512     8.62942     8.71885   0.0288403
         513      8.6699     8.71876   0.0287843
         514     8.54315     8.71841   0.0287303
         515     8.62412     8.71823   0.0286751
         516     8.93054     8.71864   0.0286225
         517     8.39867     8.71802   0.0285738
         518     8.39989     8.71741   0.0285253
         519     8.35123      8.7167    0.028479
         520     8.66474      8.7166   0.0284244
         521      8.4705     8.71613   0.0283738
         522     8.52935     8.71577   0.0283217
         523     8.65875     8.71567   0.0282677
         524     9.00417     8.71622   0.0282192
         525     8.94959     8.71666   0.0281689
         526     9.23472     8.71765   0.0281326
         527     9.43522     8.71901   0.0281121
         528      9.5025     8.72049    0.028098
         529     9.55865     8.72208   0.0280895
         530     9.81648     8.72414   0.0281123
         531     9.42237     8.72545   0.0280901
         532     8.92689     8.72583   0.0280399
         533     9.07277     8.72648   0.0279948
         534     8.67713     8.72639   0.0279426
         535     8.20252     8.72541   0.0279075
         536     8.58198     8.72515   0.0278567
         537     9.09563     8.72584   0.0278134
         538      8.8711     8.72611    0.027763
         539     8.86082     8.72636   0.0277126
         540     9.21966     8.72727   0.0276763
         541     9.07299     8.72791   0.0276325
         542     9.29388     8.72895   0.0276013
         543     9.06424     8.72957   0.0275574
         544      9.5718     8.73112   0.0275502
         545     9.12165     8.73183   0.0275089
         546     9.33686     8.73294   0.0274808
         547     8.78376     8.73304   0.0274308
         548     8.59212     8.73278   0.0273819
         549     8.76685     8.73284   0.0273321
         550     8.72854     8.73283   0.0272824
         551     8.65932      8.7327   0.0272332
         552     8.56068     8.73239   0.0271857
         553     8.90976     8.73271   0.0271384
         554     9.03344     8.73325   0.0270948
         555     9.14936       8.734   0.0270564
         556     8.97865     8.73444   0.0270113
         557     9.11587     8.73513   0.0269715
         558     9.21422     8.73598   0.0269368
         559     9.49526     8.73734   0.0269229
         560     9.21704      8.7382   0.0268884
         561     9.59858     8.73973   0.0268842
         562     9.03244     8.74025   0.0268414
         563     9.10064     8.74089   0.0268013
         564     9.31282     8.74191    0.026773
         565     8.98767     8.74234   0.0267292
         566     8.42512     8.74178   0.0266878
         567     8.56938     8.74148   0.0266425
         568     9.13132     8.74216   0.0266044
         569     9.31859     8.74318   0.0265769
         570      9.4933     8.74449   0.0265629
         571     8.88911     8.74475   0.0265175
         572     8.72264     8.74471   0.0264712
         573     8.64763     8.74454   0.0264256
         574     8.98317     8.74495   0.0263828
         575     8.80472     8.74506   0.0263371
         576     8.44271     8.74453   0.0262966
         577     8.27867     8.74373   0.0262634
         578     8.61936     8.74351   0.0262189
         579      8.6989     8.74343   0.0261737
         580     8.62101     8.74322   0.0261294
         581     8.37339     8.74259   0.0260922
         582     8.44324     8.74207   0.0260525
         583     7.95267     8.74072   0.0260429
         584     8.09291     8.73961   0.0260219
         585       8.422     8.73907   0.0259831
         586     8.48595     8.73863   0.0259424
         587     7.79609     8.73703   0.0259478
         588     8.03296     8.73583   0.0259313
         589     8.01661     8.73461    0.025916
         590     8.02954     8.73341   0.0258996
         591     8.57166     8.73314   0.0258573
         592     8.39003     8.73256   0.0258201
         593     8.19959     8.73166   0.0257922
         594     7.86763     8.73021   0.0257897
         595     7.98995     8.72896   0.0257764
         596     8.37364     8.72837     0.02574
         597     8.30064     8.72765   0.0257069
         598     8.19517     8.72676   0.0256793
         599     8.33538     8.72611   0.0256447
         600     7.70635     8.72441   0.0256583
         601     8.37553     8.72383   0.0256221
         602     8.33135     8.72318   0.0255879
         603     8.30355     8.72248   0.0255549
         604     8.37103      8.7219   0.0255192
         605     8.58681     8.72167    0.025478
         606     9.03722     8.72219   0.0254413
         607      9.3059     8.72316   0.0254175
         608     9.00386     8.72362   0.0253799
         609     8.92325     8.72395   0.0253404
         610     8.66445     8.72385    0.025299
         611     8.30751     8.72317   0.0252668
         612     8.02013     8.72202   0.0252516
         613     8.12379     8.72104   0.0252293
         614     8.54106     8.72075   0.0251899
         615     8.45518     8.72032   0.0251526
         616     8.74005     8.72035   0.0251118
         617     8.56642      8.7201   0.0250723
         618     8.54529     8.71982   0.0250334
         619      8.3396      8.7192   0.0250005
         620     8.36395     8.71863   0.0249667
         621     8.18492     8.71777   0.0249413
         622     8.11506      8.7168     0.02492
         623     8.36469     8.71624   0.0248864
         624     8.31438     8.71559   0.0248549
         625     8.42681     8.71513   0.0248194
         626     8.64073     8.71501     0.02478
         627     8.67066     8.71494   0.0247406
         628     8.73257     8.71497   0.0247012
         629     8.64327     8.71485   0.0246622
         630     8.38799     8.71434   0.0246285
         631     8.69519     8.71431   0.0245895
         632     8.93685     8.71466   0.0245531
         633     8.79002     8.71478   0.0245146
         634     8.96549     8.71517   0.0244791
         635     8.72034     8.71518   0.0244406
         636      9.0523     8.71571   0.0244079
         637     9.17814     8.71644   0.0243804
         638     9.57369     8.71778   0.0243792
         639     9.26483     8.71864   0.0243561
         640      9.4967     8.71985   0.0243483
         641     9.11639     8.72047   0.0243182
         642     9.07108     8.72102   0.0242864
         643     8.90849     8.72131   0.0242504
         644     9.40589     8.72237   0.0242361
         645     8.77132     8.72245   0.0241986
         646     8.82867     8.72261   0.0241617
         647     8.25053     8.72188   0.0241354
         648     8.09832     8.72092   0.0241173
         649     8.46945     8.72053   0.0240832
         650     8.77928     8.72062   0.0240464
         651     9.26378     8.72146   0.0240239
         652     9.18559     8.72217   0.0239976
         653     9.32665     8.72309   0.0239787
         654     9.38272      8.7241   0.0239632
         655     9.07547     8.72464   0.0239327
         656     9.13299     8.72526   0.0239043
         657     9.18433     8.72596   0.0238781
         658     9.31165     8.72685   0.0238584
         659     9.42165      8.7279   0.0238455
         660     9.52372     8.72911   0.0238398
         661     9.80971     8.73075   0.0238597
         662      9.4936      8.7319   0.0238515
         663     9.19664      8.7326   0.0238258
         664     8.75127     8.73263     0.02379
         665      8.5599     8.73237   0.0237556
         666     8.38523     8.73185   0.0237256
         667     8.50688     8.73151   0.0236925
         668     9.17268     8.73217   0.0236662
         669     8.99603     8.73256   0.0236341
         670     8.06886     8.73157   0.0236196
         671     7.85451     8.73027   0.0236205
         672     7.77538     8.72884   0.0236281
         673     8.10274     8.72791   0.0236113
         674     8.22186     8.72716   0.0235882
         675     8.34984      8.7266   0.0235599
         676     8.22064     8.72586   0.0235369
         677     8.54192     8.72558   0.0235037
         678     8.29676     8.72495   0.0234775
         679     8.06357     8.72398   0.0234632
         680     8.04279     8.72298     0.02345
         681      7.6442     8.72139    0.023469
         682     8.15217     8.72056   0.0234495
         683     7.77111     8.71917   0.0234563
         684     7.62877     8.71757   0.0234761
         685     7.65385     8.71602   0.0234931
         686     7.54989     8.71432   0.0235203
         687     7.82313     8.71302   0.0235218
         688     7.95279     8.71192   0.0235136
         689     7.98045     8.71086   0.0235034
         690     8.58038     8.71067   0.0234701
         691     8.64259     8.71057   0.0234363
         692     8.36554     8.71007   0.0234078
         693        7.79     8.70874   0.0234116
         694     8.09686     8.70786   0.0233945
         695     8.09642     8.70698   0.0233774
         696     8.18208     8.70623   0.0233559
         697     8.09636     8.70535   0.0233388
         698     8.24161     8.70469   0.0233148
         699     8.26202     8.70405   0.0232901
         700     8.62616     8.70394   0.0232571
         701     8.51216     8.70367   0.0232255
         702     8.58857     8.70351    0.023193
         703     8.65566     8.70344   0.0231601
         704     8.60528      8.7033   0.0231276
         705     8.47663     8.70298   0.0230971
         706     8.25956     8.70235   0.0230729
         707     8.42373     8.70195   0.0230436
         708     8.41567     8.70155   0.0230146
         709     8.54811     8.70133   0.0229832
         710     8.31043     8.70078   0.0229574
         711     8.26402     8.70017   0.0229333
         712     8.14493     8.69939   0.0229144
         713     8.36821     8.69892   0.0228869
         714     8.67573     8.69889   0.0228549
         715     8.79729     8.69903   0.0228234
         716     9.15452     8.69967   0.0228003
         717     9.10715     8.70023   0.0227756
         718      9.1321     8.70084   0.0227518
         719     9.03099     8.70129   0.0227248
         720     9.53518     8.70245   0.0227228
         721     9.70062     8.70384   0.0227334
         722     9.30725     8.70467   0.0227173
         723     9.21759     8.70538   0.0226969
         724     8.70584     8.70538   0.0226656
         725     8.36121     8.70491   0.0226393
         726     8.27825     8.70432   0.0226157
         727     8.50921     8.70405   0.0225862
         728     8.59884     8.70391   0.0225556
         729     8.12948     8.70312   0.0225384
         730     8.45645     8.70278   0.0225101
         731     8.47671     8.70247   0.0224814
         732     8.69887     8.70247   0.0224507
         733     8.98671     8.70286   0.0224234
         734     9.34127     8.70373   0.0224098
         735     9.37205     8.70463   0.0223977
         736     9.37588     8.70555   0.0223858
         737     9.14548     8.70614   0.0223634
         738     9.52019     8.70725   0.0223603
         739     9.61364     8.70847   0.0223637
         740     9.52707     8.70958   0.0223608
         741     9.07923     8.71008   0.0223362
         742     9.49319     8.71113    0.022331
         743     9.03683     8.71157   0.0223052
         744     8.37394     8.71112   0.0222799
         745     8.87148     8.71133    0.022251
         746     8.59274     8.71117   0.0222217
         747     8.61928     8.71105   0.0221923
         748     8.98357     8.71142   0.0221657
         749     8.53309     8.71118   0.0221373
         750     8.43206     8.71081    0.022111
         751     8.26586     8.71021   0.0220894
         752     8.38553     8.70978   0.0220643
         753     8.60594     8.70964   0.0220354
         754     8.90083      8.7099   0.0220077
         755       8.452     8.70956   0.0219812
         756     8.18732     8.70886   0.0219629
         757     8.40338     8.70846   0.0219376
         758     8.16251     8.70774   0.0219205
         759     8.34669     8.70727   0.0218968
         760     8.31268     8.70675   0.0218741
         761     8.32534     8.70624   0.0218511
         762     8.10727     8.70546   0.0218366
         763     7.98382     8.70451   0.0218284
         764     8.35432     8.70405   0.0218047
         765     8.75977     8.70413   0.0217763
         766     8.12449     8.70337    0.021761
         767     8.03026     8.70249   0.0217503
         768     8.11584     8.70173   0.0217354
         769     8.27039     8.70117   0.0217144
         770     8.68541     8.70115   0.0216862
         771     8.67701     8.70112   0.0216581
         772     8.15035      8.7004   0.0216418
         773     7.62266     8.69901   0.0216587
         774      7.2029     8.69708   0.0217168
         775     7.77342     8.69588   0.0217214
         776     7.71435     8.69462   0.0217302
         777     7.62375     8.69324   0.0217459
         778     7.61322     8.69185   0.0217622
         779     7.67805     8.69055   0.0217732
         780     7.67259     8.68925   0.0217843
         781      7.8176     8.68813    0.021785
         782     8.08022     8.68735    0.021771
         783     8.00582     8.68648   0.0217606
         784     8.14125     8.68579    0.021744
         785     8.32822     8.68533    0.021721
         786     8.67467     8.68532   0.0216934
         787     9.34476     8.68616    0.021682
         788     9.40325     8.68707   0.0216736
         789     9.52951     8.68813   0.0216724
         790      9.2863     8.68889   0.0216582
         791      9.2042     8.68954   0.0216406
         792     9.98084     8.69117   0.0216746
         793     9.80232     8.69257   0.0216925
         794     9.68131     8.69382   0.0217009
         795     9.18195     8.69443   0.0216823
         796     9.12591     8.69498   0.0216618
         797     9.12398     8.69551   0.0216413
         798     8.98352     8.69587   0.0216172
         799     9.35623      8.6967    0.021606
         800     8.93214       8.697    0.021581
         801     9.12065     8.69752   0.0215605
         802     8.72648     8.69756   0.0215337
         803     8.52322     8.69734   0.0215079
         804     8.91478     8.69761   0.0214829
         805     8.48333     8.69735   0.0214578
         806     8.32239     8.69688   0.0214363
         807     7.94949     8.69596   0.0214297
         808     8.48439     8.69569   0.0214048
         809     8.71685     8.69572   0.0213783
         810     8.69556     8.69572   0.0213519
         811     8.50109     8.69548    0.021327
         812      8.6448     8.69542   0.0213008
         813     8.10248     8.69469   0.0212871
         814     7.99635     8.69383   0.0212782
         815     8.24862     8.69328   0.0212591
         816     8.54443      8.6931   0.0212338
         817     8.40983     8.69276   0.0212107
         818     8.09184     8.69202   0.0211975
         819     8.14095     8.69135   0.0211823
         820     7.98729     8.69049   0.0211738
         821      8.1069     8.68978     0.02116
         822     8.46589     8.68951    0.021136
         823     8.24028     8.68896   0.0211173
         824     8.41957     8.68863   0.0210942
         825     8.23002     8.68808    0.021076
         826     8.07476     8.68733   0.0210635
         827     8.48389     8.68709   0.0210395
         828     9.19141      8.6877   0.0210229
         829     9.01925      8.6881   0.0210014
         830     8.89193     8.68834   0.0209775
         831     8.59543     8.68823   0.0209526
         832     8.24461      8.6877   0.0209342
         833      8.4479     8.68741    0.020911
         834     8.67615      8.6874   0.0208859
         835     8.76017     8.68748   0.0208611
         836     8.68642     8.68748   0.0208361
         837     8.61188     8.68739   0.0208114
         838     9.04167     8.68782   0.0207909
         839     8.51521     8.68761   0.0207671
         840      9.2029     8.68822   0.0207515
         841     9.48558     8.68917   0.0207485
         842     9.75064     8.69043   0.0207621
         843     9.00947     8.69081   0.0207409
         844     8.65266     8.69076   0.0207164
         845     8.08223     8.69004   0.0207044
         846     8.21211     8.68948   0.0206876
         847     8.83622     8.68965   0.0206639
         848     9.17623     8.69023   0.0206475
         849     8.85933     8.69043   0.0206241
         850     8.81563     8.69057   0.0206004
         851     8.66366     8.69054   0.0205762
         852     8.50337     8.69032   0.0205532
         853     8.58532      8.6902   0.0205295
         854     8.83961     8.69037   0.0205062
         855     8.71771     8.69041   0.0204823
         856     8.71306     8.69043   0.0204583
         857     8.63311     8.69037   0.0204346
         858     8.67288     8.69034   0.0204108
         859     8.52211     8.69015    0.020388
         860     8.11038     8.68947   0.0203754
         861     7.81323     8.68846   0.0203771
         862      8.3599     8.68808   0.0203571
         863     8.55017     8.68792   0.0203341
         864     8.61931     8.68784   0.0203107
         865     8.29929     8.68739   0.0202922
         866     8.07668     8.68668    0.020281
         867     7.98643     8.68587   0.0202737
         868     8.10489     8.68521   0.0202614
         869     8.06217     8.68449   0.0202508
         870     7.95094     8.68365    0.020245
         871      8.2152     8.68311   0.0202289
         872     8.45034     8.68284   0.0202075
         873     8.22625     8.68232   0.0201911
         874     8.06154     8.68161   0.0201805
         875     8.02048     8.68085   0.0201716
         876      8.3883     8.68052   0.0201513
         877       8.376     8.68017   0.0201313
         878     8.63123     8.68011   0.0201085
         879     8.93467      8.6804   0.0200877
         880     8.86239     8.68061   0.0200659
         881     8.95627     8.68092   0.0200456
         882     8.87627     8.68115   0.0200241
         883     8.59876     8.68105   0.0200016
         884      8.2428     8.68056   0.0199851
         885     8.07634     8.67987   0.0199742
         886     8.38218     8.67954   0.0199545
         887     7.90047     8.67866   0.0199513
         888     7.93056     8.67782   0.0199466
         889     8.47061     8.67758   0.0199255
         890      8.5352     8.67742   0.0199038
         891     8.47228     8.67719   0.0198828
         892     9.07595     8.67764   0.0198655
         893     9.23132     8.67826    0.019853
         894     8.55785     8.67813   0.0198312
         895     8.78495     8.67825   0.0198094
         896     8.45808       8.678   0.0197888
         897     8.49602      8.6778   0.0197678
         898     8.78967     8.67792   0.0197462
         899     8.03103      8.6772   0.0197373
         900      7.7509     8.67617   0.0197422
         901      8.2265     8.67567   0.0197266
         902     8.13855     8.67508   0.0197137
         903     8.15685      8.6745   0.0197002
         904     8.21372     8.67399    0.019685
         905     8.20332     8.67347   0.0196702
         906     7.89123     8.67261   0.0196674
         907     8.10438     8.67198   0.0196557
         908     8.21147     8.67148   0.0196406
         909     7.85908     8.67058   0.0196393
         910     8.14399        8.67   0.0196262
         911      7.9851     8.66925   0.0196191
         912     8.08495     8.66861    0.019608
         913     8.53848     8.66847   0.0195871
         914     8.43821     8.66822   0.0195673
         915      8.5022     8.66804   0.0195467
         916     8.34385     8.66768   0.0195286
         917     8.18069     8.66715   0.0195145
         918     7.82064     8.66623    0.019515
         919     8.00984     8.66552   0.0195069
         920     8.24486     8.66506    0.019491
         921     7.95938     8.66429   0.0194849
         922     8.26463     8.66386   0.0194686
         923     8.22364     8.66338   0.0194533
         924     8.25429     8.66294   0.0194373
         925      8.4948     8.66276   0.0194172
         926     8.17682     8.66223   0.0194033
         927     8.52835     8.66209   0.0193829
         928     8.56374     8.66198   0.0193623
         929     8.83276     8.66217   0.0193423
         930      8.7769     8.66229   0.0193219
         931     9.05337     8.66271   0.0193057
         932     9.35956     8.66346   0.0192995
         933     8.57665     8.66336    0.019279
         934     8.37584     8.66306   0.0192608
         935     8.73728     8.66314   0.0192404
         936     9.07338     8.66357   0.0192248
         937     8.89711     8.66382   0.0192059
         938     9.09647     8.66428    0.019191
         939      8.8107     8.66444   0.0191712
         940      8.6758     8.66445   0.0191508
         941     8.86494     8.66466   0.0191316
         942     8.99415     8.66501   0.0191145
         943     8.65911     8.66501   0.0190943
         944     8.61856     8.66496   0.0190741
         945     8.49726     8.66478   0.0190547
         946     8.75268     8.66487   0.0190348
         947     9.05932     8.66529   0.0190193
         948     9.07097     8.66572    0.019004
         949     8.91835     8.66599   0.0189859
         950     8.86448     8.66619    0.018967
         951      8.7631      8.6663   0.0189474
         952     8.73184     8.66637   0.0189276
         953     8.51215      8.6662   0.0189084
         954     8.87896     8.66643   0.0188899
         955     8.68967     8.66645   0.0188701
         956     8.51149     8.66629   0.0188511
         957     8.94249     8.66658   0.0188336
         958     8.85169     8.66677   0.0188149
         959     8.93753     8.66705   0.0187974
         960     9.42731     8.66784   0.0187945
         961     9.49989     8.66871   0.0187949
         962     9.03406     8.66909   0.0187792
         963     9.06664      8.6695   0.0187642
         964       9.092     8.66994   0.0187499
         965     8.99675     8.67028   0.0187335
         966     9.31048     8.67094   0.0187259
         967     9.16117     8.67145   0.0187134
         968      9.2155     8.67201   0.0187025
         969     8.97232     8.67232   0.0186857
         970     9.07485     8.67274   0.0186711
         971     9.05903     8.67313   0.0186561
         972     8.99343     8.67346   0.0186398
         973     9.33147     8.67414   0.0186329
         974     9.52173     8.67501   0.0186341
         975     9.49935     8.67586   0.0186341
         976     9.49143     8.67669   0.0186338
         977       9.715     8.67775    0.018645
         978     10.1419     8.67925   0.0186859
         979     9.69677     8.68029   0.0186957
         980     9.29064     8.68091    0.018687
         981     9.65896     8.68191   0.0186945
         982     9.74793       8.683    0.018707
         983     9.52851     8.68386   0.0187077
         984     9.41471      8.6846   0.0187035
         985     9.67922     8.68561   0.0187117
         986     9.39047     8.68632   0.0187064
         987     9.20463     8.68685   0.0186948
         988     8.97321     8.68714   0.0186781
         989     8.42477     8.68687   0.0186611
         990      8.6194     8.68681   0.0186424
         991     8.82977     8.68695   0.0186241
         992     9.25148     8.68752   0.0186141
         993     9.26821      8.6881   0.0186045
         994     9.02532     8.68844   0.0185889
         995      8.5221     8.68828   0.0185709
         996     9.13907     8.68873   0.0185578
         997     8.90569     8.68895   0.0185405
         998     8.43244     8.68869   0.0185237
         999     8.67338     8.68867   0.0185051
        1000     9.01859       8.689   0.0184896
        1001     8.98155      8.6893   0.0184734
        1002     8.79742      8.6894   0.0184553
        1003     8.82306     8.68954   0.0184374
        1004     8.62434     8.68947   0.0184191
        1005     8.42762     8.68921   0.0184026
        1006     8.33661     8.68886   0.0183877
        1007     8.75596     8.68893   0.0183695
        1008     8.64844     8.68889   0.0183514
        1009     8.27922     8.68848   0.0183377
        1010     8.27013     8.68807   0.0183242
        1011     7.99564     8.68738   0.0183189
        1012     7.57155     8.68628   0.0183339
        1013     7.70955     8.68532   0.0183411
        1014      7.8218     8.68446   0.0183428
        1015     8.26415     8.68405   0.0183294
        1016     8.37699     8.68375   0.0183139
        1017     8.25572     8.68333   0.0183007
        1018     8.02948     8.68268    0.018294
        1019     8.70731     8.68271   0.0182761
        1020     9.02673     8.68305   0.0182612
        1021     9.19868     8.68355   0.0182503
        1022     9.06544     8.68392   0.0182363
        1023     9.29025     8.68452   0.0182281
        1024     9.30731     8.68513   0.0182205
        1025     9.45953     8.68588   0.0182183
        1026     9.37911     8.68656   0.0182131
        1027     9.32135     8.68717   0.0182059
        1028      9.2399     8.68771   0.0181961
        1029     9.20058     8.68821   0.0181852
        1030     8.98567      8.6885   0.0181699
        1031     8.87178     8.68868   0.0181531
        1032     8.68855     8.68868   0.0181355
        1033     8.66015     8.68865    0.018118
        1034      8.5052     8.68847   0.0181013
        1035     8.36952     8.68816   0.0180865
        1036     8.42908     8.68791   0.0180707
        1037     8.36886     8.68761   0.0180559
        1038     8.30684     8.68724   0.0180423
        1039      8.2124     8.68678   0.0180307
        1040     7.57874     8.68572   0.0180448
        1041     7.32722     8.68441   0.0180746
        1042     8.07939     8.68383   0.0180666
        1043     7.71238      8.6829   0.0180732
        1044     8.26241      8.6825   0.0180604
        1045     8.45936     8.68228   0.0180444
        1046     8.47047     8.68208   0.0180283
        1047     8.49262      8.6819    0.018012
        1048     8.66361     8.68188   0.0179948
        1049     8.58966     8.68179   0.0179778
        1050     8.69755     8.68181   0.0179607
        1051      8.6709      8.6818   0.0179436
        1052     8.85671     8.68197   0.0179274
        1053     8.44582     8.68174   0.0179117
        1054     8.74845      8.6818   0.0178949
        1055     8.59882     8.68173   0.0178781
        1056     8.27018     8.68134   0.0178654
        1057     8.39307     8.68106   0.0178506
        1058     8.30471     8.68071   0.0178372
        1059     8.63391     8.68066   0.0178204
        1060     8.52115     8.68051   0.0178043
        1061     8.78143     8.68061   0.0177877
        1062     9.23931     8.68113   0.0177788
        1063     9.07078      8.6815   0.0177658
        1064     9.28511     8.68207   0.0177582
        1065     9.16939     8.68253   0.0177474
        1066     8.99994     8.68282   0.0177333
        1067     8.70173     8.68284   0.0177166
        1068     8.64661     8.68281   0.0177001
        1069     8.90493     8.68301   0.0176847
        1070     9.06517     8.68337   0.0176718
        1071     9.49261     8.68413   0.0176715
        1072     8.98918     8.68441   0.0176573
        1073     8.55042     8.68429   0.0176413
        1074     8.26723      8.6839   0.0176291
        1075     8.48614     8.68372   0.0176137
        1076     8.52982     8.68357   0.0175979
        1077     8.49225     8.68339   0.0175824
        1078     8.42364     8.68315   0.0175678
        1079     8.02136     8.68254   0.0175622
        1080      8.2588     8.68215   0.0175503
        1081     8.76468     8.68222   0.0175343
        1082     8.59349     8.68214   0.0175182
        1083     8.50315     8.68198   0.0175028
        1084     8.74647     8.68204   0.0174868
        1085     8.31185      8.6817    0.017474
        1086     8.23312     8.68128   0.0174628
        1087     8.82023     8.68141   0.0174472
        1088     9.13547     8.68183   0.0174362
        1089     8.90632     8.68203   0.0174214
        1090     8.89335     8.68223   0.0174065
        1091     8.97347     8.68249   0.0173926
        1092     9.13456     8.68291   0.0173816
        1093     8.90117     8.68311   0.0173668
        1094     8.86715     8.68328   0.0173517
        1095      8.9452     8.68352   0.0173375
        1096     9.37745     8.68415   0.0173333
        1097     9.37385     8.68478   0.0173289
        1098      9.5884      8.6856   0.0173326
        1099     9.62123     8.68645   0.0173377
        1100      9.3677     8.68707    0.017333
        1101     8.93044     8.68729   0.0173187
        1102     8.60831     8.68722   0.0173031
        1103     9.27913     8.68776   0.0172958
        1104     9.64108     8.68862   0.0173017
        1105     9.47288     8.68933   0.0173005
        1106     9.09185     8.68969   0.0172887
        1107     9.16037     8.69012   0.0172783
        1108     8.70027     8.69013   0.0172627
        1109      9.2342     8.69062   0.0172542
        1110     9.02565     8.69092   0.0172412
        1111     8.98692     8.69119   0.0172278
        1112      9.5064     8.69192   0.0172279
        1113     9.09318     8.69228   0.0172162
        1114     8.56357     8.69217   0.0172011
        1115     8.96975     8.69241   0.0171875
        1116     8.83546     8.69254   0.0171726
        1117     8.76576     8.69261   0.0171573
        1118     8.92256     8.69281   0.0171432
        1119     8.76396     8.69288    0.017128
        1120     8.97246     8.69313   0.0171145
        1121      8.7872     8.69321   0.0170995
        1122      9.0338     8.69351   0.0170869
        1123     8.72228     8.69354   0.0170717
        1124     8.58892     8.69345   0.0170568
        1125     9.34358     8.69402   0.0170514
        1126     9.11446      8.6944   0.0170404
        1127     8.49964     8.69423   0.0170261
        1128     8.20956      8.6938   0.0170164
        1129     8.56778     8.69368   0.0170017
        1130     8.60046      8.6936   0.0169869
        1131      8.4996     8.69343   0.0169727
        1132     8.50123     8.69326   0.0169586
        1133     8.59746     8.69318   0.0169438
        1134     8.46219     8.69297   0.0169301
        1135     8.35826     8.69268   0.0169178
        1136     8.59015     8.69259   0.0169031
        1137      8.4963     8.69241   0.0168891
        1138     8.69682     8.69242   0.0168743
        1139     8.43843      8.6922   0.0168609
        1140     8.66607     8.69217   0.0168462
        1141     9.46063     8.69285   0.0168449
        1142     9.09429      8.6932   0.0168338
        1143     9.07286     8.69353   0.0168223
        1144     9.28324     8.69404   0.0168155
        1145     8.66556     8.69402   0.0168009
        1146     8.52233     8.69387   0.0167869
        1147     9.11926     8.69424   0.0167763
        1148      9.2393     8.69472   0.0167684
        1149     9.29346     8.69524   0.0167619
        1150     9.10443     8.69559   0.0167511
        1151     8.79016     8.69567   0.0167368
        1152     8.64648     8.69563   0.0167223
        1153     8.42029     8.69539   0.0167095
        1154     8.57704     8.69529   0.0166953
        1155     8.70681      8.6953   0.0166809
        1156     9.11639     8.69567   0.0166704
        1157     9.05378     8.69597   0.0166589
        1158     9.11915     8.69634   0.0166485
        1159     8.97759     8.69658   0.0166359
        1160     8.80057     8.69667   0.0166218
        1161     8.52483     8.69652   0.0166082
        1162     8.61195     8.69645    0.016594
        1163     8.42328     8.69622   0.0165814
        1164     8.46515     8.69602   0.0165684
        1165     8.19253     8.69559   0.0165598
        1166     8.68325     8.69558   0.0165456
        1167     8.88371     8.69574   0.0165322
        1168     8.74561     8.69578   0.0165181
        1169     9.20381     8.69621   0.0165097
        1170     8.83068     8.69633    0.016496
        1171     8.67483     8.69631   0.0164819
        1172      8.7308     8.69634   0.0164679
        1173     8.93799     8.69655   0.0164551
        1174      9.1554     8.69694   0.0164457
        1175     9.37242     8.69751   0.0164418
        1176     8.68545      8.6975   0.0164278
        1177     8.63706     8.69745   0.0164139
        1178     8.64786     8.69741      0.0164
        1179     8.50761     8.69725   0.0163869
        1180     8.25925     8.69688   0.0163772
        1181     8.66902     8.69685   0.0163634
        1182     8.14682     8.69639   0.0163562
        1183     8.06002     8.69585   0.0163512
        1184     7.59784     8.69492   0.0163636
        1185     7.85011     8.69421   0.0163654
        1186     7.88781     8.69353   0.0163657
        1187     8.70221     8.69354   0.0163519
        1188     8.92029     8.69373   0.0163392
        1189      8.9742     8.69396   0.0163272
        1190     8.76798     8.69402   0.0163136
        1191     8.54784      8.6939   0.0163004
        1192     8.62116     8.69384   0.0162868
        1193     8.60944     8.69377   0.0162733
        1194     8.66731     8.69375   0.0162597
        1195     8.98308     8.69399   0.0162479
        1196     8.73476     8.69402   0.0162343
        1197     8.56738     8.69392   0.0162211
        1198     8.56967     8.69381   0.0162079
        1199     8.51708     8.69367   0.0161951
        1200     8.20088     8.69326   0.0161868
        1201     7.85644     8.69256   0.0161883
        1202     8.01861       8.692   0.0161845
        1203     8.09576      8.6915   0.0161787
        1204     8.46359     8.69131   0.0161663
        1205     8.68994     8.69131   0.0161529
        1206     8.58991     8.69123   0.0161397
        1207     8.60106     8.69115   0.0161265
        1208     8.79687     8.69124   0.0161134
        1209     8.67027     8.69122   0.0161001
        1210       8.699     8.69123   0.0160868
        1211     8.44539     8.69103   0.0160748
        1212     8.31364     8.69072   0.0160646
        1213     8.42451      8.6905   0.0160528
        1214     8.23998     8.69013   0.0160439
        1215     8.21963     8.68974   0.0160353
        1216     7.95127     8.68913   0.0160337
        1217     8.10705     8.68865   0.0160276
        1218      8.6404     8.68861   0.0160145
        1219     8.84904     8.68875   0.0160019
        1220     8.74995      8.6888   0.0159889
        1221     8.53393     8.68867   0.0159763
        1222     8.07914     8.68817    0.015971
        1223     8.27964     8.68784   0.0159614
        1224     8.18882     8.68743   0.0159536
        1225     8.61686     8.68737   0.0159407
        1226     8.93232     8.68757   0.0159289
        1227     8.72608      8.6876    0.015916
        1228      8.4566     8.68741   0.0159041
        1229     8.21675     8.68703   0.0158958
        1230     8.04095     8.68651   0.0158915
        1231     8.16044     8.68608   0.0158844
        1232     7.91491     8.68545   0.0158838
        1233     8.27594     8.68512   0.0158744
        1234     8.02367     8.68458   0.0158706
        1235     8.18996     8.68418   0.0158628
        1236     8.21519      8.6838   0.0158545
        1237     8.24993     8.68345   0.0158455
        1238     8.41001     8.68323   0.0158343
        1239     8.42301     8.68302   0.0158229
        1240     8.69115     8.68303   0.0158101
        1241     8.73191     8.68307   0.0157975
        1242     8.76108     8.68313   0.0157849
        1243     8.76589      8.6832   0.0157723
        1244      8.8954     8.68337   0.0157605
        1245     8.76205     8.68343    0.015748
        1246      9.2768     8.68391   0.0157426
        1247     9.14313     8.68428   0.0157343
        1248     8.80054     8.68437   0.0157219
        1249     8.76835     8.68444   0.0157095
        1250     8.59027     8.68436   0.0156971
        1251     8.93777     8.68456   0.0156858
        1252     9.55164     8.68526   0.0156886
        1253     9.40629     8.68583   0.0156866
        1254     9.13092     8.68619   0.0156781
        1255     9.24839     8.68663    0.015672
        1256     9.47067     8.68726    0.015672
        1257     9.12281     8.68761   0.0156634
        1258     9.23373     8.68804   0.0156569
        1259     9.36594     8.68858   0.0156537
        1260     9.09156      8.6889   0.0156446
        1261     9.22713     8.68932    0.015638
        1262      9.1678      8.6897   0.0156302
        1263     9.30456     8.69019   0.0156254
        1264     9.10584     8.69052   0.0156165
        1265     9.12261     8.69086   0.0156079
        1266     9.08561     8.69117   0.0155987
        1267     8.67446     8.69116   0.0155864
        1268     8.30649     8.69086    0.015577
        1269     8.08392     8.69038   0.0155721
        1270     8.19817     8.68999   0.0155647
        1271     7.92157     8.68939   0.0155641
        1272     8.31514     8.68909   0.0155547
        1273     8.32321      8.6888   0.0155451
        1274     8.57864     8.68872   0.0155332
        1275      8.5803     8.68863   0.0155212
        1276     8.91617     8.68881   0.0155101
        1277     8.56971     8.68872   0.0154982
        1278     8.75652     8.68877   0.0154862
        1279     8.72572      8.6888   0.0154741
        1280     8.75072     8.68885   0.0154621
        1281     8.60995     8.68879   0.0154501
        1282     8.32675      8.6885   0.0154407
        1283     8.28366     8.68819   0.0154319
        1284     7.87794     8.68756   0.0154327
        1285     8.01279     8.68703   0.0154297
        1286     7.66694     8.68624    0.015438
        1287     7.64186     8.68543   0.0154473
        1288     7.82099     8.68476   0.0154499
        1289     8.03103     8.68425   0.0154463
        1290     7.63586     8.68344   0.0154557
        1291     7.69148     8.68267   0.0154628
        1292     7.79514     8.68198   0.0154661
        1293     7.78374     8.68129   0.0154697
        1294     8.25041     8.68095   0.0154613
        1295     8.52556     8.68083   0.0154498
        1296     8.30182     8.68054   0.0154407
        1297     8.02268     8.68003   0.0154371
        1298     7.90668     8.67944   0.0154367
        1299     8.18161     8.67905   0.0154296
        1300     7.94759     8.67849    0.015428
        1301     7.78878     8.67781   0.0154313
        1302     7.92586     8.67723   0.0154302
        1303     7.93971     8.67666   0.0154287
        1304     8.52554     8.67655   0.0154174
        1305     8.32014     8.67628    0.015408
        1306     8.26339     8.67596   0.0153994
        1307     8.40186     8.67575    0.015389
        1308     8.32361     8.67548   0.0153796
        1309     8.33107     8.67522   0.0153701
        1310     8.47969     8.67507   0.0153591
        1311      8.2314     8.67473   0.0153511
        1312     8.44294     8.67455   0.0153405
        1313     8.53582     8.67445   0.0153291
        1314     8.60471     8.67439   0.0153176
        1315     8.70543     8.67442   0.0153059
        1316     8.81474     8.67452   0.0152947
        1317     9.05916     8.67482   0.0152859
        1318     9.12993     8.67516   0.0152782
        1319       8.575     8.67509   0.0152668
        1320     8.94937     8.67529   0.0152566
        1321     8.94763      8.6755   0.0152465
        1322     8.09095     8.67506   0.0152413
        1323     8.49453     8.67492   0.0152304
        1324      8.7053     8.67494   0.0152189
        1325     8.96534     8.67516    0.015209
        1326     8.98124     8.67539   0.0151993
        1327     8.84365     8.67552   0.0151884
        1328      8.8786     8.67567   0.0151777
        1329     8.68153     8.67568   0.0151663
        1330     8.30562      8.6754   0.0151574
        1331     8.40921      8.6752   0.0151474
        1332     8.29931     8.67492   0.0151386
        1333     8.23786     8.67459   0.0151308
        1334     8.25257     8.67427   0.0151228
        1335     8.05647     8.67381   0.0151185
        1336     8.66045      8.6738   0.0151072
        1337     8.62874     8.67377    0.015096
        1338     8.63423     8.67374   0.0150847
        1339       8.408     8.67354   0.0150748
        1340     8.23992     8.67322    0.015067
        1341     8.38263       8.673   0.0150573
        1342     8.31921     8.67274   0.0150484
        1343     8.10959     8.67232    0.015043
        1344     8.65699      8.6723   0.0150318
        1345     8.38738     8.67209   0.0150221
        1346     8.22483     8.67176   0.0150147
        1347       8.499     8.67163   0.0150041
        1348     8.10697     8.67121   0.0149988
        1349     8.05413     8.67076   0.0149946
        1350     8.45586      8.6706   0.0149844
        1351     8.49861     8.67047   0.0149738
        1352     8.39111     8.67026   0.0149642
        1353     8.81594     8.67037   0.0149535
        1354     8.83479     8.67049   0.0149429
        1355     8.69238     8.67051   0.0149319
        1356     8.98289     8.67074   0.0149227
        1357     8.72116     8.67078   0.0149117
        1358     8.60925     8.67073   0.0149008
        1359     8.63561      8.6707   0.0148899
        1360     8.31733     8.67044   0.0148812
        1361     8.30127     8.67017   0.0148727
        1362     8.19992     8.66983   0.0148658
        1363      8.4367     8.66966   0.0148559
        1364      8.7732     8.66973   0.0148452
        1365     9.26319     8.67017   0.0148407
        1366     9.14712     8.67052   0.0148339
        1367     8.97732     8.67074   0.0148248
        1368     8.71484     8.67077    0.014814
        1369     8.81181     8.67088   0.0148035
        1370     9.16331     8.67124   0.0147971
        1371     9.13719     8.67158   0.0147902
        1372      9.4479     8.67214   0.0147902
        1373     9.33536     8.67262   0.0147873
        1374      9.3403     8.67311   0.0147846
        1375     8.88574     8.67327   0.0147746
        1376     8.78044     8.67334   0.0147641
        1377     9.34844     8.67383   0.0147615
        1378     9.09011     8.67414   0.0147539
        1379     9.06415     8.67442   0.0147459
        1380      8.6833     8.67442   0.0147352
        1381     8.57429     8.67435   0.0147247
        1382     8.51122     8.67423   0.0147145
        1383     8.22023     8.67391   0.0147076
        1384     8.10998      8.6735   0.0147026
        1385      8.1219      8.6731   0.0146974
        1386     7.81228     8.67248   0.0146999
        1387     8.06423     8.67204   0.0146958
        1388     8.07232     8.67161   0.0146916
        1389     8.27252     8.67132   0.0146838
        1390     8.03261     8.67086   0.0146804
        1391     8.27623     8.67058   0.0146726
        1392     7.80631     8.66996   0.0146752
        1393     8.40241     8.66977   0.0146659
        1394     8.04708     8.66932   0.0146622
        1395     7.91231     8.66878   0.0146617
        1396      7.8658      8.6682   0.0146625
        1397     7.96604      8.6677   0.0146606
        1398     7.74459     8.66704    0.014665
        1399     8.14225     8.66666   0.0146593
        1400     7.71667     8.66598   0.0146645
        1401     7.70588      8.6653   0.0146701
        1402     7.69215      8.6646    0.014676
        1403     7.92391     8.66408   0.0146751
        1404     7.94041     8.66356   0.0146737
        1405     8.23434     8.66326   0.0146664
        1406     8.22096     8.66294   0.0146593
        1407     8.34747     8.66272   0.0146506
        1408     8.64973     8.66271   0.0146402
        1409     8.42661     8.66254   0.0146308
        1410     8.57441     8.66248   0.0146206
        1411     9.09194     8.66278   0.0146134
        1412     8.91045     8.66296   0.0146041
        1413     9.07055     8.66325   0.0145966
        1414     8.88927     8.66341   0.0145871
        1415     9.46771     8.66397   0.0145879
        1416     9.07258     8.66426   0.0145804
        1417     9.21119     8.66465   0.0145753
        1418     9.15569     8.66499   0.0145691
        1419     8.85872     8.66513   0.0145595
        1420     9.15458     8.66548   0.0145533
        1421     9.10487     8.66579   0.0145463
        1422     8.96068     8.66599   0.0145376
        1423     8.99277     8.66622   0.0145292
        1424     9.04387     8.66649   0.0145214
        1425     9.01521     8.66673   0.0145133
        1426     9.12276     8.66705   0.0145066
        1427     8.92935     8.66724   0.0144976
        1428     8.61748      8.6672   0.0144875
        1429     8.66836      8.6672   0.0144774
        1430     8.68148     8.66721   0.0144672
        1431     8.31664     8.66697   0.0144592
        1432     8.33491     8.66674    0.014451
        1433     8.30373     8.66648   0.0144431
        1434     8.24243     8.66619   0.0144361
        1435     7.94071     8.66568   0.0144349
        1436     8.35998     8.66547   0.0144264
        1437     8.26127     8.66519   0.0144191
        1438     8.53504      8.6651   0.0144093
        1439     8.42726     8.66493   0.0144003
        1440     8.37262     8.66473   0.0143917
        1441     8.67126     8.66473   0.0143817
        1442     8.32057     8.66449   0.0143737
        1443     8.28304     8.66423   0.0143662
        1444     8.32132     8.66399   0.0143582
        1445     8.41571     8.66382   0.0143493
        1446     8.40634     8.66364   0.0143405
        1447     8.81572     8.66375   0.0143309
        1448     9.14417     8.66408   0.0143249
        1449     9.09953     8.66438   0.0143182
        1450     8.78898     8.66446   0.0143085
        1451     8.54708     8.66438   0.0142989
        1452     8.81022     8.66448   0.0142894
        1453     8.23599     8.66419   0.0142826
        1454     8.33884     8.66397   0.0142745
        1455     8.09735     8.66358   0.0142701
        1456     8.19741     8.66326   0.0142638
        1457     8.54685     8.66318   0.0142543
        1458     8.50891     8.66307   0.0142449
        1459     8.61726     8.66304   0.0142352
        1460     8.63986     8.66302   0.0142254
        1461     8.55296     8.66295   0.0142159
        1462     8.51718     8.66285   0.0142065
        1463     8.99587     8.66308   0.0141986
        1464     8.96109     8.66328   0.0141904
        1465     9.17313     8.66363    0.014185
        1466     9.32592     8.66408   0.0141825
        1467     8.77832     8.66416    0.014173
        1468     9.28751     8.66458   0.0141697
        1469     9.04943     8.66484   0.0141625
        1470     9.37759     8.66533   0.0141612
        1471     9.36821     8.66581   0.0141596
        1472     9.20761     8.66617   0.0141548
        1473     9.33578     8.66663   0.0141525
        1474     9.26821     8.66704   0.0141487
        1475     9.62002     8.66768   0.0141539
        1476     9.25385     8.66808   0.0141499
        1477     9.01573     8.66832   0.0141422
        1478     8.89449     8.66847   0.0141335
        1479     9.26439     8.66887   0.0141297
        1480     9.24929     8.66926   0.0141256
        1481     9.44686     8.66979   0.0141258
        1482     9.15797     8.67012   0.0141201
        1483     9.03226     8.67036   0.0141127
        1484     8.55965     8.67029   0.0141034
        1485     8.56306     8.67022   0.0140941
        1486     8.81345     8.67031   0.0140849
        1487     8.78028     8.67039   0.0140756
        1488     9.04223     8.67064   0.0140684
        1489      9.5517     8.67123   0.0140714
        1490     9.35819     8.67169   0.0140695
        1491      9.6705     8.67236    0.014076
        1492     9.20269     8.67271   0.0140711
        1493     9.41443     8.67321   0.0140704
        1494     8.88499     8.67335   0.0140617
        1495     8.73569     8.67339   0.0140523
        1496     8.88542     8.67354   0.0140437
        1497     8.42311     8.67337   0.0140353
        1498     8.25307     8.67309   0.0140287
        1499     8.02614     8.67266    0.014026
        1500     8.04377     8.67224   0.0140229
           1     8.65317     8.65317           0
           2     8.79079     8.72198    0.048654
           3     8.63398     8.69265   0.0403208
           4     8.73811     8.70401   0.0318021
           5     8.64414     8.69204   0.0276043
           6     8.68618     8.69106   0.0230208
           7     8.69625      8.6918   0.0197441
           8     8.59851     8.68014   0.0204314
           9     8.70783     8.68322   0.0183914
          10     8.72083     8.68698   0.0169325
          11       8.739     8.69171   0.0160401
          12     8.77707     8.69882   0.0162041
          13     8.78742     8.70564   0.0163281
          14     8.70208     8.70538   0.0151638
          15     8.66756     8.70286    0.014361
          16      8.7004     8.70271   0.0134642
          17     8.72755     8.70417   0.0127513
          18     8.72908     8.70555   0.0121177
          19     8.71559     8.70608   0.0114915
          20     8.72804     8.70718   0.0109692
          21     8.77029     8.71018   0.0108507
          22     8.78591     8.71363   0.0108898
          23     8.69925       8.713   0.0104343
          24     8.78955     8.71619   0.0104757
          25     8.62439     8.71252   0.0106809
          26     8.79044     8.71552   0.0106823
          27     8.80092     8.71868   0.0107448
          28      8.7957     8.72143   0.0107073
          29     8.74914     8.72238   0.0103807
          30     8.74205     8.72304   0.0100553
          31     8.77178     8.72461  0.00985308
          32     8.78015     8.72635  0.00969683
          33     8.67856      8.7249  0.00951051
          34      8.7457     8.72551  0.00925045
          35     8.79176      8.7274  0.00917775
          36     8.65101     8.72528  0.00916489
          37     8.67172     8.72383   0.0090308
          38     8.75988     8.72478  0.00884283
          39     8.69907     8.72412  0.00864064
          40     8.71997     8.72402  0.00842525
          41     8.67616     8.72285  0.00830021
          42      8.7935     8.72453  0.00827125
          43      8.6643     8.72313  0.00819664
          44     8.68775     8.72233  0.00804971
          45      8.6444      8.7206  0.00805495
          46     8.68451     8.71981  0.00791796
          47     8.78122     8.72112  0.00785653
          48     8.67972     8.72026  0.00774005
          49      8.7368      8.7206  0.00758945
          50     8.68205     8.71982  0.00747672
          51     8.82127     8.72181  0.00759012
          52     8.73271     8.72202  0.00744705
          53     8.71486     8.72189  0.00730776
          54     8.80067     8.72335  0.00731661
          55     8.76304     8.72407  0.00721908
          56      8.7247     8.72408  0.00709018
          57       8.706     8.72376  0.00697288
          58     8.67925     8.72299  0.00689476
          59     8.67683     8.72221  0.00682214
          60     8.71169     8.72204   0.0067107
          61     8.75844     8.72263  0.00662717
          62     8.64058     8.72131  0.00665111
          63     8.63325     8.71991  0.00669079
          64     8.74436     8.72029  0.00659714
          65     8.67546     8.71961  0.00653161
          66     8.70106     8.71932  0.00643869
          67     8.63023     8.71799  0.00647843
          68     8.68243     8.71747  0.00640424
          69     8.66452      8.7167  0.00635725
          70     8.74287     8.71708  0.00627741
          71     8.66047     8.71628  0.00623943
          72     8.72334     8.71638  0.00615354
          73     8.72461     8.71649  0.00607028
          74     8.73131     8.71669  0.00599155
          75     8.70118     8.71648  0.00591523
          76     8.81383     8.71777  0.00597447
          77     8.70589     8.71761  0.00589888
          78     8.66223      8.7169  0.00586582
          79      8.7891     8.71782  0.00586233
          80      8.6832     8.71738    0.005805
          81     8.81149     8.71854  0.00584843
          82     8.67727     8.71804  0.00579872
          83       8.692     8.71773  0.00573734
          84     8.76614      8.7183  0.00569792
          85     8.69997     8.71809  0.00563497
          86     8.71848     8.71809  0.00556945
          87     8.76808     8.71867  0.00553499
          88     8.72937     8.71879  0.00547343
          89     8.65165     8.71803  0.00546367
          90     8.73631     8.71824  0.00540674
          91      8.7236      8.7183  0.00534764
          92     8.81678     8.71937  0.00539559
          93     8.69828     8.71914  0.00534234
          94     8.75728     8.71955  0.00530089
          95     8.65742     8.71889  0.00528528
          96     8.76435     8.71937   0.0052514
          97     8.57718      8.7179  0.00539798
          98     8.66064     8.71732  0.00537442
          99     8.73148     8.71746  0.00532204
         100     8.75342     8.71782  0.00528096
