0           0           0
0.00512993           0           0
0.0102599           0           0
0.0153898           0           0
0.0205197           0           0
0.0256496           0           0
0.0307796           0           0
0.0359095           0           0
0.0410394           0           0
0.0461694           0           0
0.0512993           0           0
0.0564292           0           0
0.0615591           0           0
0.0666891           0           0
0.071819           0           0
0.0769489           0           0
0.0820788           0           0
0.0872088           0           0
0.0923387           0           0
0.0974686           0           0
0.102599           0           0
0.107728           0           0
0.112858           0           0
0.117988           0           0
0.123118           0           0
0.128248           0           0
0.133378           0           0
0.138508           0           0
0.143638           0           0
0.148768           0           0
0.153898           0           0
0.159028           0           0
0.164158           0           0
0.169288           0           0
0.174418           0           0
0.179547           0           0
0.184677           0           0
0.189807           0           0
0.194937           0           0
0.200067           0           0
0.205197           0           0
0.210327           0           0
0.215457           0           0
0.220587           0           0
0.225717           0           0
0.230847           0           0
0.235977           0           0
0.241107           0           0
0.246237           0           0
0.251366           0           0
0.256496           0           0
0.261626           0           0
0.266756           0           0
0.271886           0           0
0.277016           0           0
0.282146           0           0
0.287276           0           0
0.292406           0           0
0.297536           0           0
0.302666           0           0
0.307796           0           0
0.312926           0           0
0.318056           0           0
0.323185           0           0
0.328315           0           0
0.333445           0           0
0.338575           0           0
0.343705           0           0
0.348835           0           0
0.353965           0           0
0.359095           0           0
0.364225           0           0
0.369355           0           0
0.374485           0           0
0.379615           0           0
0.384745           0           0
0.389875           0           0
0.395004           0           0
0.400134           0           0
0.405264           0           0
0.410394           0           0
0.415524           0           0
0.420654           0           0
0.425784           0           0
0.430914           0           0
0.436044           0           0
0.441174           0           0
0.446304           0           0
0.451434           0           0
0.456564           0           0
0.461694           0           0
0.466823           0           0
0.471953           0           0
0.477083           0           0
0.482213           0           0
0.487343           0           0
0.492473           0           0
0.497603           0           0
0.502733           0           0
0.507863           0           0
0.512993           0           0
0.518123           0           0
0.523253           0           0
0.528383           0           0
0.533512           0           0
0.538642           0           0
0.543772           0           0
0.548902           0           0
0.554032           0           0
0.559162           0           0
0.564292           0           0
0.569422           0           0
0.574552           0           0
0.579682           0           0
0.584812           0           0
0.589942           0           0
0.595072           0           0
0.600202           0           0
0.605331           0           0
0.610461           0           0
0.615591           0           0
0.620721           0           0
0.625851           0           0
0.630981           0           0
0.636111           0           0
0.641241           0           0
0.646371           0           0
0.651501           0           0
0.656631           0           0
0.661761           0           0
0.666891           0           0
0.672021           0           0
0.67715           0           0
0.68228           0           0
0.68741           0           0
0.69254           0           0
0.69767           0           0
0.7028           0           0
0.70793           0           0
0.71306           0           0
0.71819           0           0
0.72332           0           0
0.72845           0           0
0.73358           0           0
0.73871           0           0
0.74384           0           0
0.748969           0           0
0.754099           0           0
0.759229           0           0
0.764359           0           0
0.769489           0           0
0.774619           0           0
0.779749           0           0
0.784879           0           0
0.790009           0           0
0.795139           0           0
0.800269           0           0
0.805399           0           0
0.810529           0           0
0.815659           0           0
0.820788           0           0
0.825918           0           0
0.831048           0           0
0.836178           0           0
0.841308           0           0
0.846438           0           0
0.851568           0           0
0.856698           0           0
0.861828           0           0
0.866958           0           0
0.872088           0           0
0.877218           0           0
0.882348           0           0
0.887478           0           0
0.892607  0.00896212  0.00630509
0.897737  0.00886027  0.00623344
0.902867   0.0131402   0.0075095
0.907997   0.0303161   0.0111057
0.913127   0.0385423   0.0123174
0.918257   0.0423489   0.0127687
0.923387   0.0963263   0.0186871
0.928517    0.107694   0.0217272
0.933647    0.163872   0.0266841
0.938777    0.190457   0.0240634
0.943907    0.264559   0.0297249
0.949037    0.356883   0.0388444
0.954167    0.439372   0.0383398
0.959297    0.543372   0.0534848
0.964426    0.652827    0.045829
0.969556    0.820743   0.0633795
0.974686    0.887347   0.0566884
0.979816     1.01205     0.05771
0.984946      1.1599   0.0595296
0.990076      1.3994    0.072279
0.995206     1.45718   0.0697143
1.00034     1.54228   0.0653541
1.00547     1.75985   0.0771581
1.0106     1.80504   0.0816566
1.01573     2.04662    0.083399
1.02086     2.13587   0.0829609
1.02599     2.16892    0.080712
1.03112     2.26171   0.0887028
1.03625     2.34258   0.0808074
1.04138     2.28337   0.0842002
1.04651     2.45033   0.0839237
1.05164     2.62041   0.0944413
1.05677      2.4543   0.0856992
1.0619     2.61451   0.0925725
1.06702      2.5989   0.0978511
1.07215     2.50265   0.0916695
1.07728     2.64213   0.0890758
1.08241      2.5379   0.0787456
1.08754     2.44155   0.0809993
1.09267     2.68814   0.0812845
1.0978     2.55934   0.0947855
1.10293     2.65611   0.0963159
1.10806     2.41912   0.0808373
1.11319     2.17483   0.0862319
1.11832     2.36932   0.0890267
1.12345     2.46956   0.0816138
1.12858     2.31811    0.073942
1.13371     2.40291   0.0781166
1.13884     2.14433   0.0839827
1.14397     2.24264   0.0729765
1.1491     2.11712   0.0657977
1.15423     2.05545   0.0805658
1.15936      2.0267   0.0827182
1.16449     1.96938   0.0811037
1.16962     1.96786   0.0682346
1.17475     1.84453   0.0786538
1.17988     1.81572   0.0640889
1.18501     1.77206   0.0709068
1.19014     1.74928   0.0672411
1.19527     1.68428   0.0593998
1.2004     1.65505   0.0727975
1.20553     1.72714   0.0578825
1.21066     1.59059   0.0561766
1.21579     1.55787   0.0583821
1.22092     1.53524   0.0540169
1.22605     1.54147   0.0585116
1.23118     1.53104   0.0614161
1.23631     1.44118   0.0586165
1.24144     1.43164   0.0608164
1.24657     1.16216   0.0496466
1.2517     1.28734   0.0599542
1.25683     1.35611   0.0505208
1.26196     1.28001   0.0538365
1.26709     1.13826   0.0483169
1.27222     1.19541   0.0453051
1.27735     1.17708   0.0565664
1.28248     1.08724   0.0493542
1.28761      1.1951   0.0531444
1.29274     1.14713   0.0510389
1.29787     1.16358   0.0517895
1.303     1.11232   0.0518695
1.30813     1.07646   0.0471966
1.31326     1.01416    0.041363
1.31839     1.12565   0.0491575
1.32352     1.02507   0.0421569
1.32865     1.00503   0.0443298
1.33378    0.908856   0.0466537
1.33891     1.01166   0.0484019
1.34404    0.946545   0.0468927
1.34917    0.905966   0.0456329
1.3543    0.869873   0.0425344
1.35943    0.896239   0.0435591
1.36456    0.829968   0.0401219
1.36969    0.800892   0.0415486
1.37482    0.868753   0.0379587
1.37995    0.807836   0.0383718
1.38508    0.779496   0.0375199
1.39021    0.862618   0.0430899
1.39534    0.760746   0.0363798
1.40047    0.835455   0.0381209
1.4056    0.744268   0.0415736
1.41073    0.787414   0.0322989
1.41586    0.781729    0.040092
1.42099    0.831034   0.0353216
1.42612    0.731838   0.0356891
1.43125    0.738837   0.0349204
1.43638    0.749187   0.0407183
1.44151    0.730098   0.0404473
1.44664    0.832653   0.0393095
1.45177    0.748694   0.0335312
1.4569    0.765356   0.0398373
1.46203    0.617712   0.0306275
1.46716    0.731435   0.0359885
1.47229    0.693339   0.0340019
1.47742    0.713132   0.0304145
1.48255    0.709842   0.0338927
1.48768    0.742152   0.0341717
1.49281    0.650354   0.0313259
1.49794    0.692166   0.0365669
1.50307    0.663697   0.0338232
1.5082    0.712689   0.0318958
1.51333    0.648493    0.032291
1.51846    0.658095   0.0308156
1.52359    0.741555   0.0333545
1.52872    0.730469   0.0333565
1.53385    0.672358    0.030206
1.53898    0.669402   0.0341115
1.54411    0.655963   0.0335752
1.54924    0.642686   0.0292677
1.55437    0.703637   0.0335146
1.5595    0.691665   0.0325053
1.56463    0.687144    0.030149
1.56976    0.662333   0.0297971
1.57489    0.660918   0.0309826
1.58002    0.709687   0.0299059
1.58515    0.680893   0.0286743
1.59028    0.686421   0.0297948
1.59541    0.634209   0.0309316
1.60054    0.677663   0.0328359
1.60567    0.659464   0.0301454
1.6108    0.658036   0.0269459
1.61593    0.745714   0.0301412
1.62106    0.655194   0.0320299
1.62619    0.674084   0.0296168
1.63132    0.684654   0.0323375
1.63645    0.700425   0.0298058
1.64158    0.694733   0.0299632
1.64671     0.71286   0.0282697
1.65184    0.701886   0.0301469
1.65697    0.664957    0.032917
1.6621    0.685486   0.0295431
1.66723    0.682568   0.0310914
1.67236    0.695034   0.0298528
1.67749    0.755677   0.0303013
1.68262    0.740967   0.0329934
1.68775    0.701287   0.0295785
1.69288    0.775749   0.0298845
1.69801    0.733825   0.0306743
1.70314    0.772615   0.0307176
1.70827    0.769216   0.0300435
1.7134    0.753648    0.033448
1.71853    0.792802    0.030552
1.72366    0.736281   0.0299071
1.72879    0.781038   0.0318753
1.73392    0.749041   0.0252358
1.73905    0.805011   0.0291441
1.74418    0.732029   0.0293369
1.74931     0.83773   0.0327452
1.75444    0.775849   0.0291586
1.75957    0.804874   0.0288894
1.7647    0.838149   0.0340944
1.76983    0.813872   0.0269563
1.77496    0.827365   0.0301372
1.78008    0.849729   0.0282538
1.78521    0.845983    0.035544
1.79034    0.818808   0.0323466
1.79547    0.899666   0.0284819
1.8006    0.906703   0.0338233
1.80573     0.85764     0.02902
1.81086     0.88992   0.0300693
1.81599    0.932681   0.0328135
1.82112    0.937158    0.036922
1.82625    0.946939   0.0314361
1.83138    0.930972   0.0319057
1.83651    0.955513   0.0351634
1.84164    0.973432   0.0318889
1.84677     1.02369   0.0356714
1.8519    0.996103   0.0286782
1.85703    0.995806   0.0344264
1.86216    0.973812   0.0327632
1.86729     1.00545   0.0305952
1.87242     1.05511   0.0318745
1.87755     1.04123   0.0317113
1.88268    0.971925   0.0329899
1.88781     1.02192   0.0334659
1.89294     1.02639   0.0334905
1.89807     1.08448   0.0317212
1.9032     1.06579   0.0293282
1.90833     1.04336    0.030459
1.91346     1.08082    0.034375
1.91859     1.08187   0.0295381
1.92372     1.06353   0.0296761
1.92885     1.10987   0.0313324
1.93398     1.09251   0.0330035
1.93911      1.1296   0.0258286
1.94424     1.04976   0.0337914
1.94937     1.16771   0.0345931
1.9545     1.12691   0.0337367
1.95963     1.10703   0.0297195
1.96476     1.16714   0.0324132
1.96989     1.14908   0.0337875
1.97502     1.18536   0.0307471
1.98015     1.12534   0.0346883
1.98528     1.20496    0.031015
1.99041     1.08937   0.0287145
1.99554     1.19352   0.0335277
2.00067     1.18741   0.0356078
2.0058     1.18937   0.0336332
2.01093     1.19926     0.03218
2.01606     1.14646   0.0328886
2.02119     1.20554   0.0303045
2.02632     1.17502   0.0310576
2.03145     1.21337   0.0317159
2.03658     1.17187   0.0316584
2.04171     1.20895   0.0324329
2.04684     1.22343   0.0361437
2.05197      1.2471   0.0304738
2.0571     1.16387   0.0286066
2.06223     1.18252   0.0354905
2.06736     1.26047    0.035355
2.07249     1.19837   0.0308786
2.07762     1.21322    0.029221
2.08275      1.2601   0.0298451
2.08788     1.24078   0.0289518
2.09301     1.20773   0.0318466
2.09814     1.19614   0.0319989
2.10327     1.19356   0.0287411
2.1084     1.17407    0.031972
2.11353     1.19805   0.0326348
2.11866     1.20583   0.0306022
2.12379     1.16825   0.0315521
2.12892      1.1737    0.032682
2.13405     1.19953   0.0270494
2.13918     1.26268   0.0329999
2.14431     1.22393   0.0309914
2.14944     1.17003   0.0283145
2.15457     1.18145   0.0292196
2.1597     1.15588    0.024854
2.16483      1.2024    0.030823
2.16996     1.18988   0.0313313
2.17509     1.15778   0.0256567
2.18022     1.13425   0.0280027
2.18535     1.15144   0.0310546
2.19048     1.17593    0.028284
2.19561     1.15261   0.0298846
2.20074     1.09399   0.0302394
2.20587     1.15371   0.0299671
2.211     1.12125   0.0313092
2.21613     1.12993    0.028947
2.22126     1.13344   0.0257572
2.22639      1.1051   0.0275131
2.23152     1.07269   0.0282477
2.23665     1.06635   0.0276315
2.24178     1.13989    0.026315
2.24691     1.04529    0.027509
2.25204     1.05325   0.0301061
2.25717     1.07801    0.026445
2.2623     1.07943    0.026849
2.26743     1.06062    0.026845
2.27256     1.06764   0.0265473
2.27769      1.0732   0.0268354
2.28282      1.0567   0.0286007
2.28795      1.0684   0.0244346
2.29308     1.04659   0.0244145
2.29821     1.01073    0.026272
2.30334     1.05823   0.0222857
2.30847     1.00782   0.0245964
2.3136     1.05424   0.0257115
2.31873    0.971612   0.0247752
2.32386    0.986572   0.0234931
2.32899     1.00602   0.0253294
2.33412    0.954252   0.0268891
2.33925    0.986088   0.0264184
2.34438     1.03654   0.0271176
2.34951    0.990486   0.0246965
2.35464    0.982948   0.0249244
2.35977    0.991553   0.0262383
2.3649    0.941773   0.0236317
2.37003    0.977255   0.0258022
2.37516    0.955893   0.0250566
2.38029    0.963798   0.0256001
2.38542    0.896062   0.0241796
2.39055    0.946147   0.0267369
2.39568     0.96333   0.0238975
2.40081    0.913219    0.022313
2.40594    0.973711   0.0220108
2.41107    0.940606   0.0259835
2.4162    0.967309   0.0257777
2.42133    0.921659   0.0247795
2.42646    0.898903   0.0195131
2.43159     1.00239   0.0237533
2.43672    0.899203   0.0227187
2.44185    0.881611   0.0212524
2.44698    0.877922   0.0226657
2.45211     0.91776   0.0217114
2.45724    0.945983   0.0218635
2.46237    0.904817   0.0218514
2.4675    0.911068   0.0258305
2.47263    0.899676   0.0245629
2.47776     0.94849   0.0248937
2.48289    0.895751   0.0247458
2.48802    0.912326   0.0213946
2.49314    0.873989   0.0192819
2.49827    0.876723   0.0232806
2.5034    0.894294   0.0256299
2.50853    0.900324   0.0237597
2.51366    0.901194    0.021508
2.51879    0.865335   0.0224057
2.52392     0.86745   0.0227587
2.52905    0.858335   0.0206569
2.53418    0.866585   0.0190258
2.53931    0.918111   0.0236248
2.54444    0.909988    0.022901
2.54957    0.896962   0.0210527
2.5547    0.886778   0.0216616
2.55983     0.88159   0.0196537
