0           0           0
0.00461329           0           0
0.00922657           0           0
0.0138399           0           0
0.0184531           0           0
0.0230664           0           0
0.0276797           0           0
0.032293           0           0
0.0369063           0           0
0.0415196           0           0
0.0461329           0           0
0.0507461           0           0
0.0553594           0           0
0.0599727           0           0
0.064586           0           0
0.0691993           0           0
0.0738126           0           0
0.0784259           0           0
0.0830391           0           0
0.0876524           0           0
0.0922657           0           0
0.096879           0           0
0.101492           0           0
0.106106           0           0
0.110719           0           0
0.115332           0           0
0.119945           0           0
0.124559           0           0
0.129172           0           0
0.133785           0           0
0.138399           0           0
0.143012           0           0
0.147625           0           0
0.152238           0           0
0.156852           0           0
0.161465           0           0
0.166078           0           0
0.170692           0           0
0.175305           0           0
0.179918           0           0
0.184531           0           0
0.189145           0           0
0.193758           0           0
0.198371           0           0
0.202985           0           0
0.207598           0           0
0.212211           0           0
0.216824           0           0
0.221438           0           0
0.226051           0           0
0.230664           0           0
0.235278           0           0
0.239891           0           0
0.244504           0           0
0.249117           0           0
0.253731           0           0
0.258344           0           0
0.262957           0           0
0.267571           0           0
0.272184           0           0
0.276797           0           0
0.28141           0           0
0.286024           0           0
0.290637           0           0
0.29525           0           0
0.299864           0           0
0.304477           0           0
0.30909           0           0
0.313703           0           0
0.318317           0           0
0.32293           0           0
0.327543           0           0
0.332157           0           0
0.33677           0           0
0.341383           0           0
0.345996           0           0
0.35061           0           0
0.355223           0           0
0.359836           0           0
0.36445           0           0
0.369063           0           0
0.373676           0           0
0.378289           0           0
0.382903           0           0
0.387516           0           0
0.392129           0           0
0.396743           0           0
0.401356           0           0
0.405969           0           0
0.410582           0           0
0.415196           0           0
0.419809           0           0
0.424422           0           0
0.429036           0           0
0.433649           0           0
0.438262           0           0
0.442875           0           0
0.447489           0           0
0.452102           0           0
0.456715           0           0
0.461329           0           0
0.465942           0           0
0.470555           0           0
0.475168           0           0
0.479782           0           0
0.484395           0           0
0.489008           0           0
0.493622           0           0
0.498235           0           0
0.502848           0           0
0.507461           0           0
0.512075           0           0
0.516688           0           0
0.521301           0           0
0.525915           0           0
0.530528           0           0
0.535141           0           0
0.539754           0           0
0.544368           0           0
0.548981           0           0
0.553594           0           0
0.558208           0           0
0.562821           0           0
0.567434           0           0
0.572047           0           0
0.576661           0           0
0.581274           0           0
0.585887           0           0
0.590501           0           0
0.595114           0           0
0.599727           0           0
0.60434           0           0
0.608954           0           0
0.613567           0           0
0.61818           0           0
0.622794           0           0
0.627407           0           0
0.63202           0           0
0.636633           0           0
0.641247           0           0
0.64586           0           0
0.650473           0           0
0.655087           0           0
0.6597           0           0
0.664313           0           0
0.668926           0           0
0.67354           0           0
0.678153           0           0
0.682766           0           0
0.68738           0           0
0.691993           0           0
0.696606           0           0
0.701219           0           0
0.705833           0           0
0.710446           0           0
0.715059           0           0
0.719673           0           0
0.724286           0           0
0.728899           0           0
0.733512           0           0
0.738126           0           0
0.742739           0           0
0.747352           0           0
0.751966           0           0
0.756579           0           0
0.761192           0           0
0.765805           0           0
0.770419           0           0
0.775032           0           0
0.779645           0           0
0.784259           0           0
0.788872           0           0
0.793485           0           0
0.798098           0           0
0.802712           0           0
0.807325           0           0
0.811938           0           0
0.816552           0           0
0.821165           0           0
0.825778           0           0
0.830391           0           0
0.835005           0           0
0.839618           0           0
0.844231           0           0
0.848845           0           0
0.853458           0           0
0.858071           0           0
0.862684           0           0
0.867298           0           0
0.871911           0           0
0.876524           0           0
0.881138           0           0
0.885751           0           0
0.890364           0           0
0.894977           0           0
0.899591           0           0
0.904204           0           0
0.908817  0.00349814  0.00349814
0.913431  0.00692597   0.0048726
0.918044   0.0171418  0.00750957
0.922657   0.0305482  0.00976264
0.92727   0.0235245  0.00861776
0.931884   0.0598955   0.0128483
0.936497   0.0593083    0.013557
0.94111   0.0848318   0.0177319
0.945724    0.151861   0.0212721
0.950337    0.195192   0.0222322
0.95495    0.339093   0.0316124
0.959563    0.386069    0.034515
0.964177    0.509856   0.0378882
0.96879    0.652835    0.046994
0.973403     0.76564   0.0467953
0.978017     1.00623   0.0571486
0.98263     1.21535   0.0608919
0.987243     1.47095   0.0676951
0.991856     1.68063   0.0580288
0.99647     2.00574    0.072485
1.00108     2.31039   0.0797592
1.0057     2.69228   0.0922032
1.01031     2.85755   0.0932011
1.01492     3.01692   0.0902032
1.01954     3.29288   0.0916642
1.02415     3.45353   0.0944642
1.02876     3.77234   0.0995695
1.03338     4.26944     0.10158
1.03799     4.26117    0.107286
1.0426      4.5162    0.117919
1.04722     4.54777    0.113619
1.05183     4.94709   0.0887793
1.05644     4.61911    0.108174
1.06106     4.94123    0.101234
1.06567      5.1125    0.117078
1.07028     4.87426    0.105134
1.0749     4.78505   0.0998702
1.07951     4.77162     0.11707
1.08412     4.66475    0.122339
1.08874      4.7498    0.109125
1.09335      4.4317     0.10135
1.09796     4.31305   0.0987571
1.10258     4.18672   0.0941866
1.10719     3.86652   0.0914524
1.1118     3.77608   0.0929917
1.11642     3.47352   0.0920749
1.12103     3.41974   0.0914119
1.12564     3.33248   0.0871123
1.13026      3.1786   0.0799247
1.13487     2.77111   0.0785222
1.13948     2.75099    0.081052
1.14409      2.3864   0.0759617
1.14871     2.29278   0.0780382
1.15332     2.20058   0.0748353
1.15793     2.06231   0.0681707
1.16255     1.75708   0.0589295
1.16716     1.69017    0.055066
1.17177        1.58   0.0524215
1.17639     1.43179    0.048941
1.181       1.234   0.0494467
1.18561     1.15241   0.0445512
1.19023     1.02916   0.0441041
1.19484    0.966531   0.0377551
1.19945    0.774136   0.0379553
1.20407    0.796162   0.0422093
1.20868    0.661394   0.0352911
1.21329      0.5876   0.0331084
1.21791    0.542208    0.029803
1.22252    0.472316   0.0323581
1.22713    0.378481   0.0270953
1.23175    0.358494   0.0248819
1.23636     0.29337   0.0233558
1.24097     0.27241   0.0248168
1.24559    0.261075    0.022176
1.2502    0.242496   0.0209982
1.25481    0.165379   0.0172259
1.25943      0.1587   0.0152629
1.26404    0.135815   0.0148695
1.26865    0.115056   0.0141162
1.27327    0.114225   0.0151187
1.27788    0.104544    0.014268
1.28249   0.0756467   0.0120581
1.28711   0.0558931  0.00890972
1.29172   0.0416215   0.0082197
1.29633   0.0671553   0.0106386
1.30095   0.0632611  0.00991756
1.30556   0.0458384  0.00865166
1.31017   0.0354019  0.00768809
1.31479   0.0502205  0.00841225
1.3194   0.0432211  0.00871985
1.32401   0.0412702  0.00825404
1.32863   0.0409846  0.00852167
1.33324   0.0569827  0.00991942
1.33785   0.0598249  0.00879772
1.34247   0.0497802  0.00932579
1.34708   0.0653889  0.00964267
1.35169   0.0554401   0.0101625
1.35631   0.0912493    0.012685
1.36092   0.0953207   0.0129307
1.36553   0.0822619   0.0129493
1.37015    0.112544   0.0131211
1.37476    0.101071   0.0119654
1.37937    0.141469   0.0124682
1.38399    0.178306   0.0176298
1.3886    0.163615   0.0156918
1.39321    0.222181   0.0201619
1.39783    0.223682   0.0179269
1.40244    0.223687   0.0182923
1.40705     0.27632   0.0204549
1.41167    0.271614   0.0198721
1.41628    0.281395   0.0197132
1.42089    0.345525   0.0226089
1.42551    0.346144    0.024063
1.43012    0.341088   0.0251328
1.43473    0.396557   0.0229096
1.43935    0.508597   0.0269769
1.44396    0.478979   0.0211958
1.44857    0.544914   0.0287088
1.45319    0.538724   0.0250466
1.4578    0.562568    0.026166
1.46241    0.614527   0.0280401
1.46702    0.667168   0.0308227
1.47164    0.701762   0.0318692
1.47625    0.742554   0.0310293
1.48086    0.740582   0.0286344
1.48548    0.808153   0.0265496
1.49009    0.846191   0.0308152
1.4947    0.800813   0.0317611
1.49932    0.829385   0.0340648
1.50393    0.897272   0.0350655
1.50854    0.969404    0.033134
1.51316    0.940751   0.0314034
1.51777    0.955158   0.0316536
1.52238    0.968124   0.0337058
1.527    0.974709   0.0350919
1.53161     0.96762   0.0299105
1.53622    0.963053   0.0322177
1.54084    0.948767   0.0291887
1.54545    0.909177   0.0316535
1.55006    0.913422    0.029675
1.55468    0.899632   0.0309531
1.55929    0.941958   0.0300451
1.5639    0.923395   0.0345248
1.56852    0.839127   0.0298135
1.57313    0.810819   0.0264647
1.57774    0.827029   0.0291511
1.58236     0.76093   0.0326335
1.58697     0.75077   0.0294806
1.59158    0.693849   0.0259574
1.5962    0.721672   0.0317106
1.60081    0.587579   0.0241443
1.60542    0.604434    0.027463
1.61004    0.599863   0.0248343
1.61465    0.537578    0.024847
1.61926    0.484826    0.026634
1.62388    0.485374   0.0256078
1.62849    0.432403   0.0223789
1.6331     0.41368   0.0204558
1.63772     0.39948   0.0187005
1.64233    0.356444   0.0195945
1.64694    0.311748   0.0179984
1.65156    0.305764   0.0161316
1.65617    0.269225   0.0169361
1.66078    0.240435   0.0167042
1.6654    0.201518   0.0140207
1.67001    0.212868   0.0159897
1.67462    0.207568   0.0165081
1.67924    0.205403   0.0155172
1.68385     0.18896   0.0127701
1.68846    0.202152   0.0150393
1.69308    0.173775   0.0161242
1.69769    0.185896   0.0137269
1.7023    0.235861   0.0147294
1.70692    0.218685   0.0134034
1.71153    0.249147   0.0167147
1.71614    0.276329    0.017158
1.72076    0.289523    0.016736
1.72537    0.334678   0.0182574
1.72998    0.351285   0.0168827
1.7346    0.412952   0.0186239
1.73921    0.465345   0.0223217
1.74382     0.48289   0.0233008
1.74844     0.53909   0.0193603
1.75305    0.605059   0.0243777
1.75766    0.663768   0.0231832
1.76228    0.793668   0.0281353
1.76689    0.853551   0.0265051
1.7715    0.875883   0.0306669
1.77612     1.08344   0.0342804
1.78073     1.13265   0.0300855
1.78534     1.21041   0.0341939
1.78995     1.30363   0.0375985
1.79457     1.33742   0.0329574
1.79918     1.52475   0.0323484
1.80379     1.57573    0.035621
1.80841     1.71651    0.035109
1.81302     1.82676   0.0402337
1.81763     1.94026   0.0410981
1.82225     1.95052   0.0512792
1.82686     2.13338   0.0474614
1.83147     2.24788   0.0450393
1.83609     2.39213   0.0465804
1.8407     2.40838   0.0425665
1.84531     2.47804   0.0493021
1.84993     2.46486   0.0460374
1.85454     2.57897   0.0487124
1.85915     2.60727   0.0515513
1.86377     2.62858   0.0457764
1.86838     2.70111   0.0460051
1.87299     2.77041   0.0485678
1.87761     2.67137   0.0493093
1.88222     2.66321    0.044926
1.88683     2.67138   0.0501606
1.89145      2.6519   0.0498677
1.89606     2.53427   0.0442899
1.90067     2.50596   0.0404322
1.90529     2.46992   0.0436125
1.9099     2.41751   0.0443885
1.91451      2.3553   0.0395105
1.91913     2.28265   0.0428205
1.92374     2.23337   0.0398609
1.92835     2.02093   0.0412223
1.93297      2.0462   0.0405657
1.93758     1.95082   0.0359632
1.94219     1.79949   0.0344037
1.94681     1.66409   0.0315797
1.95142      1.6106    0.035356
1.95603     1.45385   0.0357763
1.96065     1.43572   0.0384048
1.96526     1.25871   0.0314764
1.96987     1.21923   0.0270149
1.97449     1.16822   0.0283635
1.9791     1.03926   0.0267911
1.98371    0.985841   0.0251564
1.98833    0.866953   0.0243403
1.99294    0.752801   0.0227361
1.99755    0.774019   0.0238535
2.00217    0.705412   0.0222264
2.00678    0.651095   0.0212875
2.01139    0.575785   0.0200739
2.01601    0.526105   0.0171289
2.02062    0.522289   0.0189911
2.02523    0.486714    0.017986
2.02985    0.463411   0.0185941
2.03446    0.474614   0.0200376
2.03907    0.441113   0.0177749
2.04369    0.437045   0.0178438
2.0483    0.433009   0.0165958
2.05291    0.448254   0.0184498
2.05753     0.49279   0.0190133
2.06214    0.457884   0.0176749
2.06675     0.50672   0.0179978
2.07137    0.506494   0.0173175
2.07598    0.515678   0.0195154
2.08059    0.570291    0.017709
2.08521    0.627749   0.0182484
2.08982    0.582522   0.0192239
2.09443    0.670457   0.0214582
2.09905      0.6833    0.018171
2.10366    0.728108   0.0214915
2.10827    0.746441   0.0215195
2.11288    0.795764   0.0232772
2.1175    0.783257   0.0239047
2.12211    0.844847    0.022821
2.12672    0.902052   0.0224658
2.13134    0.912189   0.0238592
2.13595    0.948907   0.0263478
2.14056    0.986565   0.0266042
2.14518    0.947697      0.0224
2.14979      0.9706   0.0257747
2.1544     1.00391   0.0254829
2.15902      1.0189   0.0238716
2.16363    0.997852   0.0251373
2.16824     1.01457   0.0227855
2.17286    0.970378   0.0253846
2.17747    0.972998   0.0229453
2.18208     1.00176   0.0223308
2.1867    0.987842   0.0250321
2.19131    0.932395   0.0249398
2.19592    0.951923   0.0208305
2.20054    0.942554   0.0215752
2.20515    0.915973   0.0223891
2.20976     0.85637   0.0190353
2.21438    0.838626    0.018983
2.21899    0.811015   0.0224085
2.2236    0.791246   0.0209676
2.22822    0.770466   0.0211674
2.23283    0.735318    0.020628
2.23744    0.701611   0.0210462
2.24206    0.713143   0.0188938
2.24667    0.647064   0.0189785
2.25128    0.667861   0.0173527
2.2559    0.620717    0.019094
2.26051    0.613651   0.0182112
2.26512    0.580091   0.0160135
2.26974    0.616553   0.0217936
2.27435    0.564193   0.0184924
2.27896    0.555775   0.0161749
2.28358    0.556313   0.0148096
2.28819    0.574001   0.0181233
2.2928    0.578863   0.0195974
2.29742    0.602899   0.0182025
2.30203     0.63877   0.0202234
