0           0           0
0.00512993           0           0
0.0102599           0           0
0.0153898           0           0
0.0205197           0           0
0.0256496           0           0
0.0307796           0           0
0.0359095           0           0
0.0410394           0           0
0.0461694           0           0
0.0512993           0           0
0.0564292           0           0
0.0615591           0           0
0.0666891           0           0
0.071819           0           0
0.0769489           0           0
0.0820788           0           0
0.0872088           0           0
0.0923387           0           0
0.0974686           0           0
0.102599           0           0
0.107728           0           0
0.112858           0           0
0.117988           0           0
0.123118           0           0
0.128248           0           0
0.133378           0           0
0.138508           0           0
0.143638           0           0
0.148768           0           0
0.153898           0           0
0.159028           0           0
0.164158           0           0
0.169288           0           0
0.174418           0           0
0.179547           0           0
0.184677           0           0
0.189807           0           0
0.194937           0           0
0.200067           0           0
0.205197           0           0
0.210327           0           0
0.215457           0           0
0.220587           0           0
0.225717           0           0
0.230847           0           0
0.235977           0           0
0.241107           0           0
0.246237           0           0
0.251366           0           0
0.256496           0           0
0.261626           0           0
0.266756           0           0
0.271886           0           0
0.277016           0           0
0.282146           0           0
0.287276           0           0
0.292406           0           0
0.297536           0           0
0.302666           0           0
0.307796           0           0
0.312926           0           0
0.318056           0           0
0.323185           0           0
0.328315           0           0
0.333445           0           0
0.338575           0           0
0.343705           0           0
0.348835           0           0
0.353965           0           0
0.359095           0           0
0.364225           0           0
0.369355           0           0
0.374485           0           0
0.379615           0           0
0.384745           0           0
0.389875           0           0
0.395004           0           0
0.400134           0           0
0.405264           0           0
0.410394           0           0
0.415524           0           0
0.420654           0           0
0.425784           0           0
0.430914           0           0
0.436044           0           0
0.441174           0           0
0.446304           0           0
0.451434           0           0
0.456564           0           0
0.461694           0           0
0.466823           0           0
0.471953           0           0
0.477083           0           0
0.482213           0           0
0.487343           0           0
0.492473           0           0
0.497603           0           0
0.502733           0           0
0.507863           0           0
0.512993           0           0
0.518123           0           0
0.523253           0           0
0.528383           0           0
0.533512           0           0
0.538642           0           0
0.543772           0           0
0.548902           0           0
0.554032           0           0
0.559162           0           0
0.564292           0           0
0.569422           0           0
0.574552           0           0
0.579682           0           0
0.584812           0           0
0.589942           0           0
0.595072           0           0
0.600202           0           0
0.605331           0           0
0.610461           0           0
0.615591           0           0
0.620721           0           0
0.625851           0           0
0.630981           0           0
0.636111           0           0
0.641241           0           0
0.646371           0           0
0.651501           0           0
0.656631           0           0
0.661761           0           0
0.666891           0           0
0.672021           0           0
0.67715           0           0
0.68228           0           0
0.68741           0           0
0.69254           0           0
0.69767           0           0
0.7028           0           0
0.70793           0           0
0.71306           0           0
0.71819           0           0
0.72332           0           0
0.72845           0           0
0.73358           0           0
0.73871           0           0
0.74384           0           0
0.748969           0           0
0.754099           0           0
0.759229           0           0
0.764359           0           0
0.769489           0           0
0.774619           0           0
0.779749           0           0
0.784879           0           0
0.790009           0           0
0.795139           0           0
0.800269           0           0
0.805399           0           0
0.810529           0           0
0.815659           0           0
0.820788           0           0
0.825918           0           0
0.831048           0           0
0.836178           0           0
0.841308           0           0
0.846438           0           0
0.851568           0           0
0.856698           0           0
0.861828           0           0
0.866958           0           0
0.872088           0           0
0.877218           0           0
0.882348           0           0
0.887478  0.00453286  0.00453286
0.892607  0.00448106  0.00448106
0.897737  0.00443014  0.00443014
0.902867   0.0175203  0.00862641
0.907997   0.0303161   0.0126976
0.913127   0.0428248   0.0129122
0.918257   0.0592885   0.0159481
0.923387    0.108891   0.0219686
0.928517    0.153257   0.0254281
0.933647    0.143388   0.0228324
0.938777    0.153987   0.0228797
0.943907    0.228483   0.0268776
0.949037    0.352918   0.0417588
0.954167    0.498216   0.0412971
0.959297    0.543372   0.0499544
0.964426    0.622105   0.0465642
0.969556    0.870139   0.0554185
0.974686    0.985106   0.0587322
0.979816     1.03066   0.0643057
0.984946     1.19304   0.0686631
0.990076     1.45406   0.0705461
0.995206      1.3598   0.0767032
1.00034     1.66723   0.0728395
1.00547      1.6397   0.0778968
1.0106     1.96246   0.0725467
1.01573     1.93927    0.082362
1.02086     2.10844   0.0771043
1.02599      2.1214    0.089787
1.03112     2.20458   0.0837364
1.03625     2.56885   0.0820654
1.04138     2.35915   0.0933962
1.04651     2.59063   0.0941101
1.05164     2.49763   0.0962069
1.05677      2.4159   0.0904344
1.0619     2.47507   0.0944515
1.06702     2.57379   0.0873085
1.07215     2.45291   0.0889145
1.07728      2.6175   0.0856014
1.08241     2.68127   0.0889901
1.08754      2.5745   0.0885913
1.09267     2.49955   0.0876493
1.0978     2.59789   0.0899244
1.10293     2.52683   0.0868998
1.10806     2.41912   0.0794488
1.11319     2.37962   0.0910624
1.11832     2.25214   0.0774261
1.12345     2.25432   0.0815979
1.12858     2.35179    0.085903
1.13371      2.3306   0.0713484
1.13884     2.24631   0.0872799
1.14397     2.20986   0.0713894
1.1491     2.06568   0.0714379
1.15423     2.15205   0.0756069
1.15936     2.01873   0.0707336
1.16449     1.89293   0.0752599
1.16962      2.0933   0.0684406
1.17475     1.76422   0.0750743
1.17988     1.74638   0.0619475
1.18501     1.78989   0.0693696
1.19014     1.80229   0.0650781
1.19527     1.79439   0.0707902
1.2004     1.65009   0.0569093
1.20553     1.69515   0.0643754
1.21066     1.57839   0.0631276
1.21579     1.42966   0.0577484
1.22092     1.54243   0.0651614
1.22605     1.53196   0.0562036
1.23118     1.47678   0.0521202
1.23631     1.42012   0.0584781
1.24144      1.4154   0.0603176
1.24657     1.34396   0.0602882
1.2517     1.27821   0.0539948
1.25683     1.30404   0.0532766
1.26196     1.21264    0.048406
1.26709     1.32315    0.046941
1.27222     1.18436   0.0524137
1.27735     1.20338   0.0540066
1.28248     1.15248    0.050832
1.28761     1.07214   0.0449016
1.29274     1.16854   0.0464746
1.29787     1.20605   0.0474194
1.303      1.1039   0.0466879
1.30813     1.07228   0.0456064
1.31326     1.00379   0.0443853
1.31839    0.971314   0.0425956
1.32352     1.01895    0.045196
1.32865    0.994899   0.0442525
1.33378    0.963146    0.038587
1.33891    0.915886   0.0382715
1.34404    0.976249    0.038205
1.34917    0.894174   0.0446373
1.3543    0.867922   0.0398242
1.35943    0.933018   0.0437952
1.36456     0.87992   0.0415193
1.36969    0.850471   0.0400561
1.37482    0.897143   0.0373363
1.37995    0.881105    0.043114
1.38508    0.827981   0.0387125
1.39021    0.790424   0.0360613
1.39534     0.83976   0.0390245
1.40047    0.808093   0.0435588
1.4056    0.733403   0.0359765
1.41073    0.789212   0.0358545
1.41586     0.77102   0.0393713
1.42099     0.79028   0.0381469
1.42612    0.779337   0.0384335
1.43125    0.724864   0.0373525
1.43638    0.790808   0.0389988
1.44151    0.754205   0.0370996
1.44664    0.706131    0.038011
1.45177    0.731717   0.0329708
1.4569    0.713096   0.0327535
1.46203    0.703087   0.0285521
1.46716    0.724785   0.0367954
1.47229    0.759372   0.0353514
1.47742    0.673787    0.030991
1.48255    0.722866   0.0330771
1.48768    0.700112   0.0366304
1.49281    0.741886   0.0363598
1.49794    0.708114   0.0337993
1.50307    0.649441   0.0309107
1.5082    0.698529   0.0364923
1.51333    0.651618   0.0363636
1.51846    0.704658   0.0308393
1.52359    0.721513   0.0353929
1.52872    0.699842   0.0325223
1.53385    0.652583   0.0305993
1.53898    0.645225   0.0299033
1.54411    0.691988   0.0267239
1.54924    0.682947   0.0364751
1.55437    0.669566   0.0305462
1.5595    0.663704   0.0288693
1.56463    0.659366   0.0308565
1.56976    0.662333   0.0302936
1.57489    0.656589   0.0339744
1.58002    0.689615   0.0308841
1.58515    0.683742   0.0332066
1.59028    0.666607   0.0294478
1.59541    0.642647   0.0297975
1.60054    0.634349   0.0304065
1.60567    0.663629   0.0333471
1.6108    0.669072   0.0287088
1.61593    0.712815   0.0292904
1.62106    0.668815   0.0328617
1.62619    0.679499   0.0234826
1.63132    0.690034   0.0330949
1.63645    0.731169    0.032712
1.64158    0.692076   0.0288998
1.64671    0.694378   0.0304069
1.65184    0.690079   0.0314589
1.65697    0.698857   0.0291559
1.6621    0.794334   0.0339437
1.66723    0.704462   0.0306002
1.67236    0.719353   0.0300476
1.67749    0.679346   0.0287169
1.68262    0.744761   0.0301211
1.68775     0.73522   0.0297504
1.69288    0.749515   0.0294437
1.69801       0.745   0.0287835
1.70314    0.783723    0.032269
1.70827    0.705421   0.0309665
1.7134    0.762184   0.0292296
1.71853    0.760072   0.0286689
1.72366    0.757971   0.0303647
1.72879    0.772653   0.0317794
1.73392    0.783576   0.0276665
1.73905    0.769496   0.0303575
1.74418    0.794405   0.0300342
1.74931    0.792099   0.0282147
1.75444    0.813071    0.028227
1.75957    0.778276   0.0280802
1.7647    0.824353   0.0299569
1.76983      0.8836   0.0315399
1.77496    0.826229   0.0305147
1.78008    0.871198   0.0344571
1.78521    0.881935   0.0326233
1.79034    0.931631    0.034974
1.79547    0.861902   0.0325881
1.8006    0.922164   0.0314872
1.80573    0.919136   0.0329127
1.81086    0.883369   0.0298974
1.81599     0.91748   0.0296198
1.82112    0.873457   0.0295221
1.82625    0.881447    0.029325
1.83138    0.929905    0.030924
1.83651    0.947019   0.0316777
1.84164    0.997715   0.0297629
1.84677    0.895593   0.0314964
1.8519    0.977308   0.0295519
1.85703     1.00204   0.0295316
1.86216    0.929407   0.0321574
1.86729     1.03523   0.0279142
1.87242    0.974419   0.0336865
1.87755      1.0453   0.0329974
1.88268     1.07599   0.0300318
1.88781    0.954599   0.0286535
1.89294     1.03139    0.031823
1.89807     1.07354   0.0315605
1.9032     1.09743   0.0353971
1.90833     1.06991   0.0327279
1.91346     1.06517   0.0286906
1.91859       1.113   0.0343853
1.92372     1.05579   0.0350432
1.92885     1.11564   0.0357062
1.93398     1.09729   0.0356299
1.93911     1.08103   0.0275572
1.94424     1.07344   0.0306207
1.94937      1.0433   0.0332807
1.9545     1.11847   0.0343696
1.95963     1.19843   0.0351811
1.96476     1.18477   0.0328045
1.96989     1.08724   0.0339959
1.97502     1.14588   0.0299441
1.98015     1.11803   0.0297226
1.98528     1.18133   0.0291397
1.99041     1.14723    0.037057
1.99554     1.17823   0.0264625
2.00067      1.2071   0.0316042
2.0058     1.20984   0.0348392
2.01093     1.21697   0.0314629
2.01606     1.21432   0.0302054
2.02119     1.23009   0.0327212
2.02632      1.2169   0.0325068
2.03145     1.25069   0.0347194
2.03658     1.18137   0.0318394
2.04171     1.23817   0.0307047
2.04684     1.25763    0.033085
2.05197     1.19606   0.0339158
2.0571     1.30438   0.0300314
2.06223     1.26674    0.036111
2.06736     1.21857   0.0291641
2.07249     1.18753   0.0269282
2.07762     1.21322   0.0278311
2.08275     1.18991   0.0316479
2.08788     1.26461   0.0318759
2.09301     1.23716   0.0304104
2.09814     1.20509   0.0263655
2.10327     1.17412   0.0336237
2.1084     1.24498   0.0353269
2.11353     1.21329   0.0298017
2.11866     1.16513   0.0331667
2.12379     1.18255   0.0293468
2.12892     1.18635   0.0307958
2.13405     1.15942   0.0315548
2.13918     1.21728   0.0319074
2.14431     1.14213   0.0270158
2.14944     1.14522   0.0304188
2.15457     1.14364   0.0257317
2.1597     1.18276   0.0273561
2.16483     1.20316   0.0303554
2.16996     1.24389   0.0318468
2.17509     1.18806   0.0325145
2.18022     1.16817   0.0291496
2.18535     1.14994    0.028048
2.19048     1.16473    0.029846
2.19561     1.11471   0.0273812
2.20074     1.11692    0.028004
2.20587     1.08303   0.0304608
2.211     1.13371   0.0295433
2.21613     1.14452   0.0297203
2.22126     1.09931   0.0267735
2.22639     1.11811   0.0271494
2.23152     1.10003   0.0271376
2.23665     1.11075    0.028889
2.24178     1.10425   0.0261192
2.24691      1.0609   0.0275371
2.25204      1.0801   0.0275755
2.25717     1.08785   0.0281184
2.2623     1.05143   0.0293807
2.26743     1.12195   0.0245929
2.27256     1.05029   0.0252546
2.27769     1.06491   0.0260661
2.28282     1.06701   0.0257145
2.28795    0.990371   0.0237583
2.29308     1.07385   0.0278527
2.29821     0.99309   0.0280851
2.30334     1.05081   0.0277917
2.30847     1.02867   0.0240711
2.3136     1.02144   0.0278451
2.31873    0.980941   0.0265731
2.32386    0.960697   0.0260564
2.32899     1.06018   0.0279676
2.33412     1.03909   0.0237764
2.33925    0.941564    0.026516
2.34438    0.966788   0.0217118
2.34951    0.971014   0.0253647
2.35464    0.934479   0.0238188
2.35977    0.983831    0.021415
2.3649    0.969322    0.023722
2.37003       0.909    0.022818
2.37516    0.944461   0.0215465
2.38029     0.91194   0.0247995
2.38542    0.930695   0.0231077
2.39055    0.937995   0.0223671
2.39568    0.951468   0.0212251
2.40081    0.972899   0.0254771
2.40594    0.888906     0.02391
2.41107    0.939373   0.0279407
2.4162    0.898566   0.0239948
2.42133    0.885599    0.022611
2.42646    0.897686   0.0220094
2.43159    0.904815    0.022843
2.43672    0.885323   0.0212209
2.44185    0.907452   0.0207213
2.44698    0.871339    0.021708
2.45211     0.87962    0.022252
2.45724    0.875361   0.0240716
2.46237    0.926684   0.0217897
2.4675    0.896943   0.0212635
2.47263    0.858649   0.0221408
2.47776    0.930396   0.0192217
2.48289    0.895751   0.0199504
2.48802    0.905959   0.0221296
2.49314    0.887825   0.0206973
2.49827    0.884761   0.0223501
2.5034    0.863416   0.0208871
2.50853    0.913991   0.0221572
2.51366    0.845047   0.0230622
2.51879    0.926338   0.0222776
2.52392    0.868012   0.0202791
2.52905    0.859456   0.0191157
2.53418    0.868259   0.0178464
2.53931    0.913109   0.0195775
2.54444    0.907221   0.0209913
2.54957    0.909641   0.0218632
2.5547    0.914232   0.0205802
2.55983    0.905106   0.0184501
