0.50366
0.500854
0.504052
0.501214
0.50016
0.500319
0.502089
0.50203
0.502239
0.502628
0.501397
0.500565
0.500215
0.500143
0.499685
0.499716
0.500321
0.500574
0.500522
0.501175
0.501247
0.501151
0.501334
0.501583
0.501462
0.501434
0.501292
0.501867
0.501892
0.50228
0.502278
0.502462
0.502263
0.502078
0.501637
0.501591
0.501501
0.501685
0.501896
0.50158
0.501375
0.501197
0.501387
0.501367
0.501335
0.501369
0.501285
0.501277
0.501438
0.501327
0.501351
0.501184
0.501065
0.501204
0.501203
0.501284
0.501
0.50095
0.501002
0.501077
0.50095
0.501046
0.501179
0.501198
0.501308
0.501418
0.501323
0.501259
0.501178
0.501304
0.501193
0.501143
0.500999
0.50097
0.500807
0.500742
0.500597
0.500611
0.500629
0.500772
0.500632
0.50056
0.500548
0.500749
0.500671
0.50057
0.500522
0.500567
0.500627
0.500731
0.500717
0.500638
0.500769
0.500728
0.500756
0.500797
0.500794
0.50085
0.500841
0.50078
0.500901
0.500811
0.500888
0.500899
0.500886
0.50082
0.500823
0.500899
0.500856
0.500737
0.500773
0.500732
0.500698
0.500542
0.500577
0.500582
0.500551
0.500551
0.500632
0.500683
0.500663
0.500757
0.500772
0.500811
0.500854
0.500842
0.500757
0.500743
0.500758
0.500817
0.500865
0.500873
0.501023
0.50103
0.500994
0.501061
0.501203
0.501202
0.501211
0.501141
0.501118
0.501202
0.501239
0.501216
0.501228
0.501197
0.501214
0.501176
0.501149
0.501086
0.501115
0.501151
0.501162
0.501156
0.501129
0.501167
0.501074
0.501025
0.501044
0.501014
0.500969
0.500888
0.500889
0.500895
0.500844
0.500838
0.50085
0.500839
0.500811
0.500805
0.500762
0.500694
0.500746
0.500698
0.500758
0.500767
0.50076
0.50078
0.500753
0.50074
0.50074
0.500759
0.500748
0.500844
0.500877
0.500836
0.500815
0.500871
0.500838
0.500901
0.500953
0.500977
0.50094
0.500927
0.500975
0.50096
0.50098
0.500923
0.50089
0.500931
0.500937
0.500913
0.500934
0.500921
0.500986
0.500935
0.500916
0.500922
0.500949
0.50097
0.500967
0.500938
0.500905
0.500905
0.500865
0.500851
0.500795
0.500831
0.500779
0.500801
0.500843
0.500841
0.500847
0.500906
0.500926
0.500903
0.500898
0.500879
0.50087
0.500814
0.500809
0.500813
0.500801
0.500767
0.500755
0.500687
0.500651
0.500633
0.50061
0.500551
0.500539
0.50053
0.500571
0.50058
0.500574
0.500604
0.500618
0.50062
0.5006
0.500604
0.500545
0.500551
0.500542
0.500519
0.500486
0.500517
0.500577
0.500555
0.50053
0.500551
0.500567
0.500563
0.500535
0.500524
0.500506
0.50048
0.500481
0.500481
0.500427
0.50041
0.500405
0.500439
0.500429
0.500456
0.500479
0.500469
0.500458
0.500467
0.500468
0.500443
0.500465
0.50044
0.500437
0.500461
0.500425
0.500444
0.500445
0.500428
0.500454
0.500446
0.500457
0.500463
0.500466
0.500478
0.500503
0.500484
0.50046
0.500409
0.500454
0.500463
0.500435
0.500442
0.500417
0.50039
0.500375
0.500386
0.500382
0.500327
0.500353
0.500347
0.500331
0.500313
0.500298
0.500303
0.500263
0.500276
0.500297
0.500302
0.500273
0.500268
0.500268
0.50024
0.500225
0.500216
0.50022
0.500215
0.50022
0.500223
0.500221
0.500198
0.500186
0.500192
0.500182
0.500193
0.50019
0.500215
0.500248
0.500246
0.500247
0.500249
0.500223
0.500227
0.500241
0.500218
0.500228
0.500276
0.500302
0.500294
0.500281
0.500272
0.500265
0.500275
0.500278
0.500292
0.500286
0.500288
0.500277
0.500303
0.500306
0.500323
0.50034
0.500348
0.500329
0.50032
0.500324
0.500329
0.500332
0.500315
0.500335
0.500332
0.500334
0.500325
0.500332
0.500334
0.500337
0.50035
0.500355
0.500361
0.500324
0.500303
0.500288
0.500306
0.500314
0.500308
0.500312
0.500317
0.500315
0.500291
0.500291
0.500295
0.500293
0.500281
0.500248
0.500246
0.500236
0.500253
0.500274
0.500259
0.500256
0.500276
0.500248
0.500234
0.500245
0.500268
0.500266
0.50021
0.500209
0.500221
0.50023
0.500222
0.500214
0.500198
0.500189
0.500198
0.500204
0.500186
0.500176
0.500158
0.500161
0.500143
0.500166
0.500166
0.500131
0.500109
0.500117
0.500109
0.500078
0.50007
0.500071
0.500055
0.500069
0.500082
0.500095
0.500102
0.500089
0.5001
0.500107
0.500093
0.500101
0.50009
0.500103
0.500108
0.500112
0.5001
0.500101
0.500078
0.50008
0.500069
0.500059
0.500047
0.500068
0.5001
0.500108
0.500129
0.500117
0.500118
0.500118
0.500116
0.500126
0.500128
0.500119
0.5001
0.500082
0.500098
0.500096
0.500103
0.500106
0.500094
0.500107
0.500124
0.500136
0.500138
0.500142
0.500127
0.500132
0.500145
0.500175
0.500182
0.500184
0.500185
0.500179
0.500182
0.500157
0.500144
0.500163
0.500162
0.500143
0.50014
0.500144
0.500148
0.500133
0.500139
0.500139
0.500119
0.500117
0.500122
0.500105
0.500116
0.500114