3.13479
3.13648
3.13543
3.13675
3.13758
3.1388
3.13967
3.14021
3.14036
3.14021
3.14034
3.14005
3.14034
3.14056
3.14053
3.14093
3.14067
3.14054
3.14057
3.14046
3.14024
3.14016
3.14004
3.1404
3.14049
3.1407
3.14072
3.14085
3.14099
3.14097
3.14105
3.14101
3.14108
3.14107
3.14123
3.14117
3.1414
3.14146
3.14149
3.14165
3.14158
3.14157
3.14137
3.14124
3.14138
3.14139
3.14144
3.14148
3.14142
3.1415
3.14144
3.14138
3.14136
3.14138
3.14141
3.1416
3.14158
3.14175
3.14184
3.1419
3.14191
3.14184
3.14189
3.14191
3.14193
3.14184
3.14187
3.14191
3.14192
3.14208
3.14212
3.1422
3.14224
3.1421
3.14219
3.14223
3.14218
3.14216
3.14218
3.14219
3.14225
3.14226
3.14225
3.14227
3.14222
3.14233
3.14241
3.14245
3.14253
3.14255
3.14248
3.14247
3.14258
3.14251
3.14248
3.14239
3.14235
3.14236
3.14238
3.14235
3.14228
3.14234
3.14232
3.14236
3.14243
3.14246
3.14247
3.14249
3.1425
3.14255
3.14247
3.14245
3.1424
3.14239
3.14239
3.14236
3.14232
3.14236
3.14237
3.14233
3.14229
3.14231
3.14234
3.14236
3.14238
3.14234
3.14229
3.14223
3.14215
3.14215
3.14211
3.14214
3.14214
3.14218
3.14219
3.14216
3.14217
3.14214
3.14214
3.14217
3.14218
3.14217
3.14214
3.14219
3.14221
3.14219
3.14218
3.14217
3.14215
3.14216
3.14219
3.14216
3.14213
3.14216
3.14219
3.14215
3.14217
3.14216
3.14215
3.14211
3.1421
3.1421
3.1421
3.14211
3.14212
3.14213
3.14214
3.14216
3.14216
3.14216
3.14217
3.14217
3.14213
3.14215
3.14214
3.14212
3.14211
3.14207
3.14206
3.14204
3.14203
3.14205
3.14206
3.14202
3.14209
3.14208
3.14206
3.14201
3.142
3.14193
3.14193
3.14191
3.14191
3.14192
3.14191
3.14196
3.14197
3.14196
3.14193
3.14195
3.14195
3.14194
3.14191
3.14193
3.14192
3.14189
3.14192
3.14191
3.1419
3.14187
3.14187
3.14187
3.14187
3.14189
3.14189
3.14186
3.14185
3.14188
3.14189
3.14189
3.14189
3.14189
3.14189
3.14189
3.14186
3.14184
3.1418
3.14182
3.14181
3.14181
3.14182
3.14182
3.14182
3.14177
3.14181
3.14182
3.14182
3.14183
3.14182
3.14183
3.1418
3.14176
3.14175
3.14176
3.14173
3.14171
3.14171
3.14169
3.14166
3.14165
3.14166
3.14166
3.14168
3.1417
3.14167
3.14165
3.14162
3.14165
3.14163
3.14165
3.14164
3.14164
3.14165
3.14165
3.14163
3.14165
3.14166
3.14165
3.14164
3.14165
3.14165
3.14165
3.14167
3.14169
3.14168
3.14169
3.14169
3.14168
3.14168
3.14168
3.14166
3.14166
3.14169
3.14169
3.14169
3.1417
3.14169
3.14169
3.14173
3.14173
3.14173
3.14171
3.14173
3.14173
3.14174
3.14175
3.14172
3.14172
3.14169
3.14171
3.1417
3.14171
3.1417
3.14169
3.1417
3.14172
3.14173
3.14174
3.14174
3.14173
3.14173
3.14171
3.14171
3.14169
3.14168
3.14169
3.14168
3.14169
3.14169
3.14167
3.14172
3.14173
3.14172
3.14172
3.14173
3.14173
3.14173
3.14175
3.14174
3.14175
3.14175
3.14178
3.14178
3.14177
3.14174
3.14176
3.14174
3.14173
3.14173
3.14174
3.14174
3.14174
3.14173
3.14172
3.14173
3.14171
3.14171
3.14171
3.14173
3.1417
3.14169
3.14168
3.14169
3.14167
3.14167
3.14167
3.1417
3.14171
3.14171
3.1417
3.14169
3.14167
3.14168
3.1417
3.14169
3.14169
3.14171
3.14171
3.14168
3.14168
3.14167
3.14166
3.14166
3.14165
3.14164
3.14162
3.14159
3.14158
3.14158
3.14158
3.14158
3.14158
3.14158
3.14158
3.14158
3.14158
3.14159
3.14159
3.14158
3.14157
3.14157
3.14158
3.14156
3.14156
3.14158
3.14156
3.14158
3.14158
3.14159
3.1416
3.14161
3.14163
3.14163
3.14162
3.14163
3.14163
3.14164
3.14164
3.14166
3.14165
3.14166
3.14167
3.14166
3.14165
3.14165
3.14164
3.14162
3.14161
3.14162
3.14162
3.14161
3.14161
3.14161
3.14161
3.14161
3.1416
3.14159
3.14158
3.14159
3.14159
3.1416
3.14161
3.1416
3.14161
3.14161
3.14158
3.14159
3.14157
3.14156
3.14157
3.14157
3.14156
3.14155
3.14156
3.14156
3.14157
3.14157
3.14159
3.14158
3.14158
3.14159
3.14161
3.14163
3.14162
3.14163
3.14163
3.14164
3.14163
3.14163
3.14164
3.14165
3.14166
3.14167
3.14166
3.14166
3.14166
3.14165
3.14167
3.14166
3.14165
3.14166
3.14166
3.14166
3.14166
3.14167
3.14167
3.14167
3.14168
3.14169
3.14167
3.14165
3.14165
3.14165
3.14164
3.14166
3.14166
3.14164
3.14165
3.14166
3.14166
3.14165
3.14164
3.14164
3.14165
3.14164
3.14165
3.14165
3.14166
3.14165
3.14166
3.14166
3.14166
3.14168
3.14168
3.14169
3.14169
3.14169
3.14168
3.14168
3.14168
3.14167
3.14168
3.14168
3.14167
3.14167
3.14166
3.14168
3.14168
3.14167
3.14166
3.14167
3.14166
3.14168
3.1417
3.14168
3.14167
3.14167
3.14165
3.14166
3.14166
3.14167
3.14167
3.14167
3.14167
3.14167
3.14166
3.14166
3.14165
3.14165
3.14166
3.14166
3.14165
3.14165
3.14167
3.14169
3.14169
3.14169
3.1417
3.14169
3.1417
3.14171
3.14171
3.14171
3.14171
3.14171
3.14171
3.14171
3.14173
3.14171
3.1417
3.14169
3.14168
3.14168
3.14168
3.14168
3.14168
3.14169
3.14168
3.14169
3.1417
3.14171
3.1417
3.1417
3.14169
3.14171
3.14171
3.1417
3.14171
3.14171
3.14171
3.14171
3.14171
3.14171
3.14171
3.1417
3.14169
3.1417
3.14171
3.1417
3.1417
3.14171
3.14169
3.1417
3.1417
3.1417
3.14169
3.14169
3.14168
3.14168
3.14169
3.1417
3.14169
3.14168
3.14168
3.14168
3.14167
3.14167
3.14166
3.14167
3.14168
3.14168
3.14168
3.14167
3.14166
3.14168
3.14168
3.14168
3.14168
3.14168
3.14168
3.14168
3.14167
3.14168
3.14167
3.14167
3.14167
3.14166
3.14166
3.14167
3.14167
3.14166
3.14166
3.14167
3.14166
3.14166
3.14166
3.14167
3.14166
3.14166
3.14166
3.14165
3.14166
3.14166
3.14166
3.14167
3.14167
3.14168
3.14168
3.14169
3.14168
3.14168
3.14169
3.14169
3.1417
3.1417
3.1417
3.14169
3.1417
3.14169
3.14169
3.14169
3.1417
3.1417
3.1417
3.14169
3.14168
3.14168
3.14169
3.14168
3.14169
3.14168
3.14167
3.14165
3.14166
3.14166
3.14166
3.14165
3.14166
3.14166
3.14166
3.14167
3.14167
3.14167
3.14168
3.14168
3.14167
3.14168
3.14168
3.14168
3.14169
3.1417
3.14171
3.14172
3.14171
3.14172
3.14173
3.14172
3.14171
3.14172
3.14172
3.14172
3.14171
3.14171
3.14173
3.14173
3.14171
3.14171
3.14171
3.14173
3.14174
3.14175
3.14174
3.14174
3.14174
3.14175
3.14174
3.14174
3.14174
3.14174
3.14174
3.14175
3.14175
3.14175
3.14174
3.14174
3.14174
3.14174
3.14174
3.14173
3.14173
3.14173
3.14172
3.14173
3.14172
3.14171
3.14172
3.14172
3.14172
3.14172
3.1417
3.1417
3.1417
3.14169
3.14169
3.14169
3.14168
3.14169
3.14168
3.14169
3.14169
3.14169
3.14169
3.1417
3.14169
3.14169
3.14169
3.14168
3.14168
3.14168
3.14167
3.14167
3.14167
3.14168
3.14168
3.14168
3.14169
3.14169
3.1417
3.1417
3.1417
3.1417
3.1417
3.1417
3.1417
3.1417
3.14169
3.1417
3.14171
3.14171
3.14171
3.1417
3.14169
3.14168
3.14168
3.14168
3.14169
3.14169
3.14169
3.14169
3.1417
3.1417
3.1417
3.1417
3.1417
3.1417
3.14171
3.14171
3.14171
3.14172
3.14171
3.14171
3.14171
3.1417
3.14171
3.1417
3.1417
3.1417
3.14169
3.14169
3.14169
3.14168
3.14168
3.14167
3.14167
3.14166
3.14166
3.14165
3.14163
3.14162
3.14162
3.14163
3.14162
3.14162
3.14161
3.14161
3.14161
3.1416
3.14161
3.1416
3.1416
3.14161
3.14161
3.14161
3.14161
3.14162
3.14163
3.14163
3.14163
3.14164
3.14163
3.14164
3.14165
3.14165
3.14165
3.14165
3.14164
3.14165
3.14166
3.14167
3.14166
3.14165
3.14165
3.14165
3.14165
3.14165
3.14165
3.14164
3.14165
3.14165
3.14166
3.14166
3.14166
3.14166
3.14167
3.14167
3.14166
3.14166
3.14167
3.14167
3.14167
3.14167
3.14166
3.14164
3.14165
3.14164
3.14163
3.14164
3.14164
3.14164
3.14163
3.14163
3.14163
3.14162
3.14163
3.14163
3.14163
3.14164
3.14163
3.14162
3.14162
3.14163
3.14162
3.14162
3.14162
3.14162
3.14162
3.14162
3.14162
3.14162
3.14162
3.14161
3.14162
3.14162
3.14162
3.14163
3.14162
3.14161
3.14161
3.14161
3.14161
3.14161
3.14161
3.14161
3.14162
3.14161
3.14161
3.14161
3.14161
3.14161
3.14161
3.14162
3.14162
3.14161
3.14161
3.14162
3.14161
3.14162
3.14162
3.14163
3.14163
3.14163
3.14164
3.14164
3.14163
3.14163
3.14163
3.14163
3.14164
3.14163
3.14162
3.14161
3.1416
3.14159
3.14159
3.14159
3.14159
3.14158
3.14159
3.14159
3.14159
3.14159
3.14159
3.1416
3.1416
3.14161
3.1416
3.14159
3.1416
3.14159
3.14159
3.1416
3.14159
3.14159
3.1416
3.1416
3.14159
3.1416
3.14159
3.1416
3.1416
3.14159
3.1416
3.1416
3.14159
3.1416
3.1416
3.1416
3.1416
3.14159
3.1416
3.14161
3.14161
3.14161
3.1416
3.14161
3.14161
3.14161
3.14162
3.14161
3.14161
3.14161
3.14162
3.14162
3.14162
3.14162
3.14162
3.14162
3.14163
3.14163