3.13496
3.13462
3.13987
3.13226
3.14205
3.14173
3.14611
3.14574
3.14455
3.14171
3.13868
3.14183
3.13657
3.14403
3.14374
3.14
3.14731
3.13634
3.13813
3.14109
3.1383
3.13563
3.13853
3.13722
3.14908
3.14279
3.14591
3.14133
3.14467
3.14478
3.14049
3.14362
3.13975
3.14326
3.14092
3.14667
3.13913
3.14979
3.14388
3.1426
3.14805
3.13884
3.14078
3.13287
3.13576
3.14765
3.14169
3.14366
3.14378
3.13812
3.14547
3.13844
3.13822
3.14058
3.14225
3.14313
3.15211
3.14087
3.15124
3.14697
3.14581
3.14269
3.13751
3.14459
3.14327
3.14318
3.13631
3.14377
3.14465
3.14222
3.1534
3.14527
3.14757
3.14562
3.13153
3.1487
3.14545
3.1386
3.14012
3.14422
3.14259
3.14696
3.14315
3.14176
3.14411
3.13805
3.15165
3.14884
3.14615
3.15008
3.14437
3.13557
3.14136
3.15361
3.13556
3.13936
3.13418
3.13809
3.14377
3.14449