0.299679
0.180479
-0.00156709
1.02817
-0.350952
0.871911
1.19699
-0.0309571
-0.561329
0.488521
-1.58882
-0.978255
-1.09964
0.698666
-7.93747
48.1908
-3.33094
1.52466
0.385577
-1.08956
-0.0562107
-3.62978
0.55713
-0.564159
-0.168666
0.720386
15.0846
11.1899
-7.02327
-1.25974
0.594744
0.32148
-0.582831
0.871736
0.785146
1.57773
-0.981824
1.75133
-0.399168
-0.835402
0.0258147
2.04822
2.41334
1.61952
29.2756
5.02493
-1.11123
-1.13915
1.95899
-2.85616
-0.791242
0.8663
0.687558
-0.58247
-2.9497
-5.07997
0.645701
-8.37871
2.16687
0.36312
0.785156
-0.49413
0.45364
-0.220208
3.50955
0.438258
-121.953
1.5537
-14.5029
-0.0648195
1.13298
-2.05045
-1.54318
0.775197
-0.295278
-0.502271
1.10129
-1.77541
-4.85724
0.0629006
1.57423
-0.326557
-1.54296
-0.239065
0.473885
0.725715
3.9842
3.99071
1.18775
0.791557
0.286294
-0.545084
0.370266
-0.278963
-0.540279
3.25651
-0.484122
1.38114
-0.58812
-0.383483
5.26326
18.6614
-0.602504
3.04652
3.97263
4.05187
0.876351
3.06044
-20.082
-1.33105
0.125363
2.07924
-0.472179
0.756429
0.506293
-0.988393
-35.3013
-740.198
-0.529797
1.4408
0.0896252
0.859476
0.184868
1.58225
1.40365
9.89464
1.94717
0.84558
-0.216538
18.4071
0.232352
0.908405
-1.2134
-0.765962
-6.47675
0.566361
-0.442312
-0.647679
2.24127
0.042045
-13.9993
-0.696048
0.793029
0.278179
1.23816
-0.618226
-0.7042
-0.747855
0.705201
0.0677689
-2.68515
1.24287
-3.15686
1.54375
0.602016
1.80751
-0.0682672
-0.26858
-1.24903
-0.433933
-1.32948
-0.316016
-0.456654
9.72102
0.56967
1.41547
-0.141455
0.877664
4.75529
-1.28349
3.02653
0.487315
0.492753
-4.34409
0.824047
-0.367419
-1.61916
-0.527344
-2.18907
-0.479789
0.691514
-2.98672
0.437687
-1.32329
5.84531
-2.92376
0.164848
27.5323
12.3938
-1.55164
1.21047
-0.54101
-2.93969
0.0797688
-0.191151
1.95013
1.36578
0.704394
105.653
3.45414
30.0252
-0.692246
-0.266103
-4.65791
0.225403
3.83593
-0.73077
1.07019
0.726099
0.611874
-3.43038
83.4939
-0.131395
0.787147
0.398626
-0.655139
-0.880649
-1.17156
-0.985195
1.71222
-0.915851
-0.277648
5.74534
2.66736
-0.0626531
-0.631242
-0.0622986
-2.64101
-0.0512186
0.966969
7.35657
-0.305796
0.133501
-3.7154
-0.0121029
-0.720055
-5.55477
-11.6015
1.70726
-74.6489
-0.296015
0.121908
-1.77335
-4.35298
1.29079
0.0697301
-0.844976
-0.488757
5.00436
9.82125
-0.0586474
0.236264
7.07246
-1.50816
-0.160783
-1.17144
0.574058
-11.8775
-0.165348
-0.923218
-7.05867
0.556078
2.05246
-1.90446
-0.232539
0.63041
-1.86627
0.0929779
-1.51702
1.31309
2.14753
0.729177
0.175767
0.00498354
74.5848
1.3087
-1.40276
-0.0457352
3.94935
-1.63064
3.93515
-0.263607
-0.654173
-1.12676
1.28872
-1.35026
-1.95086
-0.749642
0.121778
-0.280582
-0.215979
1.90201
2.87574
3.50499
-0.489623
0.689572
34.6419
-0.810219
-0.571806
-16.9424
0.35425
1.17989
-2.31092
0.713048
-0.304821
15.4422
8.2685
-0.955979
1.16021
-0.284297
-1.85968
-0.556793
-1.08977
0.300873
-0.265213
-0.721709
0.474515
67.4462
-0.698642
13.599
0.25296
0.140723
35.5729
-0.875091
0.510515
-7.44236
0.562304
0.0387273
-0.846798
-12.3304
-0.516834
-7.92412
1.32856
-1.8809
-2.96214
0.288516
0.146508
-0.983606
1.08008
0.00962686
0.229895
0.138854
0.0735201
0.880322
-0.407805
0.262208
1.01165
4.66003
-28.4992
0.415901
-0.517293
1.63667
-0.217289
-6.90627
37.231
-3.37644
1.11849
0.0342045
-0.198113
3.84935
0.775897
-0.454498
2.18226
-0.787315
1.20616
0.62166
-115.741
0.739654
0.705861
16.093
0.0520995
-6.50834
-0.0759627
0.445594
0.503924
0.563723
-1.01345
-1.54882
1.4026
0.312407
-10.3897
2.68934
-1.72505
-0.694486
9.84521
2.19403
6.64161
1.39858
0.525268
-41.2014
-1.45406
-0.369592
-0.79432
11.8139
-0.465916
1.37912
-0.280388
-2.88317
-0.584656
0.240507
-20.6291
-1.26086
-0.494465
5.14291
0.234264
0.0546057
3.26636
-0.0335412
0.339204
-7.34592
-0.771996
-0.978874
7.02202
-68.6221
2.75787
0.0857313
1.84877
0.102259
2.68073
-2.20977
-0.75141
-0.801236
-1.40854
-0.25902
-0.978773
-2.26143
-2.90714
-0.397064
-2.88436
-1.5832
3.34064
5.21634
3.91951
3.41008
0.015774
-0.770025
-10.8637
-1.43087
0.207366
0.733652
19.6891
-0.735363
-0.364876
-12.116
-1.76701
1.80048
-1.88617
-0.104154
0.18037
4.84859
0.473562
2.02051
-0.403232
-0.0577482
2.68483
3.16022
-0.732067
0.383941
0.353233
0.0356
-3.83373
-5.8392
-0.360868
-1.315
-0.361549
5.63069
2.91319
-0.55392
-0.128725
-0.32536
-0.15373
0.142052
-2.03833
0.768969
-0.192818
-0.439146
0.544003
0.265868
3.08922
0.787737
-15.8779
0.223426
0.940877
-6.60287
3.65878
6.29712
1.08953
9.43247
-1.09844
-3.76011
0.313841
1.2414
-2.57255
-0.933536
-0.680717
-0.167387
1.17677
0.424062
-1.11283
14.2458
1.39645
0.653969
-3.23359
-2.45089
-243.787
-0.725958
-1.66413
0.904207
-5.25036
9.59896
0.447595
0.672333
0.350645
-0.671744
0.872266
4.42796
-0.450413
0.260893
1.38978
-0.547273
-1.52274
7.79177
-0.0575587
1.47614
1.40354
-1.89047
0.32291
2.37431
-2.59169
0.809284
0.349587
1.4615
0.694815
25.2606
-0.362016
-50.1929
-5.61121
0.00476499
-0.257379
0.991133
-2.87267
7.63049
-1.22274
-0.356518
0.838068
0.620717
-36.1465
-2.38955
-0.949398
0.443349
-0.511207
-1.27385
-0.896494
1.75953
-0.625638
0.493434
-0.844897
2.22826
0.399405
1.59789
5.99577
4.33341
0.233645
0.661577
-0.560899
0.801014
0.946617
-0.561633
-0.550383
1.23921
-0.57139
2.48065
0.522882
8.53452
-1.99946
0.393953
2.05045
0.278558
-1.48992
-0.0696089
-0.647545
-5.89458
0.119343
0.261652
1.22933
-0.513793
-0.760271
0.77221
-0.0556407
0.998716
0.707714
-1.0761
0.34561
6.66787
0.987928
1.05372
2.55909
-0.655519
0.875054
-0.192106
1.88008
1.36696
-2.87352
0.321493
-1.70813
0.078564
-0.598415
0.770644
-1.98924
0.434132
3.74643
-0.59053
-3.82473
-0.679968
-1.56931
-2.4607
3.02053
0.240201
0.520767
-1.35235
3.57772
-0.545842
-2.21217
0.534004
-6.44891
10.6092
3.13387
-19.1827
-0.783282
-0.489445
-0.974229
4.22419
-0.129172
-17.7302
-1.5919
-4.55189
0.897242
0.0956705
-0.480241
1.08554
-0.158951
1.69603
-1.12124
-0.590959
-10.4263
0.790351
-1.56251
0.123089
1.74344
3.67599
-1.2988
-10.2124
2.15041
1.39298
1.1114
0.640532
-1.82104
0.553226
0.151642
-0.559094
0.775217
-3.22227
-1.39589
-0.706034
-0.303563
2.3117
8.86013
-0.749245
0.114717
3.3055
-0.715387
-0.37526
2.52112
3.22862
-0.335033
0.830863
-1.32286
-1.04217
-0.203292
-0.257996
0.154746
-0.0417802
-0.800551
-1.18919
-1.74849
2.41117
9.57213
12.3796
0.189289
0.831176
-8.57992
-10.6562
-0.475474
0.221884
0.234757
-3.63004
-1.61723
-0.391306
-4.85949
1.4396
2.47582
1.6174
15.6759
3.62194
2.73003
-10.7222
-1.02067
-2.19471
-0.567314
2.50126
-1.0692
0.321305
4.1132
-35.6889
-1.48429
1.93431
-0.132635
-0.57592
-1.49182
0.894639
3.76093
2.40276
-2.01006
2.45313
2.58965
-1.88219
-1.5621
-0.355195
8.8096
-0.665724
20.7201
1.59534
0.55675
-0.336581
0.91157
-1.94199
1.53446
-2.87429
-12.1608
2.96576
-0.139792
-0.258718
-1.50666
-24.7102
-0.154871
-1.42808
-1.61218
-0.185651
3.6576
4.7599
27.9853
0.598499
1.07178
-0.362542
-1.62148
0.651157
-1.08287
0.533446
1.08795
-5.13073
0.337414
1.3841
-0.508669
3.86218
-0.336281
2.6497
0.8421
0.317117
7.21104
0.0715112
0.90272
1.40314
-9.2687
1.50796
0.254756
-5.57843
-0.270518
0.457634
4.05094
3.86854
0.00855055
2.22091
0.199375
0.0328928
1.27333
-3.49532
0.10517
-0.628315
-5.3375
2.36754
0.539531
-0.937614
-75.5019
-0.0221358
0.413483
-1.30046
0.697178
-0.340434
0.649598
-1.52803
-2.70145
-0.270129
8.5928
-0.216171
0.303663
21.4754
-0.590803
-0.18622
0.273212
-1.39191
-0.0477645
-287.408
0.859705
0.732528
1.12257
6.42494
0.615581
2.23459
1.71804
-0.872994
0.118906
0.648149
6.47052
0.277094
-3.61983
-1.48072
-0.606961
321.658
-0.915789
-3.79598
-1.1713
0.0167429
0.564582
-0.195129
-1.03488
4.61556
1.75817
-1.83378
-0.449577
0.169273
-0.358839
3.10077
1.13415
-2.34497
2.45161
1.9844
0.541591
-1.79929
-0.355527
0.718508
-0.0611152
0.597414
1.29361
0.380206
-2.18762
0.619973
-1.25324
15.1416
0.96345
10.5029
-0.2679
1.92298
0.329603
0.156506
-2.55178
-15.3247
2.69391
-0.653503
-0.936322
0.665072
0.0985117
-0.681722
0.381255
-0.670877
0.0105528
2.65821
1.21907
0.038908
0.0217353
1.06408
-90.7216
-1.82375
1.1597
2.10783
0.906955
4.30265
-0.916153
-0.644708
-2.16506
2.55741
-1.88573
1.82371
-5.46622
0.140996
38.6869
4.70961
-1.54415
-2.2346
-0.63775
-0.956273
-0.752585
-0.416583
87.3046
0.0499436
0.264926
-0.204907
0.696968
3.86507
-6.41521
-2.55469
-0.537819
-0.750867
41.9406
-0.206651
-0.047742
-0.264078
-0.127996
-1.58917
0.314494
-6.31912
-0.253742
17.8108
0.132175
0.126248
-1.50379
0.62498
-0.827299
0.447822
-0.660297
0.17506
4.69687
-0.375837
3.46219
-0.695261
-1.85558
0.852446
1.72873
-3.07784
0.327403
-0.473097
1.58332
-0.753385
13.0198
-1.13804
-5.23492
1.74604
7.70658
0.837243
-3.02937
-0.674987
1.10841
-0.845554
-0.389594
-4.25011
1.44856
2.47484
2.97467
0.337112
-0.575911
-1.20502
1.25752
0.43368
-0.243346
-3.84764
1.00415
-1.63825
-7.43022
0.297261
-0.6382
1.90124
-1.36428
0.919985
-21.2919
-0.708039
0.0803517
-0.249417
-0.186792
1.42745
0.73902
16.355
-1.24369
-1.19879
-0.242847
2.32491
0.0834039
1.31067
-0.016049
0.788739
2.32021
-1.12218
1.23764
0.280039
-1.01661
0.118748
0.443128
1.12295
1.0054
-3.05608
-1.23537
0.908934
-3.62068
-0.652812
-1.85961
-0.306552
-3.9901
-106.994
-0.146686
-2.76088
0.794351
-0.164492
-0.0733169
1.23691
0.50505
1.8124
-0.330551
-0.812547
-0.0463698
-0.941848
-362.468
0.406645
-0.398321
-1.15513
-0.710594
-1.52522
1.22863
-6.07211
2.72817
0.793246
-0.921708
9.3809
-1.52905
-3.48577
-0.135935
-2.07398
-0.825136
-0.123463
-1.12287
-0.773107
-3.42081
-0.348597
-2.80526
0.087382
2.72789
-2.02672
3.59932
0.74693
-0.521346
-1.99181
-0.166051
-1.23157
-0.750568
-4.05479
1.21973
0.777715
-0.367793
1.03255
-0.0858507
1.45041
1.93562
-0.649068
0.625999
-1.09012
-0.748226
1.1054
0.836499
-0.553557
0.00591781
-1.80049
-1.21234
-5.31103
0.573314
-1.27263
-0.62161
29.2034
-0.0580039
-5.9948
-5.17736
-8.15697
3.54661
-0.345803
-3.13832
0.585434
-2.2026
-3.00357
0.0606349
-0.128914
0.445088
0.195198
-0.138843
-4.94119
1.84747
3.40392
0.156409
-0.792794
-1.98052
-0.287668
-0.638284
-1.53676
-0.563346
1.91219
0.182415
0.497857
1.77774
1.7498
1.64531
10.5195
-0.586822
0.0123142
-6.10689
-0.600416
-0.410699
1.92615
-6.05626
-18.8183
1.26087
-0.139036
0.389458
0.35779
0.0515097
-2.49267
-0.0369265
8.94001
0.785231
-6.84088
-1.24338
-1.13739
-0.0115621
-5.28408
0.0764512
0.369018
1.98682
-0.476707
-0.827923
1.27334
0.824039
1.78653
0.610587
-0.660563
-2.26693
-5.2405
0.442691
-0.349089
1.48552
-0.538391
1.29384
0.741183
-1.10549
-0.752921
0.65321
2.0613
0.605652
-0.189904
-105.506
-0.692325
-1.8958
-0.707459
4.08622
-1.06313
0.500292
-0.0122626
0.445677
-2.87303
-2.28017
7.97749
-1.48447
-4.90127
-0.272684
0.281473
1.57282
0.279302
1.32057
2.67274
0.761668
10.4338
0.940325
-0.599175
-3.19817
-0.530194
3.2025
-0.534849
-0.318396
-1.88008
0.632035
0.952051
0.603413
1.4015
0.20161
0.233966
-0.152932
-0.385598
-0.416273
-2.77016
0.509294
-3.87433
-1.02021
1.04936
0.328364
2.04585
-7.4038
-1.17821
3.90064
0.276501
0.0914897
-0.741278
-1.29622
1.22485
-0.799634
12.2522
31.4493
-0.411958
2.45486
0.217698
0.103425
4.17014
-0.599444
0.743029
-0.096768
1.82367
-0.43239
2.02732
-1.11575
4.95679
-0.659221
-0.969724
-0.0961186
1.13951
0.824206
0.386801
0.315075
1.30509
-0.907435
-2.07165
0.512825
-0.47895
-0.162863
1.39942
-0.07588
-2.50368
1.63681
1.21003
-1.77104
-1.54429
0.353009
-0.540306
-0.279382
0.970101
-0.288805
-1.52843
-1.17961
1.00886
2.68934
0.165399
13.5396
-1.19168
2.43802
-2.97282
0.209959
0.415802
-0.0309452
0.284868
1.12687
0.750907
-0.627109
14.6198
0.045894
0.775574
0.514556
0.518031
-2.49776
3.82628
-1.96923
0.646974
3.83228
0.98183
-2.10703
-2.54839
6.65487
0.192182
58.3036
-0.118712
0.670936
0.232969
0.49732
-0.86965
1.32497
4.33116
0.479973
-47.3601
-1.61606
-1.45132
-0.376777
1.57934
-0.102189
-3.99968
0.171023
-3.73447
-1.92956
-1.17284
1.53507
2.52365
-0.295603
-0.610567
-2.7475
0.55988
0.325648
1.2086
1.64692
0.326425
-2.29744
-0.393323
-1.33786
8.70925
-3.26329
-0.675211
-1.01086
-2.68372
1.57476
4.83299
-0.849986
-0.502458
25.3202
0.0202301
-3.72592
21.1758
0.163684
124.245
-0.198193
0.0470597
-1.91723
1.15694
-0.751976
1.95356
-2.44145
1.25887
1.22614
1.98183
0.101781
-0.456644
0.11776
-0.299091
101.412
-0.0557557
-0.00193787
-0.0128383
-1.22928
0.750529
0.697578
-0.109559
-0.572263
0.4927
3.98244
3.78958
-0.634183
17.1974
0.264555
-1.42123
0.452538
0.340755
-2.73996
0.0481927
-0.448999
0.0897365
0.73702
-0.732952
6.12821
0.382057
-2.8297
-2.12182
-0.144872
-3.4825
-0.368477
-1.00012
-1.7251
-2.80653
-0.145349
16.8106
4.61905
-0.0292546
-1.10533
-0.723093
-0.36467
1.44615
-2.68186
0.907285
1.52902
1.33934
-1.74717
-0.239893
1.76782
-6.85204
-0.307283
-0.0187274
0.767529
-0.0623585
-33.8535
2.6498
-0.578291
-4.06482
-5.12043
-0.792296
-0.140221
0.70045
6.01611
0.312504
1.60878
0.605872
-8.6365
0.667286
-0.84188
-1.76069
0.767659
11.5944
4.2006
1.81923
-1.61064
-0.194157
0.399789
1.22767
2.29472
-0.223582
-13.5125
4.21857
-0.431884
0.0341731
-0.0639084
-0.167477
-2.216
-1.13047
2.30196
6.67711
-0.744782
0.0696048
-0.282534
-1.33404
8.13675
1.87376
-1.30221
-0.132226
-0.363565
8.23578
-22.5392
-1.02341
-0.369873
0.0249006
-0.309968
0.556738
-2.25035
-2.24586
-4.18449
1.54554
-0.160847
-1.73514
0.211394
-0.965309
-0.685886
-0.950262
-1.70391
0.296759
-8.66571
-0.107817
-1.75783
0.422717
-0.713118
0.545223
3.97599
0.221182
0.198763
27.3227
0.4296
1.54257
-2.9107
-0.119969
0.668807
-7.1449
-0.662661
-0.315175
4.03491
-20.9038
-2.93307
0.953134
2.82204
0.765183
1.92775
0.785181
0.260548
3.29366
-0.71707
0.135887
1.11158
-0.212199
-0.711194
-0.848227
-1.26449
0.546573
-5.10755
0.718002
0.925536
1.38704
46.8479
1.32203
6.28797
2.42849
-26.5357
2.79192
-1.50274
3.76963
-2.0333
3.77392
1.82335
-0.755749
-1.22085
2.32218
1.95321
0.265509
-1.8236
0.656106
0.635962
0.187099
-1.05807
-0.881177
0.243006
-0.462796
-1.02094
-0.172903
-0.881055
2.09581
-1.40065
5.01572
0.764581
0.380238
1.56284
-0.116272
0.298533
0.903064
-0.169701
-1.17058
1.42887
-7.89078
-0.01099
2.33968
3.13978
2.27874
-28.8958
-1.82176
11.9692
1.19689
-3.07121
-1.75803
-1.20919
-1.86637
-0.490324
4.09403
0.0666558
0.517225
-0.0203041
3.15284
-1.16799
2.15718
0.44793
0.247087
-1.3139
0.220012
0.491984
1.4444
-9.30655
-1.74821
-8.58506
-0.152103
1.40203
0.571043
1.19953
5.04443
2.1213
3.51131
-0.582601
-2.0152
-1.18739
-1.13215
10.9418
-2.73912
-6.57993
2.03819
-1.06217
0.160151
8.0662
12.9857
-4.06662
-0.91946
-0.0780085
-1.28264
0.990756
1.68086
-4.18871
0.710891
-0.561223
3.67431
1.42864
1.57887
16.8614
1.36367
-0.116497
2.71867
0.140157
-0.195667
0.316619
0.862444
0.995326
0.395044
0.61424
-0.47287
-2.36756
-0.795394
1.01459
-0.0848755
-0.355154
-1.05367
81.4515
-0.267246
-11.4769
2.51979
-0.74594
4.21899
-12.646
0.0743096
-6.49373
0.5213
0.893111
-0.612164
28.863
4.1835
1.64597
-0.108435
0.539783
3.41605
-0.605341
0.469454
1.01818
0.226443
-0.151324
-0.070874
-1.25944
-0.119669
5.657
0.592455
-0.295361
-0.171997
-1.14971
-2.63681
-0.812105
21.7517
-0.10183
-0.392008
0.812378
0.27007
-1.28996
-1.23798
0.737897
-0.515331
2.11517
0.688908
-1.24298
-0.0457412
0.984959
2.11551
3.21737
1.3834
18.8834
0.145481
1.82157
20.224
0.537328
-3.65309
0.777113
0.319477
-0.802234
-0.374559
1.67351
-0.860902
0.41621
1.37051
-0.544058
0.430837
-1.37492
0.830933
2.89942
2.8851
9.05363
1.34252
2.50939
-3.44689
0.536284
7.84578
-1.75831
21.1797
-0.598089
-0.614243
4.34243
1.10877
0.113699
-1.41728
2.39983
0.374186
0.0321323
-2.26868
0.794363
16.6498
-0.110278
-2.62783
-0.689061
-0.0784341
5.72103
-0.279713
-0.443725
1.00234
1.39523
0.82997
17.7235
1.15329
-13.9643
0.301061
0.42879
-1.2269
-1.5125
-10.7213
0.191823
0.286062
1.80459
-0.40877
0.840177
3.34919
0.0467906
-0.14121
-0.0213527
0.130029
-0.0197571
32.7533
0.44522
2.17954
0.838404
-13.9793
2.4048
-8.68217
0.192995
-6.21499
0.129761
-1.24374
-1.24128
-2.62173
0.0232661
4.00609
1.82243
20.6369
0.479304
-1.02841
-0.506059
4.5637
0.595315
1.8604
-20.3791
-0.213292
-2.79883
-0.0421815
1.35926
-0.654306
0.26003
-2.85947
-0.598385
0.224224
-0.238299
4.36195
-1.57083
-1.68799
-8.73325
-0.453569
2.80529
1.08374
1.8308
2.36422
1.83754
-3.04412
-1.04844
3.23947
1.02172
0.0122474
-1.49876
-0.00417722
-2.68467
-0.0248508
-0.697598
2.46237
-0.547372
-6.55157
1.36879
0.678259
6.99125
0.65678
-0.356242
-1.06986
-0.400762
0.631829
1.20031
-1.5954
-0.639625
-0.184617
-10.8705
0.917595
4.27051
-8.12306
-0.506706
0.200182
-2.36385
-0.421995
0.249139
0.824604
0.438001
-0.167833
0.140992
-0.984246
-1.28092
0.0214686
-0.655498
-2.93379
1.58554
0.483381
6.66586
2.82101
-3.59007
0.659601
-1.70049
-0.839991
0.181094
2.50912
1.37527
-0.626771
4.99851
8.2211
0.208902
-0.9901
-0.933154
1.29562
-4.33018
0.451655
0.564912
0.622008
-0.342609
2.49682
-10.2758
16.2758
5.51221
-0.427107
-0.423463
-0.296778
0.275716
-0.244951
-0.894133
0.940598
-1.06444
-0.262061
-1.70279
-0.165676
-0.845854
-0.723384
0.870211
1.86038
-1.39166
0.564529
0.4067
-24.6901
-3.80215
-0.81179
0.38865
1.73399
-1.09897
7.68895
1.15337
2.00095
-0.189809
19.6512
1.96718
0.988646
58.3815
-0.166008
-8.83295
-0.202936
0.126352
3.8402
-4.11002
0.696028
-0.315327
1.49094
2.9013
-0.308207
1.49664
6.53847
0.368595
-1.26824
11.7923
-0.0229764
0.819798
-0.126149
-0.0410312
-0.231503
2.59051
2.28999
-2.86202
-0.194749
0.328797
-0.41111
-1.40021
1.38969
-0.0495675
15.4763
0.437286
-0.193423
0.205727
-0.685162
-2.21196
-4.98512
0.00952576
4.0451
-0.665246
0.300363
-26.0477
-3.50596
0.928101
1.09854
-1.45032
7.22359
0.315904
11.0465
1.27081
0.578138
-0.290674
7.58316
0.433338
9.84317
-0.701685
-11.4322
0.787141
-0.300223
-0.936831
1.81785
-0.0703253
-3.21028
0.123975
1.46543
8.89435
-0.357181
-0.471855
-0.267308
-0.162903
0.491431
0.111732
0.0778124
-1.66603
-0.246332
-0.00347506
38.4588
0.374046
-1.16203
0.749127
0.0732715
0.265278
3.74864
6.11989
1.16736
-1.89661
0.164422
0.346929
-1.05948
-1.60586
-0.573137
-1.31612
-0.239566
0.635542
1.57549
-3.23684
-1.75155
-3.07366
-0.452685
-1.11961
1.7069
0.90252
-2.82333
-0.373805
-0.405541
-0.910875
0.0672203
-1.99649
4.26421
0.303825
0.805303
-0.860747
0.844181
0.0310366
-0.574234
3.71924
2.02321
189.255
2.45409
-0.957985
-1.70766
-1.7249
1.55614
10.9226
-0.843311
3.09623
1.2108
1.39588
-0.340461
-0.281332
-0.32455
-0.732294
-1.98904
2.52761
-0.628795
-0.0166127
-1.46346
-0.911864
14.8011
10.073
0.90343
-0.626831
0.0535518
-0.657629
0.654553
0.320235
-0.720446
0.298301
-1.35008
17.9952
-22.1696
1.24144
36.9603
-7.05112
-0.560689
0.809161
0.274556
-5.18492
0.399705
-1.18233
-0.676059
-2.20212
1.61887
0.441679
-0.318342
-0.361996
-0.782161
2.19629
-8.16299
0.22611
0.581843
0.318867
1.15591
2.22001
-0.0695685
-5.77539
6.13674
9.42314
-0.390554
9.64074
-0.686111
0.905227
-0.571866
-0.694487
41.6295
7.23478
-1.1119
-1.28807
0.277373
1.96253
0.355224
-0.25566
1.2132
-26.1643
-0.776279
-0.594172
0.0617938
0.07173
0.952015
-0.220896
-0.763023
1.95154
-9.10322
0.513591
-0.23836
-4.20317
-5.25268
0.403142
2.37828
1.25532
0.922252
-0.0237372
-3.4734
0.816728
-0.0348729
-0.529658
-4.3735
4.05145
-0.971205
0.69769
0.462716
2.52605
0.933734
2.67516
-0.421551
0.0363324
-0.161338
0.0261384
0.0741944
0.255793
-0.421516
-2.3837
-0.38044
-0.414754
2.86919
1.82608
-0.253616
21.8368
0.704661
-1.10728
0.0680499
1.01517
-6.29632
-0.597686
-0.525984
1.08962
2.82421
-2.28695
1.06119
-0.212342
0.336942
-0.946022
1.35632
-0.556751
-0.527428
18.0218
-0.0215011
0.146923
-2.54106
1.45265
-1.12388
0.624365
0.205935
-0.199557
-4.40057
2.36584
0.82201
0.336185
0.561457
0.858585
0.490394
2.52896
-6.26846
-6.30739
5.40829
-3.35495
0.792555
-3.2144
0.742572
-0.253667
0.885073
0.11002
-0.0671303
0.815032
2.99218
-2.07579
-1.32728
2.39439
-14.6345
0.676181
7.08785
-0.375519
-0.13287
-10.1431
0.414072
-0.109174
-1.38949
2.1294
-0.172746
-1.19741
0.175034
3.79292
-0.487836
0.0311833
0.320679
1.56292
2.85501
-2.91751
-2.73962
2.20172
-0.668712
1.40256
1.54797
-0.238815
-2.48375
14.4958
-2.54272
0.313401
-1.9818
9.18724
-0.146396
2.75602
0.391307
-0.276158
0.805282
0.891031
0.0591266
-0.0350879
8.86354
-0.0347725
1.05651
-0.169777
1.67011
0.268927
-0.651505
0.809043
0.622992
-2.49582
0.561608
-2.09786
0.707783
-1.67475
-0.643066
0.0303327
0.074585
0.143295
-0.463453
3.68132
-4.26618
0.131176
-1.76425
1.75984
0.117502
0.67497
-0.166182
-3.82742
-0.266944
-12.3431
-3.06639
-14.1215
0.641533
2.67355
2.82614
0.400754
2.21923
0.153295
-0.265759
4.06803
-5.58929
-0.292221
-1.2791
0.620735
-0.677017
0.335022
-25.0358
0.873317
-8.25603
-1.69956
0.549312
0.979127
-0.424041
-25.0257
-42.7029
0.605481
-0.283966
5.39075
0.420831
-3.57366
0.236198
-3.23646
1.8967
-0.401434
-7.28411
93.0201
3.89211
-0.706788
0.0880566
-0.525858
1.44276
-4.53971
-1.89458
-0.026285
-2.62459
0.451032
-0.201532
-0.957367
-0.455358
-0.28513
0.994893
-0.00625387
0.526628
3.13707
0.769582
-0.348717
-0.685768
-1.25821
-1.01346
-11.6727
2.08675
0.474331
-884.791
-0.562269
-3.67392
0.863273
2.66797
4.15529
0.177439
-0.356203
-0.0525006
0.403037
-1.00579
1.32011
4.34696
294.665
-0.0188363
0.457822
0.493432
-0.865478
-0.00758641
0.279109
-0.960794
-1.00021
-1.32728
-0.330174
-0.221628
-4.6186
-1.58265
-1.65325
-0.381019
0.222776
0.0892119
8.42786
-23.9751
-2.11811
0.90543
0.530803
-0.153039
1.18136
-0.177053
0.934846
-10.8188
-8.10722
15.7337
-2.44323
-0.948049
-0.500144
-0.251171
0.988164
0.159904
2.14487
0.632379
-1.72129
2.6785
1.0209
5.34302
0.79809
0.386584
0.249717
-0.633523
-1.52627
9.73928
0.525647
-0.38596
-0.847167
0.444735
-1.70731
0.0952777
-1.12318
-1.90072
4443.65
7.27731
-0.775267
-0.251863
0.63744
-4.75762
0.540479
1.85074
-1.13689
2.02176
0.871069
-0.970958
1.71509
1.36229
-0.911195
0.751082
0.118469
-0.724187
-1.81526
0.537373
-0.854201
0.42693
-1.10789
-3.40597
0.133512
0.687023
-0.66927
-0.796517
-2.1801
1.06439
0.197011
1.83013
-1.14266
-0.0428336
0.688512
0.71982
7.07017
-0.927613
-0.986378
0.253564
0.0999538
-7.17866
1.18284
-0.697939
0.415074
-0.516125
82.3127
-9.7917
-0.238512
-3.89337
1.01929
-0.630541
-0.0765319
-0.702863
0.304138
-0.214728
2.80221
3.98293
-0.714145
-94.2975
-3.36916
-0.0174984
2.00871
0.180697
0.407568
-1.03761
-0.245035
-34.0697
-296.451
-0.442719
-1.31773
-0.126059
1.95976
-0.110829
1.22947
-2.01938
1.81092
3.46978
1.35016
-0.141974
-2.41653
-0.0696668
0.286667
-0.544274
-2.62812
-0.119096
-0.924688
-0.343854
-0.102193
3.28651
-0.0624394
-2.4125
-1.46077
-0.629309
11.2517
1.46346
0.783043
0.164609
-0.267695
-0.196746
0.290298
-3.69323
6.24615
7.42227
-0.216465
-1.15443
-4.31866
-4.98556
-0.933373
-2.1783
-1.12414
-0.546326
-0.632852
0.466202
0.807366
-0.0419198
3.22433
-1.12432
2.92803
0.944005
-0.440893
0.0424027
-4.08369
-0.00288959
17.9958
0.24486
0.0204781
-0.592982
0.894704
0.465271
-1.5773
-0.584793
0.100376
-0.416147
-1.18276
3.52681
0.512275
-470.312
0.538842
0.470776
-0.346932
-1.12557
-0.71796
1.9894
-0.908692
0.724369
0.0277134
-2.16079
14.5837
-0.434062
-1.04441
0.919698
0.891623
1.56778
1.57257
-1.54097
-1.54601
-4.02862
-0.604421
-0.553917
-0.0739735
4.80002
-0.255299
-2.43069
0.254041
-0.645018
1.14202
4.06198
9.92461
-0.212856
17.5961
0.772808
-0.0377569
4.62129
-0.937556
-0.132296
2.37111
-0.578746
0.122705
-0.451055
-5.57703
-0.440601
-3.57284
1.26545
8.14931
1.16552
4.67663
0.495104
7.58105
-0.489371
0.48997
-0.677056
0.427021
2.25055
-1.70989
0.571478
1.70354
-0.101195
0.0645026
-1.0901
-0.310668
-4.38856
-1.66514
1.39573
-4.46901
78.2618
3.834
6.60756
-0.682074
1.32143
6.30079
0.00927626
-3.27437
-5.42397
0.60496
0.241752
-0.204413
-0.412965
0.440042
-0.0966332
0.739888
-0.372888
0.241415
-1.10729
0.35413
-1.90483
-0.327324
-7.14547
0.460775
0.783947
-0.877579
-2.26717
0.00967893
1.20566
1.23384
-3.10134
11.0984
-1.59441
-0.126745
8.24895
-3.67564
-0.117026
-0.591599
-1.15298
-0.198142
0.829229
0.508982
0.737355
0.886378
-0.57033
-2.44934
0.147046
-0.645469
1.64942
-1.41316
-0.402965
3.5941
0.326096
-1.86138
3.77503
-85.2614
0.413967
2.46417
1.52964
1.37658
0.553905
-6.62636
2.6102
2.0889
0.812622
0.981463
8.62082
0.485478
2.8529
-3.67503
-2.27563
-0.0708914
0.68455
0.00491057
1.61469
-0.578226
-0.990171
-2.9884
1.25999
33.5366
0.948855
-2.81556
0.178373
8.12458
-0.351679
-1.61208
-0.572744
-0.0162447
-0.587508
5.0537
1.41306
1.27111
-0.0734922
0.409073
-0.0313797
-0.943667
-0.656404
-2.20834
1.34815
-0.124355
-0.502929
-0.680325
1.40224
1.40983
-0.0957986
-0.0463065
-0.77653
2.09429
-0.833174
1.01688
-0.66297
-0.0772205
1.83514
-0.0021433
2.72938
-0.229389
2.83998
-36.329
-4.97498
0.468708
2.0777
14.1593
1.52805
-0.381759
0.209232
1.85276
1.04876
-3.1382
0.401104
1.22498
0.628953
0.423205
2.30344
-1.74699
-0.335848
2.12108
-0.608114
-4.76327
-0.801766
1.1137
-0.744117
-1.06152
-1.70041
2.34038
-1.28753
0.722194
-4.8244
-3.22423
4.7097
0.473085
-0.266088
1.75
47.8245
-2.21632
-1.83442
2.98574
-0.908944
-0.135092
15.8871
0.826914
-1.24834
-0.135512
0.802659
6.08104
1.22752
0.986628
0.807192
-3.16829
-0.294602
1.98853
-0.113483
0.267271
0.253002
0.810682
0.0387629
3.14709
0.13229
-1.03575
-2.71887
-1.48539
0.37916
0.398664
0.262153
0.999756
0.50232
-0.521379
0.39936
-0.0175306
1.6941
2.79312
-0.481694
-0.252571
-3.59221
2.01925
3.74552
0.092834
1.18482
-0.116708
1.2476
0.431973
-0.503357
-10.5707
-3.32142
0.355168
9.51035
1.50463
-0.628857
0.701181
2.30853
-0.198162
0.522524
-1.22188
0.319994
0.639477
-0.19459
-1.12469
0.762244
-8.99275
2.05823
-1.71881
2.02233
18.2299
5.84136
-0.0631546
0.398142
-0.330118
0.783757
2.37296
-0.204381
3.07026
4.19463
-0.370221
-0.391818
-0.713499
0.665674
-2.09413
0.111132
0.472851
0.306989
-5.2679
1.38453
-0.297182
0.607879
-0.614949
3.05948
2.1342
2.92468
0.756456
-0.358072
-0.771636
-0.857619
-1.36975
-1.50669
-1.07114
-2.71698
0.652328
-3.94288
0.200466
7.60001
-0.103968
-0.811668
-1.35188
-0.572001
1.13419
4.14657
-0.626965
-1.98921
-1.4369
1.10152
-0.792423
-5.95126
-0.880753
-1.01964
0.597633
1.24879
-2.60228
-1.52072
-2.35825
0.759284
-3.5678
-2.7977
0.191499
-0.22131
-2.20228
-0.48342
0.255576
-0.0600924
-0.466609
0.264765
0.604783
-0.12236
2.4784
-0.60094
5.76361
-1.8263
1.41346
0.812318
0.412752
-0.303649
0.746469
-1.26474
1.51983
-0.555133
-0.54736
0.540443
-1.45457
24.9608
-19.2177
0.219152
0.012629
1.43107
-1.61886
1.61903
1.70265
3.57033
-1.06392
-0.0307252
0.275513
-0.367831
3.34423
0.299679
-1.20493
18.5391
-0.539738
-2.76771
0.00902984
-4.227
1.3245
-0.294729
-4.47097
0.173938
-0.938404
0.630094
1.07298
0.819818
1.43835
1.02116
5.30619
4.72738
-3.11863
3.20084
0.665968
-2.36957
0.222923
3.11834
-0.648311
0.890386
-0.0822573
0.885244
-1.01301
1.70047
1.55436
2.94984
0.602189
1.05147
2.11304
-1.02169
4.20379
-0.49065
-0.0661211
0.601476
1.15982
-0.0244275
-0.674395
2.51073
-2.23746
-0.804313
-76.3318
1.04102
7.74067
0.698413
-0.211079
0.254047
-1.65493
4.71396
-5.02701
-0.0881826
0.485861
-1.31657
7.1135
-1.83461
-1.24274
3.93264
-1.25121
-3.67354
1.23391
0.0232092
1.21573
-0.0857264
-0.670797
-0.133307
0.65671
1.48014
0.135043
-5.34958
2.68808
0.377699
3.42736
0.525414
1.94369
-2.42281
3.74012
-17.1287
4.41437
1.52373
2.53508
0.480182
0.162302
-0.784691
0.112144
-0.475926
4.44542
-1.26343
0.137891
1.72596
2.43822
0.125433
-0.31261
6.49344
3.25966
-1.46378
0.638746
-3.28958
-0.0605707
2.20913
1.504
0.61786
1.49856
-0.186003
-9.52853
-1.65924
-2.65241
1.23316
-1.64728
-3.04104
0.596294
-0.1372
-0.867172
-1.92364
-0.19136
-3.86642
175.729
1.33139
-1.11364
0.356528
5.28822
-0.95252
1.11517
3.59488
1.30781
1.61441
-4.62813
0.0402234
-0.525295
1.42765
1.70889
-1.21515
-3.70572
-0.0452189
-0.227382
1.80976
3.64335
0.374861
-1.24975
2.07424
-0.550866
1.86476
1.11433
-0.886606
16.8692
0.587563
0.136901
-0.270658
-45.195
-3.06816
-0.928263
1.06036
0.0537997
-0.499018
-4.58043
-2.7164
-0.236983
-0.380726
-1.1138
1.43611
1.27023
-7.46554
1.01956
0.785773
2.00216
24.4512
1.42103
2.61215
-0.231829
-0.388576
-0.0661642
3.20259
-0.565928
0.388532
0.665916
0.901117
4.39049
-10.4247
-0.0247196
-5.78358
0.686264
0.851103
-0.19471
0.697938
-9.27382
-1.44518
0.747105
1.19041
-0.678654
-0.20827
-3.60352
0.935077
-11.945
0.928268
9.49492
-1.06102
-6.13266
-1.60628
-0.134629
-0.276665
-0.302105
-1.28393
4.76242
0.490717
7.06239
0.103446
-2.9297
-0.547119
6.60368
0.108467
0.457077
1.44995
-15.5272
-0.428238
-1.5856
-0.0632378
0.51197
0.836699
-0.419635
-0.881579
1.28701
1.69246
-2.39664
1.62675
-0.0109387
-0.373183
-6.01697
2.30182
18.5463
-1.47981
0.214392
0.75045
0.496815
-0.446232
0.267526
-1.36782
3.98418
-1.43018
-1.061
-0.371465
4.19978
-0.914725
-0.156723
2.93755
27.5753
2.69736
-0.478823
-2.10639
-1.67442
-1.33966
-3.98491
-1.95075
2.10839
-0.0189825
-0.971252
-0.110069
-0.264726
0.382667
-2.93163
-0.196895
1.02916
-0.223555
0.705203
0.450772
-0.323945
-0.513519
-1.52689
1.57293
-0.149819
10.8924
0.740421
-0.892568
-0.383616
3.63877
-0.201153
1.40667
-0.723742
0.507744
-0.845245
-3.97871
1.33717
-1.63025
-1.91849
-1.75958
11.7221
4.5429
2.34608
-0.00312927
0.588567
-0.881656
2.6541
0.581045
-1.24402
-1.20771
-351.908
-0.483135
-0.413661
-3.34543
0.0983358
-2.71101
-0.642349
1.04679
1.68544
-0.851036
0.483333
-2.56195
0.09618
0.46975
0.185481
-0.137136
-2.3039
30.1469
-0.452643
2.85616
1.32245
0.835053
-0.481739
-1.05466
-0.11229
-1.03705
-1.77358
14.0797
-0.0668422
1.12378
-0.355597
4.59876
7.23492
-0.100748
-1.11202
0.576275
-1.13362
1.2441
-0.316773
-1.08054
0.0949217
2.78696
-0.22543
-0.868829
-85.6214
58.1463
5.76121
3.63747
12.2302
-0.782246
-2.76938
-0.782351
-3.49888
2.52817
1.56206
0.450023
0.725745
-7.26577
0.811925
-1.11041
-0.17164
0.153996
-0.258434
0.424704
0.208792
0.635531
0.282958
-0.0717294
17.1721
2.26998
1.08538
0.507868
0.42328
0.250786
67.2583
2.17805
2.30495
-0.750645
-0.28286
-0.603202
-1.47531
-11.6645
3.1571
-0.259467
0.142047
1.68394
-5.52914
-0.184223
-18.7343
-0.681647
-0.236964
11.8703
-0.0676882
-16.1166
22.3268
-1.37612
-3.87893
28.6078
0.00770235
10.2733
-0.477506
-0.144868
-1.44122
-6.66235
0.724285
-3.667
0.980388
-0.757388
1.26679
0.567713
-0.458392
-3.68954
-0.149564
-0.667353
113.323
-0.267678
-2.51639
2.33901
-0.083828
0.439536
0.818358
-4.50441
0.117192
0.507395
0.169587
0.0168766
-0.946341
-39.0061
-1.23257
-0.534576
-0.0363613
1.63735
-3.65978
4.25281
-0.823903
-4.73111
-0.252524
-1.13328
-0.448922
-1.28943
-0.110047
-0.835492
1.82683
0.15863
-1.38028
-1.13965
-0.798465
5.32629
1.01057
3.19402
-0.0543149
1.59857
0.196116
-30.6744
1.60167
1.44652
0.28116
-1.01083
-0.607817
-17.1967
2.3754
1.55867
-109.541
0.590975
1.54811
0.688882
10.4515
-1.51587
-0.303136
-1.33894
-0.217349
-0.607532
0.210036
-1.18105
-1.28074
-0.150407
0.302677
-0.95366
-7.81182
-2.31795
-0.382796
-0.322492
-0.62005
1.32693
1.99216
-13.5313
-0.155723
-1.79263
0.290366
0.0557843
-2.31339
-0.182742
-0.530143
-0.824625
-0.167906
-0.896179
-0.249704
-0.27504
0.397456
-0.0227487
0.154655
-0.466021
0.149115
1.00999
-2.75598
2.02497
-0.506588
1.14331
41.0407
-1.42738
-1.74191
-6.27095
-0.00383085
3.03556
-0.441462
0.0248634
-9.61536
-1.00162
-0.461027
-1.65357
-0.635472
-1.23245
3.13873
2.42268
-7.38072
0.19504
0.566454
-1.16613
1.03161
0.980659
0.224402
5.92099
2.22125
0.0466156
7.49495
1.53525
-0.382732
0.504724
-0.586318
-2.37452
3.61495
0.234825
5.60715
0.513936
-2.01654
13.0023
4.67692
0.368885
1.20442
0.412072
-2.10903
-2.46451
-0.199358
34.0327
-3.09843
4.83683
0.775484
-2.39382
5.00175
-1.41368
5.33947
0.200948
-1.43305
-2.09218
1.77189
0.899432
0.625552
-0.333526
-0.569141
0.223206
0.340878
0.588027
0.0164797
0.269044
-0.810698
-1.27305
-0.0865749
0.907164
0.296081
-0.117387
0.284928
4.00258
-0.372625
0.680467
-1.8213
1.7183
1.8314
-0.322717
-2.17084
-1.04376
-0.0382235
0.239256
-1.90449
0.685084
-0.112917
0.228978
-1.00837
0.445857
-2.713
0.976432
-0.038048
3.85772
0.676552
-0.106837
0.0198912
-0.0289137
-0.102923
-0.746734
0.986314
1.2587
17.6282
0.439567
2.33421
-0.719446
0.287741
-10.9161
-0.272363
-1.45718
1.83797
1.97627
-0.389108
0.530782
-0.0832728
0.748041
2.9074
-2.03711
-25.5256
-0.353171
0.114417
-1.6053
-1.57755
1.49675
-0.553166
0.708671
-0.486766
-0.352143
0.823425
0.179159
-0.316053
-1.37662
3.02343
0.890542
-2.55939
4.13825
0.143537
-0.507181
0.00632022
-0.53774
-0.00835898
0.262364
1.93064
1.40708
-0.0558332
0.988817
-0.0437072
0.239248
1.14179
2.09297
0.675871
0.65745
0.406757
9.12815
4.88206
-4.3194
-0.899967
-0.14201
-0.671914
0.0550185
12.2496
-0.13239
-0.449022
3.32227
0.107387
-2.06695
-1.34998
2.82082
-2.38373
0.437962
-23.1379
8.26748
-1.21883
0.667681
0.240371
-0.499221
0.618637
-1.20036
0.156726
-13.2955
1.19073
3.5962
0.412518
-1.18141
-0.916547
-9.93639
0.704436
2.02111
4.64031
0.559509
-0.368583
78.8016
0.309764
-1.29544
-0.985506
0.113038
-0.0680728
-6.35986
4.75669
1.85899
-0.636958
0.853468
0.0695586
3.77702
0.211132
11.1729
-2.1086
-0.682763
-2.57743
-0.9595
0.388844
-0.191751
-4.21413
-0.831189
1.28003
0.900579
2.69946
-2.1097
0.538029
-1.78704
-1.50638
0.172433
-1.18842
-0.144314
-0.430991
0.253849
-0.612607
-0.758297
1.35231
3.66645
-0.639862
-0.464495
-2.74733
1.17804
1.43973
-14.6373
2.03822
1.23367
-146.682
1.79939
-3.33124
-1.46623
0.238276
8.07333
-0.908583
-8.29662
-5.90356
0.540983
4.88246
0.255491
-12.5472
-37.6665
-0.087736
-0.0174363
-0.158322
2.54674
-23.2806
-25.0498
-0.122514
4.20096
-0.595806
-2.41673
18.4171
-0.646596
-0.465535
0.121092
-0.31657
-0.191562
-0.389474
8.91497
-0.361075
0.320241
0.921378
0.643458
0.869387
-1.60093
-1.57985
-2.479
1.00333
-0.25186
0.77305
-0.144386
0.445006
-1.11711
0.878238
1.69886
-0.387305
-23.1378
-2.2053
-6.23969
3.1133
0.582914
0.788854
9.12361
16.194
-0.395557
2.92349
3.87267
-0.0888247
1.12349
0.260746
7.61374
-1.0359
-0.396278
-0.987443
-0.384505
1.48734
-0.573338
-1.96983
0.136657
0.907443
-1.43883
0.759069
-0.0469715
-4.72269
1.70718
1.37478
-0.981736
-1.39867
-1.13511
0.767595
-1.00647
-0.0127717
0.715191
3.80186
-2.84738
-2.89356
-9.29965
-3.27343
-12.3373
-1.58906
0.366508
0.62638
-0.268881
0.51923
-1.04411
0.405498
-2.79968
-0.0571056
-11.1242
1.28796
-2.366
5.45034
-1.94836
-0.107778
-0.724945
-0.799587
1.24824
-0.588702
0.512193
0.410909
4.73018
-9.45758
0.323372
-0.138903
-3.7051
-0.852409
0.289519
0.744703
-3.39882
31.1252
0.759045
0.195293
0.537446
1.86003
-0.701913
1.21681
-1.84062
1.73158
0.0260246
-0.656326
-0.276931
-0.840408
0.971298
-0.148026
-1.03959
3.34636
-1.11762
0.991595
-0.388228
-1.58669
-0.0942539
-2.37878
-0.172579
-1.30733
-0.160226
0.320797
-1.06595
-103.849
-0.730373
15.117
0.747085
1.99971
0.327069
3.24376
-0.99586
1.89987
0.0463649
-0.662265
-2.06149
0.273761
-1.12404
-0.695472
3.10771
-2.29463
-6.77504
-6.22785
-0.135216
-1.61568
0.366122
-8.69885
-6.80168
-0.650755
0.22894
0.296538
-0.356983
-3.41389
3.9479
-3.19256
2.37487
-1.07301
7.04235
1.45135
2.5678
-0.797961
0.631655
0.376121
-0.0778921
-1.28547
9.17286
-0.372695
3.20623
0.0386581
0.333555
2.2708
-0.48106
-0.0359133
0.68304
-0.817661
0.24261
18.2414
0.198954
11.6972
0.562317
-1.11495
0.281939
0.0413291
0.284034
1.13937
1.71624
0.854679
-0.19907
0.215791
0.292735
-6.45831
0.00215883
1.54239
-0.761264
0.287949
0.853961
2.29358
-1.24406
-14.3073
10.0019
3.06348
1.27235
-0.609574
1.47308
2.76578
-3.88666
-17.2156
-0.167624
-0.178741
-0.740552
-1.00339
-0.309919
1.83147
1.19977
0.623509
-0.197131
0.102572
-2.63625
0.363894
-3.72361
-6.08485
0.112543
-0.500259
1.57872
30.5751
0.799472
-3.28377
1.22476
-0.650282
0.218786
-4.64466
-0.586723
3.02439
-0.103751
3.85057
0.496875
0.164113
0.299598
0.0552119
0.973677
-0.23423
3.48691
0.152464
-5.58897
2.54866
-0.347789
-0.510508
1.49392
-0.618402
0.933361
-0.0609382
-2.76877
1.06459
3.04529
-0.0888691
-0.0127293
6.97868
-1.50907
-2.24199
-0.349863
-0.916084
0.638465
0.423001
0.285901
-1.03904
-198.742
-0.736007
-0.653661
-1.93712
-0.662631
17.3948
-1.08907
-0.3608
0.627131
-1.76262
1.88752
1.62472
0.0726017
7.71847
-0.185489
0.834637
-2.39392
-0.300486
3.71556
1.34231
0.161267
-4.21561
-3.33
0.199563
-0.118587
-0.614902
-0.532688
1.32375
0.586732
-280.847
0.25197
-0.08816
-2.8989
0.0669383
0.0883162
-2.96366
-0.887321
0.395303
0.120167
0.846752
1.89685
-2.31982
1.07684
-0.836179
-0.124046
-0.808113
1.42545
-0.327754
-4.21669
-5.31739
-0.156706
1.68762
0.343896
-6.27029
-3.09217
7.08245
2.05565
-0.885024
-8.05477
-21.461
0.809777
-2.57717
0.0582623
0.45453
-19.7052
0.172858
7.6333
-0.554481
-1.86592
-1.31011
-0.369701
0.303922
4.33357
1.75699
-0.357307
2.77986
0.185051
-2.17327
0.0599303
-3.28913
-1.61641
-0.161654
-1.76914
-2.43623
-0.314612
-0.608967
-0.185293
0.539444
1.22743
-0.226494
0.237395
-1.25747
-1.54132
-0.0888036
0.488973
0.070901
-1.79499
-0.891578
-0.168544
0.274407
0.255855
-1.99689
-0.317552
-0.813525
0.00895841
-1.88395
-1.10566
1.00795
0.269212
0.171121
-1.1762
-4.31009
0.940608
-1.57504
-0.126964
-4.76034
42.8434
-1.67439
-0.0138151
-1.70645
1.42845
-0.0121204
-0.662885
0.0402289
-1.2898
0.185334
-0.506216
-0.431176
-0.574909
4.90819
0.720136
-2.02104
1.20045
-10.0885
-0.526505
-10.5716
0.0200217
-4.53527
0.120542
-0.716473
0.252697
-0.0820967
13.4716
-3.11896
-1.30459
-1.41876
0.495849
-1.41993
-2.66233
-24.4131
0.332355
-5.6812
-1.55475
-0.894914
9.79836
-14.722
1.66856
1.46191
1.64652
-3.63757
-0.486329
-1.11711
-0.0413193
-1.57221
2.20595
0.716001
2.77808
-0.408812
-11.833
1.24516
0.397438
0.914584
-1.23853
4.41742
-2.23906
3.07364
-4.05064
-12.3864
-0.370303
0.904865
0.64372
0.958751
-3.8854
0.134183
3.27379
-17.3116
-1.72588
-0.0228201
0.211567
-11.5388
-1.42088
7.52168
-0.979564
0.887084
-0.498895
-0.0623098
0.15568
1.3323
2.50934
-76.6123
0.326334
-0.463993
0.701603
3.17175
0.538274
0.874576
0.974403
-2.23917
-0.641764
0.116222
0.514319
0.380378
1.10084
0.0987977
0.941548
0.341539
-0.977993
-0.418477
0.128697
-0.0766669
0.183706
-0.61333
-1.88679
2.52116
4.08254
3.15889
1.44209
1.0138
-0.395581
1.83214
-3.28763
-3.95064
-54.2256
1.75158
-1.39336
0.801047
3.39395
0.488539
-0.181637
2.04482
-0.73527
-1.58949
-1.73924
-22.4722
-4.34469
-2.24023
3.04363
0.188999
1.69209
0.6494
-0.773645
10.9023
-1.99566
0.175392
-2.63421
-5.15956
-0.697566
0.369112
-10.1303
-0.340652
-0.0891864
1.23508
0.0450377
-3.36158
0.189307
1.77103
0.384183
-6.29078
0.641079
-3.17429
1.61129
-0.0519699
-1.40543
0.897618
-0.440728
-0.419332
4.54711
0.748239
2.80555
-1.85351
-2.71718
2.85929
-0.893381
0.27193
-243.538
-0.991036
1.77103
-1.0244
-6.0257
-2.5155
-3.94232
1.22045
0.926108
-5.18561
-3.70313
-1.35787
3.45233
0.823933
1.49151
-1.87038
0.977227
-0.54837
-0.536621
-0.891176
4.41351
0.191585
2.00266
5.02879
1.16746
-2.87566
-3.67362
-1.62702
-0.0176729
3.82011
0.161284
-1.55023
0.775541
-5.21845
0.21448
-0.216835
0.704288
0.24458
0.245964
-9.59637
0.41132
-1.7871
12.0528
-4.07834
-0.573904
-1.56669
1.91474
0.176538
1.31219
-1.99698
0.752049
-0.956062
0.203246
-0.509916
-0.60212
1.19301
-2.52519
0.834747
-0.345273
0.0228743
1.73032
0.0596242
0.0601219
-7.13606
3.07861
0.627362
0.659238
-3.71937
-0.635424
-16.0088
4.17367
-0.708627
-0.545327
0.679049
-0.529547
-1.10664
0.0937503
-0.378934
-0.671685
-0.160863
1.2523
156.249
0.9779
1.0777
-1.03699
-0.445786
-5.06
-0.613332
-5.92085
1.06621
-0.754096
1.04049
-0.02292
0.587382
-0.221818
0.0586638
1.81142
-0.788361
1.75705
1.98192
0.894442
2.47693
-903.185
0.182061
0.308754
3.73082
0.374201
2.65107
3.55738
0.273188
-1.94447
0.400199
1.6045
1.06433
1.66097
-0.610107
0.351064
-1.3883
1.81225
-0.340544
-1.28535
-4.22373
-0.576806
-0.604991
2.75295
-0.215063
-0.00786997
-1.61709
0.143544
-0.0304497
0.210457
1.26825
-2.29735
8.4832
-0.489412
1.91442
1.60954
1.94731
-1.24979
-0.849383
-0.286819
-1.01069
30.6261
1.85781
-0.0242134
2.49609
0.834065
-1.47735
0.749779
-45.9004
-0.29948
0.846467
-0.934671
-0.112023
-2.00254
-20.0152
0.112493
-0.568973
-0.11672
-0.110004
-0.354102
0.973505
-0.090858
-4.93583
-0.857025
10.5601
3.89203
-3.29371
3.99703
1.26108
2.18596
0.0870889
1.06262
0.625636
7.45245
1.18702
0.885958
-5.15238
-211.57
-0.944173
-0.252319
-0.872267
-0.225859
27.9424
2.73851
-0.0174119
11.8547
-2.91217
0.282841
-1.0765
0.620623
2.2018
-1.23876
-0.704904
1.65321
-1.50356
-1.89661
-0.0725468
-1.33858
-0.439696
-0.0507518
-0.385069
-0.628851
16.1118
-0.748675
-2.19759
-17.7503
-0.384858
-1.58154
-0.124159
4.56879
0.231119
-0.338566
-7.64585
4.89154
-0.528628
-0.84822
1.36154
0.560656
6.74841
2.71413
0.777896
0.597869
0.121587
4.36169
0.490008
0.8848
0.80957
-1.78169
-0.189541
127.05
0.577207
0.0848647
-1.32146
0.545869
-9.53232
-0.985706
-0.105614
1.30745
1.57163
-7.44345
-0.454487
2.00023
-0.911248
-0.18476
0.637164
-0.850389
-0.150619
-3.62444
2.85756
-1.41296
-3.61381
0.0299078
3.14693
-1.07211
-0.0241271
0.382063
-0.296134
0.938353
-0.0568395
1.0845
-1.42744
0.225215
-1.44423
0.872402
1.36887
-15.8438
-0.0382576
0.177555
-1.21536
2.68251
1.96931
-0.177364
-0.409073
-4.2921
-8.41928
-0.110167
-2.57717
0.213676
-107.704
5.45988
-0.0397599
0.706833
1.28893
1.41687
3.77714
-52.5693
-1.17515
-1.89623
1.74379
-28.9158
-0.737671
0.546817
6.22405
-0.408677
-2.19861
-1.86805
-1.06214
2.62835
-0.365258
-2.55279
-0.872731
0.814967
0.986834
-0.795546
-2.89712
-0.959739
-2.43705
2.66831
0.30372
0.503307
1.01621
-0.270204
-0.752844
5.2758
-1.34502
5.71808
0.674341
0.0357721
2.57202
-0.672698
0.710055
5.03112
-1.55639
-0.102221
1.2748
-0.985549
6.36565
0.0107134
-1.33623
1.71261
-0.450884
0.452181
6.70508
1.81774
0.714416
0.342847
-0.508311
-0.672712
1.03557
0.183764
3.42685
0.0953641
-6.4125
0.0128017
-0.545122
-0.405424
3.37699
10.7338
-0.5181
1.2166
3.648
-0.483076
0.930728
-0.779931
-4.36133
2.6314
-1.73121
-2.5359
-2.21013
1.54881
0.0712565
1.43696
-0.0801
2.42932
0.576059
1.137
0.736252
-0.222326
1.23007
1.19868
-2.31245
-1.49031
-1.64028
-0.526544
2.17122
0.373703
1.19313
0.462496
-14.5903
-0.583347
-3.07676
-0.308282
-1.13457
-1.71174
0.356347
1.96573
-7.60817
-0.480961
3.43139
-1.51382
0.041054
0.913373
-1.04358
2.52145
0.13372
-0.0543639
-24.8084
-0.653876
22.9045
-2.11326
-2.19151
0.830238
2.45415
-0.956008
-5.92233
1.39535
-0.665145
-7.05249
-1.46179
0.157336
1.27434
4.96378
0.315493
-2.70667
1.89732
1.82202
-0.741323
0.185703
-17.0432
-0.971071
0.776308
0.493034
-33.4697
-1.24397
-1.44881
0.0453071
-68.3981
-0.910171
-0.278684
-0.332159
3.08741
-0.624831
2.78118
-2.78226
-12.5538
-0.19485
0.0513083
-2.27662
0.734169
11.0676
-0.285112
0.513806
0.596026
0.696696
1.48065
1.97023
-6.92461
1.28967
-4.60671
-2.06257
-1084.41
0.112523
-2.38021
2.58531
4.65166
1.12395
-9.2535
-0.60106
-0.998766
42.7509
-1.11258
-0.392317
-0.611136
-2.3978
-0.142164
0.817252
-0.0936139
0.0625783
-3.62694
0.137833
-8.33319
4.1457
1.65804
-1.33511
5.69386
0.184169
-0.308333
-0.483516
-9.34298
-0.447079
3.06393
-0.901291
1.13982
3.90161
-3.80642
-1.70988
1.0124
-1.45393
1.7188
-0.486903
-0.12072
0.688444
-0.315347
2.97075
0.246017
-2.43276
2.10481
0.014229
5.2008
1.58415
0.269412
-1.64285
-4.38295
1.17667
-1.45196
0.77925
1.25435
-4.11028
0.354045
-1.07946
-3.50294
7.06359
-0.269437
-1.86255
-2.57269
0.185985
2.12841
2.247
-0.402616
1.38134
-2.80948
1.5404
7.56208
-0.188568
0.13733
-1.68264
1.45927
0.590007
4.59988
0.0142479
-0.125222
-2.65671
-0.389567
0.120685
1.56217
-1.22776
4.98124
3.95839
2.22645
-0.222684
0.288724
0.143963
-1.24059
0.289116
-0.61049
1.01722
0.159654
-1.35971
0.347255
-2.26635
5.42577
-1.80703
-0.302757
-0.415547
-8.81137
0.560396
0.285563
1.94993
3.83376
1.01008
43.9543
-1.22095
-0.606767
-6.63689
-2.00682
-0.0591791
0.305727
0.98322
16.7015
-0.496416
-0.185315
20.5489
-0.600196
1.99163
-0.699805
-5.76139
-0.495709
-0.554171
0.0427187
2.34162
-0.621693
-2.69645
-4.23994
-0.626094
-0.517949
3.18401
-0.673141
4.02533
3.33201
-0.614793
6.54534
-0.495816
-9.37765
0.00044015
0.205546
-5.33893
-3.36005
0.429116
0.124817
-1.97667
-7.69714
-0.71225
6.22624
-0.597914
26.6519
1.64546
1.24099
-0.0106679
0.635231
0.659825
-2.85314
-10.8001
-0.438173
0.513979
0.645727
0.153105
-1.4031
0.993872
0.197415
-1.19963
4.29876
0.196777
-73.5205
-0.676609
-0.302181
5.8168
3.12865
1.38164
0.833964
-0.549258
0.513537
-0.0748395
-0.18019
-0.475229
-3.29763
1.60612
1.30576
-0.676013
1.12889
0.0922066
2.41292
0.666844
-0.716435
-1.0155
-0.139192
-0.0505008
-1.09511
0.16722
3.87001
-0.0125588
-4.56678
1.29251
-0.948976
-0.240517
0.430085
0.581257
-42.7172
1.22853
-1.12753
-5.49918
-3.89022
-1.87091
-0.674214
0.106283
-0.215275
-0.271993
-0.185295
0.485396
-0.351021
2.99504
0.852586
1.8472
-0.58078
0.00198957
0.534491
-0.401911
-1.95918
5.77451
0.11843
-1.14838
0.954749
-1.14631
-0.13632
-0.368395
-0.657392
0.00726719
0.937408
0.111714
8.59202
-0.957001
0.25635
-1.73541
0.00833367
1.02401
-0.648594
2.13532
19.7591
-1.49454
0.0419068
-0.595315
0.978492
-95.3363
0.3749
-0.692754
-1.30524
-1.52833
0.102046
-1.17621
2.24289
-1.72578
-32.6514
2.52673
-1.23522
-0.753253
-8.05493
-3.39311
-0.193318
-0.210426
-23.7685
-0.160935
1.53514
0.0760565
0.242695
5.0711
2.12151
-0.342939
-0.294892
-1.2691
-2.70063
-1.18041
-0.417918
1.5917
-0.0390274
-0.166657
0.176273
0.280177
2.01055
1.78155
1.5163
0.765025
-0.439141
1.206
-0.095859
7.85353
1.16962
0.226505
0.537649
0.30796
0.0772324
0.921151
1.34938
-1.16686
-1.28233
-8.81796
-0.279438
-4.18372
-0.692789
2.49148
-0.723526
0.138162
0.660635
-0.260134
0.85931
-21.8076
1.36948
0.083373
12.9001
-1.05478
1.00383
-1.09002
-2.42812
0.131619
1.1017
-2.68965
-0.291623
-0.748007
1.32614
-1.16724
-14.816
-84.0405
-2.15987
-2.27742
0.0330161
-0.63545
-3.99907
-0.223996
-0.630868
-3.38786
0.104671
39.5175
-1.29873
-0.0306942
0.885312
-10.6202
0.000893721
1.3555
1.27302
0.294809
-0.920753
-0.566364
6.4528
13.5686
0.123122
-0.331626
-26.5501
3.0722
1.18805
1.64758
-1.86736
17.1505
0.178443
-2.36427
-2.06006
-0.43884
0.163
0.651192
-0.628694
3.78166
0.0876603
0.912385
0.023003
-0.121185
2.56002
-0.503185
-1.01701
-1.49811
6.13767
0.326278
-0.483698
-2.46325
4.19056
0.151747
-41.6028
-2.80525
1.43997
0.25471
3.238
-0.0842366
-0.977876
1.72992
-0.691151
2.54788
0.932429
-0.846863
1.64636
0.167553
0.722345
-2.46432
-123.608
-1.64024
0.887332
3.30703
0.869574
-0.309694
-2.36158
0.235416
0.0577211
3.46657
-1.09996
-0.198017
0.245125
-0.687336
-1.06195
1.17057
-0.283902
-0.831003
-4.85834
-1.49537
0.258264
-0.09098
-9.66319
0.599985
1.56375
0.154067
5.50345
0.179478
0.0394732
11.7499
-16.6695
-1.91387
-11.7568
0.859214
-5.10528
-4.07853
10.5867
-0.833432
1.90884
0.884866
3.86828
0.398727
0.0857671
-0.141668
0.195939
-2.57639
-0.283519
-1.05207
0.0927396
-0.445142
-5.77262
1.3272
0.046945
-8.87536
-3.01618
-50.8217
-0.164257
7.116
1.19984
0.566573
0.708649
-0.240949
-0.897331
-0.468694
-0.594937
1.81117
0.164064
-1.29387
0.107946
-0.565256
0.181654
-39.9049
-1.1337
-1.8948
0.289875
11.891
1.82919
2.52444
-1.17601
-2.82013
-9.04509
0.405172
1.83102
0.364281
-15.7266
0.0477341
-16.3794
0.123089
0.723128
0.645928
5.00888
-1.5722
0.549612
-8.24786
1.32487
-0.966405
0.1852
3.45759
-3.01925
-1.56158
51.8021
0.229709
-0.23046
-1.52608
-0.178409
-0.83784
2.40207
-9.66457
-1.12602
-0.477924
-1.4174
0.244785
1.94336
-0.684201
-12.0102
-1.83766
-1.04492
0.569258
-1.42256
-1.02912
2.60156
0.653037
0.092936
-0.445076
0.320195
0.341387
6.27847
0.442326
-0.916255
-0.501019
5.90931
0.72727
-0.179577
-1.61854
1.42019
-2.63832
-3.94269
0.726639
-2.71066
-0.19194
-1.27903
-0.604967
-1.11342
-0.00880695
0.22669
1.78868
-0.0949421
-0.200529
0.560792
-0.518366
0.586477
-2.90761
0.627615
0.165203
4.46374
-0.127205
-1.0486
-0.321251
24.14
-0.233032
0.261263
20.3643
0.405828
0.859091
-1.021
-0.0445214
-1.05556
0.791147
30.6989
0.277426
-0.301627
-0.681376
1.32039
0.501269
1.25975
-0.06522
-0.262362
-0.295526
0.00684958
0.31081
-3.47035
0.922295
-0.357991
-0.566852
-1.45595
-0.831554
-2.58689
-0.107724
15.8347
0.0554088
-0.106795
-4.30636
-0.265714
3.98245
-0.207722
-0.35874
-0.803555
-0.206765
-11.1365
-0.218323
0.613436
0.23081
1.60991
-2.68366
3.03221
1.91062
0.0106323
-0.0140212
0.545936
-1.99288
0.484479
-2.94295
-1.79663
-19.6169
304.596
-2.45925
0.0565145
0.0715144
0.0560669
-0.137818
-0.0598665
0.65052
-1.81586
-0.477343
-2.20566
8.4217
-0.247386
-0.266916
0.741831
0.0213902
-1.18788
-1.01391
-3.37568
-0.837932
-0.0556935
-1.19308
-1.15988
-1.4978
-0.386183
34.4997
0.153839
0.989821
1.58007
-0.25634
-0.527976
0.257143
-3.04605
2.03816
1.3956
-0.4389
-0.529259
-0.460714
1.57472
0.301747
-0.133036
1.25786
0.950488
-0.072137
1.67296
-7.73623
-1.79114
-1.53656
-1.61828
-2.05475
8.3945
-0.630543
-1.9331
6.38593
0.43743
-0.993815
-0.226478
-0.0344029
1.09934
0.345303
-3.81513
-1.80932
-0.220729
0.920811
-6.16675
2.02309
1.35997
0.303091
-0.180386
-0.880245
-3.12621
0.895034
-0.890341
-0.22601
0.225917
1.35319
-5.03332
-0.227006
0.264006
3.05463
0.209345
-3.3969
0.281933
1.68737
-0.557249
-2.94596
47.9087
-32.7308
1.44739
0.732083
-0.529888
-0.127725
1.53157
1.15099
0.0990011
3.3878
-1.1273
0.35723
4.52474
-0.217158
0.426332
-1.24853
0.220925
0.746201
-0.236828
-0.785454
-0.0959158
-2.9291
-1.68392
0.322541
-0.34704
-0.0326823
4.00274
0.0930138
-1.87514
-0.132651
2.46568
-14.0658
0.299957
-0.310853
-0.00812501
-2.27185
-2.56342
0.0952139
-0.0998887
0.72716
0.261127
-0.57982
1.66638
0.0283882
2.04483
1.76179
0.0947566
-0.0728972
-0.952199
-5.71572
0.303273
-1.98302
-0.0465255
1.56103
1.38806
1.84243
-0.804529
-2.06166
0.547631
-0.497646
0.174338
3.0192
-11.3164
-2.41225
17.7005
-0.260919
-0.16861
-1.49116
0.490645
-1.83763
1.04598
-5.39804
-0.575603
-0.921454
-2.64277
-4.2788
0.0575998
-1.06216
4.74324
-0.412386
-3.57601
0.332901
0.584314
5.22893
-6.43687
-0.0443963
0.599666
0.459818
-0.16674
2.04861
0.341186
-0.358124
0.638445
2.91652
-5.00727
7.08626
-0.472921
0.545528
-1.15609
1.24624
0.508989
5.6785
-0.357629
1.37439
2.10785
0.594853
-1.13189
0.657131
0.820677
1.67074
0.404133
0.207012
-0.00506894
-0.94955
0.652834
0.292516
0.561062
-1.7056
0.113224
-3.99609
-0.592936
-0.4176
-12.093
-0.364747
-1.00095
1.05587
-0.472038
0.862463
-0.185226
-0.235246
-1.50725
-0.145523
7.43705
-0.377569
-0.806647
-0.373467
0.133878
-0.170205
-0.14119
1.6324
-1.719
-0.766124
0.811378
1.6747
0.2482
-0.478858
-1.2292
-0.369063
-3.71785
-0.573954
0.506042
1.27113
2.51194
0.533021
-1.76433
-0.0185113
-2.82563
-0.396487
56.6529
-0.447857
1.78697
-0.747022
-2.90844
6.50606
4.41032
-23.0968
-0.850868
7.531
0.26441
-3.08823
69.0586
1.39421
-6.38982
-3.15655
0.0650206
-0.417274
0.611003
-0.0491507
-0.771567
1.71672
-30.6829
-1.0535
0.922251
-0.545147
-0.752207
1.52359
-0.94726
-1.09174
-7.30234
0.951356
1.71624
-5.21617
3.91962
-1.46739
-0.509533
-0.455147
-0.334647
-8.14527
-0.530761
-80.6243
27.3208
8.35149
-0.949308
22.4995
-3.8125
-1.00172
2.10264
0.426602
0.0921476
1.33692
1.19053
227.879
-0.890358
1.72757
-0.120866
-1.53657
-0.874481
0.240948
-3.90205
-36.8825
-3.30476
4.90068
-2.55364
-0.725248
-1.36211
7.71459
0.0837496
0.813373
-3.02144
-0.0557698
-0.602364
0.0994346
-3.92575
2.69759
0.446901
0.128132
-4.08939
0.170041
3.94156
0.101286
2.85373
1.96192
-0.69861
-0.356786
-0.0134251
-2.52986
-0.368108
-6.06602
1.00336
-1.20765
7.37003
-5.91122
-0.473119
0.602991
0.235583
-0.237641
-1.34966
-0.154057
0.455791
-3.74402
0.414282
1.5539
-2.23268
0.919244
-0.058275
-0.153726
1.15535
0.533041
-4863.8
-0.39658
0.337113
-0.568432
0.514101
4.67006
0.561925
-0.725126
-0.59976
-4.27342
-0.158628
2.88323
-1.7193
-7.00121
-0.689378
5.377
-0.663138
-0.73579
16.1642
0.593549
1.69931
-3.25432
0.872449
-1.5078
1.6628
-2.75075
-0.108786
-1.65123
0.417762
0.537541
-0.443233
-0.826476
0.109235
4.31657
-0.506652
2.84136
-0.162624
2.58915
0.724577
0.560988
-3.671
-27.262
3.88103
-0.79014
-1.37828
-0.687003
0.581171
0.179349
0.367954
-0.69968
-0.831943
0.762283
-1.01454
10.8011
-5.60982
0.0423211
1.2402
0.532693
-10.4412
-0.242921
0.985015
-2.29012
-0.230021
-0.499293
-2.16715
27.2024
-0.0101356
-0.141198
1.47555
-0.266668
0.90624
-0.269011
6.85657
-0.0302549
2.35215
-0.465576
-23.1047
0.642729
-1.22092
0.245066
-0.309036
-0.506266
-1.83873
0.692266
-1.01899
-0.362539
0.880788
3.83131
-1.2266
-2.64237
-0.929457
-0.883323
-0.386863
1.6665
-4.75974
0.112938
0.334964
-1.29181
-2.84726
11.0429
1.10229
7.71571
-0.133031
-0.475009
0.628729
0.676805
-1.93199
-1.24097
-21.9933
-1.35369
1.56512
-0.137024
-2.05435
1.09385
-2.00473
1.49247
-2.42169
9.82141
2.34094
0.895506
-0.199539
-1.83635
0.105099
-0.475452
-0.44679
-1.13242
1.13266
-0.164558
-2.4985
2.1071
-0.624502
2.42038
10.6148
8.57181
-0.56107
0.01536
0.950595
-0.714223
1.84562
1.83565
-3.33649
0.847226
0.105495
3.50645
3.05032
0.20941
-1.32456
-0.615523
-5.97331
-1.33393
-0.88639
-0.439714
1.14635
0.330923
2.47028
-0.403118
-0.583309
-6.34497
-1.50929
-0.338985
1.82796
-3.5786
-1.41513
-0.372912
-0.588678
0.948166
0.0631773
5.5822
-6.01801
4.23645
-1.14962
0.120039
-0.420551
2.23616
0.552773
3.00531
-1.78184
14.1998
1.55903
-2.85692
6.6883
0.183354
0.0983357
-0.224177
0.0177284
-7.24941
-1.36587
0.839642
0.766141
-0.227554
-0.328239
0.347846
4.30847
0.682859
-7.95905
-0.716823
-2.37967
1.29499
-1.07115
-1.41504
-2.31144
6.0246
-0.900751
1.78565
-0.116345
-0.0976841
-0.915501
-3.21376
-1.7647
-0.194609
0.273056
0.734357
2.27238
-17.3676
0.942968
-0.636413
-0.654414
-46.4781
-126.017
0.567195
-1.23234
0.475573
0.766238
7.91258
-2.3926
-0.398613
-0.910828
-0.759623
0.447054
0.384347
0.807005
-4.35707
1.29978
4.75165
0.16595
3.95482
-1.38327
0.130517
-1.37661
2.88915
0.627632
-2.56864
-0.670442
2.07871
1.78437
-1.48226
0.358044
-0.52911
-1.33408
0.241269
0.285111
-13.15
2.36
-0.755077
3.4049
-1.19475
1.57716
0.110936
0.839534
0.723214
-1.01756
-5.03498
0.212853
-11.1848
-0.569411
0.0652734
1.23689
0.128878
2.97501
0.790786
0.501471
2.27535
-0.558705
4.36298
0.345886
0.246922
-0.8934
2.10433
-2.25851
-0.605208
5.1696
0.105374
1.2952
-0.548783
-0.069525
-11.3013
-4.31903
1.17486
0.300711
-0.0652541
0.145377
1.60915
-2.94465
-2.26237
0.747349
-11.9902
-1.1436
1.38185
0.880794
-0.196107
-3.1755
-1.51181
-2.13498
1.11357
-0.184833
-8.09461
8.75269
0.558712
1.45103
-3.88628
0.957009
0.752734
18.6062
-75.4759
-1.54013
0.120705
0.412998
0.822857
1.60782
2.03865
-0.786083
-1.1053
-0.0192995
0.855553
-1.31068
-0.632094
0.964448
2.73932
-0.766214
-1.27309
0.719527
-0.904703
1.53119
-1.51519
-3.55831
44.8412
-0.893907
2.82645
-0.451511
1.04543
0.828636
0.96583
9.0246
-1.97063
4.73007
0.285599
1.36546
-3.02929
-1.47418
-1.57917
-2.55641
-0.847691
0.22047
1.26955
1.29048
0.0636007
-6.56797
-0.207022
3.38465
-1.87323
-0.381681
4.32177
0.00520719
-57.3925
-0.771164
3.51186
1.51962
0.271354
2.5644
0.785604
-0.456326
2.89903
1.03263
0.543505
0.219615
0.560779
-0.131248
-90.9973
-0.528193
0.943952
-0.574953
-0.4724
0.0972099
0.596215
17.3399
2.07251
-0.104529
-1.6902
0.874353
4.17016
-0.223702
-0.168863
0.285463
0.96064
4.0364
2.75836
-1.13045
29.8821
-3.63588
0.721567
-0.164218
0.0753509
0.636126
0.12437
0.0729469
-2.51493
-1.1651
-1.45919
0.875916
-1.20044
4.07384
0.205333
3425.27
-6.69202
-14.1377
-1.21788
0.0401898
-1.93714
-1.32657
1.20893
0.278081
0.761381
-0.138594
-0.669809
3.05489
-0.101934
0.649543
1.56548
0.195314
-0.254299
-2.27253
0.309598
-7.56051
0.566083
-0.759394
-2.19642
-0.437639
89.8458
0.555459
0.88935
-0.481058
-2.86305
-1.04756
0.987299
3.45589
-4.39688
-1.14804
2.48851
0.516828
-2.15702
0.632756
-0.348512
-0.65397
-0.0287849
-0.144558
0.307681
-0.305589
1.45174
3.45855
-0.79328
0.619644
-8.83377
-1.5173
-2.60503
7.38706
1.32374
-10.3085
-1.95397
0.953583
-0.744452
-0.678252
4.96562
1.70642
0.18776
-0.555619
0.746607
-4.76938
-364.603
-1.11359
-2.49656
6.45782
-0.713843
-0.341884
-0.797105
0.296877
0.343421
-2.64392
-0.792165
14.3249
1.07811
-3.00013
1.31564
-1.5365
-0.177941
0.0159433
0.595099
0.0606735
-0.271237
0.561466
0.3865
-4.17403
-1.00065
-0.0932624
-1.16478
-0.157492
-2.0196
1.28556
1.01884
0.955907
-0.517703
1.99518
-1.76814
-3.59965
3.66318
-9.39568
1.07436
-1.43385
-0.611738
1.04648
2.64121
-0.148543
0.0147438
0.313121
1.13333
-1.92183
-0.0491092
3.32054
0.802785
-0.343868
2.60661
-0.0224209
-1.53799
-1.9778
2.60572
7.39435
-0.362344
1.06872
-1.017
-0.212272
-0.767999
40.2625
-0.896124
-0.289946
0.724843
-0.266938
-0.759768
-0.75716
-0.169327
0.422259
0.71327
-1.12286
-0.999692
-0.631694
1.19212
0.112267
120.783
2.20496
-1.59676
1.3192
0.927878
-0.321008
3.81961
-0.160048
0.52385
12.0875
-3.24399
-0.950255
0.71584
-0.0285145
0.674361
0.271174
-0.113835
0.456595
1.05755
-15.7718
-2.27319
-6.66354
0.208013
-1.12015
-3.63244
-1.01802
2.22804
-0.610014
8.8845
3.35284
1.19443
-0.57346
0.0808688
-5.40705
-1.59063
0.649499
0.943102
1.56849
0.405925
0.62763
-9.07432
-1.86642
-1.11709
-1.50497
0.0269879
26.8988
2.64166
0.996565
-0.586456
1.12319
-0.441385
-0.4591
-0.698281
-0.371298
4.81439
-2.89243
1.75034
2.56982
3.05718
0.581429
-1.49425
-4.85132
0.146142
0.49579
-3.27604
0.634299
0.845399
-1.06687
-1.20622
-1.35462
39.8148
0.448453
-3.78088
1.18514
-1.72997
-8.57667
-0.418288
-1.92168
-0.0797181
1.9046
0.130062
0.996917
-0.374316
9.55903
0.948659
-1.28862
-0.179147
0.802591
-5.37659
7.0669
-2.59321
-2.29171
-19.7127
-0.506059
2.04277
1.7158
-6.0652
-2.30451
-3.67003
1.3789
0.519592
0.665833
4.46989
0.59997
-0.537915
1.05807
2.33323
-1.08024
0.500402
2.39648
-0.11903
3.80311
-0.00440195
0.759948
0.171538
23.0561
-0.449211
-1.22343
-1.09557
-1.04078
0.407959
-2.7748
3.63273
0.929933
-0.555729
0.827092
0.321717
4.06098
1.18475
-24.7435
0.0660287
-0.302901
-0.0837488
1.40929
1.07603
-2.13356
0.732819
0.968604
-0.0156977
0.0217131
0.301945
9.536
2.03263
-0.497567
-9.10021
0.101161
-0.930503
-0.0581818
0.963309
-3.12134
-0.633396
0.326872
0.692962
-0.586538
-3.46267
-4.70867
-1.42706
0.754043
0.644444
-3.37894
0.311176
-0.389319
0.871313
-0.581939
0.197699
1.26575
-1.01665
10.09
-0.24235
-0.101426
5.37894
0.018057
35.4822
0.342183
1.37374
0.319661
0.249719
-0.398873
-1.01236
-1.39345
1.52041
-3.5789
1.78043
-0.920312
-13.5925
0.217258
0.587451
-1.96257
0.439391
-2.85803
-0.300421
0.378953
-1.32471
-0.0302995
1.29308
-2.66417
-1.18303
-0.367782
-3.20973
1.11322
0.755581
0.413356
5.52242
46.4898
-1.031
-0.944663
-1.15714
-0.398324
1.60146
0.559971
1.4262
1.90163
-2.52662
-12.7144
1.55709
0.389217
1.05131
2.10231
-1.09796
2.65863
-4.96765
-1.63577
-0.457239
-0.52855
0.295804
-8.22459
0.43995
-3.8691
0.590184
-1.5635
15.4664
-0.288179
0.787763
-1.00078
0.460836
-0.0628871
38.3156
-2.29735
19.571
-0.27574
3.04987
0.173719
-0.070395
2.48518
0.120522
4.13919
-0.148979
1.4061
0.837551
6.53499
1.00523
4.94786
-2.41878
-0.750428
1.5433
0.600432
-0.166693
3.96136
9.7179
-0.397274
-78.6502
-0.400292
-7.03367
-2.21723
-2.37719
0.281592
0.488607
-0.38346
-1.32521
-3.51149
-0.0757362
0.443907
-6.90414
21.5346
-0.921125
1.1453
0.0540569
-12.5107
1.97228
-6.40967
-1.22771
-0.223577
2.68603
-2.16928
-9.73316
-1.60454
0.317078
47.7026
-3.19551
-0.0733461
1.02284
0.0330958
0.736304
-2.13865
4.48143
-2.38558
-1.43069
-0.111652
0.479409
0.639715
1.46078
-2.98636
1.42584
2.83796
1.17809
-2.16566
-0.657201
1.41765
1.43409
-0.482388
-0.702117
0.0690332
-0.638623
-0.575842
1.90716
-0.331966
-0.189235
0.121001
-0.0343945
0.632829
3.47255
-1.1075
-2.1139
-0.503685
0.305804
-0.403289
-0.849291
0.378355
-0.900292
-1.75162
-0.183871
-4.77784
1.18295
-1.54138
-0.294614
-1.44067
0.157296
-0.163241
-2.07782
-0.561235
0.671372
1.3635
-5.42319
0.564295
0.58097
-0.811164
0.696476
-2.86064
1.35274
-0.786758
-2.61803
0.132258
-1.12988
-1.80975
4.04756
0.677047
-0.510373
-3.97677
0.941211
-0.106445
1.93372
1.39187
0.21098
0.320394
0.972937
1.48874
-1.40376
-0.331005
5.52358
-2.93332
-0.663157
0.293423
0.789026
0.471492
0.198512
-9.12535
1.10379
-3.02465
-1.59605
-8.43124
-1.33385
-1.25155
-0.571568
1.35875
1.25064
-0.281333
-0.0306342
-1.00386
-0.137795
-3.00738
0.0392646
-0.873237
-2.1443
-1.47785
-0.62148
2.22129
-2.49117
2.52391
-1.4421
-0.165752
-0.642775
-7.61009
0.521528
4.25799
4.31873
0.481896
-1.02298
0.535459
1.15659
5.17434
-5.12312
1.0034
1.16427
-1.67011
-2.53205
0.125925
0.369026
0.257808
-0.83097
-1.18159
0.751867
-0.000706783
-0.609738
5.36731
-3.82864
-1.22044
-0.382639
0.427224
0.661083
-2.43887
0.594549
-4.0838
47.9674
-0.184739
5.88269
0.414297
0.368039
0.322488
1.18683
1.98846
1.38341
2.9217
5.52287
-0.00222225
-0.0496625
1.07985
6.86988
0.724829
-0.067736
-0.19982
0.851512
-0.72259
-1.66799
-0.629818
11.1904
1.34657
3.21797
0.869774
2.09283
18.83
0.746884
-5.26222
1.32352
-10.2967
3.55617
0.89548
-2.12322
-1.74591
0.0298277
-0.345471
1.62255
0.280515
0.757783
-2.11458
0.280819
0.447283
0.122059
0.0769077
0.810874
0.0535579
1.35557
-1.48725
0.772871
-1.41435
0.724187
4.2221
-0.662678
-1.81245
-1.72217
2.47147
2.33472
-30.6522
0.102762
-0.258046
1.03211
1.25235
1.53564
-3.73204
-7.42481
-56.5362
0.184549
0.206817
-0.620061
-0.65714
-0.363298
0.135868
0.990636
0.0167427
-1.18345
0.387808
-4.28456
0.0185314
-5.94492
-1.2225
0.0559065
0.62892
2.54243
1.32969
1.38494
-0.15885
-0.688567
-14.1983
0.466328
4.62433
0.858763
-3.5858
-0.280564
1.06675
3.42883
-0.306921
0.0809106
2.12416
-2.40852
-0.461104
-1.06388
-0.656539
0.270927
1.26982
-0.00489286
2.30995
-0.917671
-39.2961
-0.46745
3.94999
0.804452
-0.556447
-0.802939
-2.96218
0.127498
1.80273
-0.0582842
1.11749
0.651829
-3.68691
-7.10009
1.10184
0.488236
0.0965496
-0.214673
-8.62961
-9.22023
1.92873
-1.1663
-0.063264
0.933582
-0.673256
1.73801
0.114802
-1.83845
-189.283
-6.15904
1.32012
0.644455
-1.91148
17.1122
0.854954
0.569182
0.113364
6.03702
-0.194459
0.815877
-1.28045
0.0513682
55.8355
-2.54551
-0.236449
0.800651
-0.0754626
0.199239
0.963964
4.08881
0.240537
-0.560209
1.35428
0.964526
4.66335
-0.631041
-0.878268
-0.254657
5.136
3.25456
2.4505
-3.43343
-5.60893
-1.87375
-1.4781
-0.790319
-5.69475
-2.84547
-1.19712
0.71922
1.33749
-1.97075
0.383678
-1.44102
-0.397133
6.22527
-1.17795
0.31252
0.446279
-0.85681
0.6231
0.250872
4.55969
-0.186059
-0.409822
-0.50821
-0.392009
3.7707
52.8546
0.462226
-0.570358
1.79122
-0.766257
0.304026
-5.6833
2.39445
0.376391
10.6155
-1.47025
692.103
13.9583
4.68972
-0.134038
-0.993726
-2.4523
-0.192261
0.450698
0.209832
-0.545108
-10.1264
0.208913
-1.3499
-1.64399
-0.676687
-0.0845161
-2.66202
-0.196197
-1.5697
-0.463342
4.76605
-1.46328
-1.31346
0.894767
24.8057
-0.199743
-1.78676
-1.27353
2.90808
-0.0734474
6.47088
-19.5964
8.76306
1.4205
0.746453
-0.290584
0.324865
-0.0883812
1.78282
0.0744781
-0.122208
0.726638
-0.575014
-28.0175
-51.5382
-0.302295
-0.340874
-3.14941
-0.19183
-4.49543
5.31278
0.210499
2.24251
-3.59102
-1.38988
-1.63795
0.69814
-0.202448
1.86264
2.36511
-123.334
-5.49556
1.12316
67.8923
0.783316
2.37922
0.595839
-0.436166
3.80513
2.70938
-2.20476
7.04401
1.1645
-1.87294
2.24295
-0.84367
0.658517
1.49546
-2.88209
-0.163787
-0.0439759
0.273811
-2.85613
-2.5847
0.103973
-0.0543848
1.32185
-3.73495
-0.306089
-0.0950896
-0.134288
0.806435
-4.65957
-5.42468
-0.107744
0.435659
8.20575
1.11975
0.164789
-0.673203
0.171541
-0.36405
-0.911554
0.238449
-0.575664
2.32271
0.381147
2.74749
-1.45088
0.0904767
2.03674
0.433215
-0.0713645
-11.9563
0.423528
-0.49902
1.44767
-0.641083
0.159968
-3.05853
10.3671
-0.332921
-0.234541
0.531614
3.06161
-0.797251
17.6192
-0.208385
2.12503
-1.0836
-4.19003
0.0094171
-0.109962
0.325368
1.96451
2.0513
-1.33018
-1.5378
-0.885145
0.992976
0.112723
-0.597935
1.67356
-0.229085
-0.117823
-1.80018
-2.4775
-3.09069
1.99353
0.884588
-1.7519
-0.223411
-0.22538
2.60088
-3.14593
-1.03551
0.356651
1.79603
-8.1944
-0.345555
3.12452
-0.185694
-0.232754
-11.0183
0.72844
-5.18901
-1.16613
0.69052
0.906244
24.1785
1.29597
1.27119
-0.356836
-5.65707
-2.29479
-13.139
-0.0434631
15.9967
0.274249
-0.134585
1.93496
0.372341
0.922655
0.629402
-0.63515
-20.9011
0.22679
0.256653
-0.119405
1.28803
0.0936935
5.12949
-0.520435
0.731929
-1.28729
1.59689
-0.385852
-8.90406
5.99162
-0.0293488
-3.33656
0.315912
-0.00938997
-2.51926
-1.33312
0.194705
-0.262607
-1.2722
-0.957244
0.700914
0.277035
-4.1374
-1.12982
0.638247
0.103733
-1.38109
-0.124439
-0.217445
-13.372
0.763406
-1.07164
-0.407885
-0.291829
-0.301238
-2.01517
0.962718
2.69944
-1.44363
-1.45588
1.65457
1.44508
1.06604
-0.624926
-2.30994
0.44694
0.720153
1.42231
-2.15866
-7.89298
-2.61903
-0.638936
-1.09188
10.5866
4.66666
-0.260174
-12.5008
-1.00916
4.59372
-0.987718
5.5271
0.122866
0.0792548
-3.40475
0.646392
-3.79555
-25.0647
-0.486189
-0.145565
0.912593
2.10529
-0.530174
0.268657
-0.521057
-1.32204
2.53527
-0.430292
-0.151498
-0.102087
0.0188036
-0.135244
0.620336
-0.300283
0.833819
-0.980919
-5.24328
0.385997
-6.27242
-1.5776
1.16645
0.965246
-0.0950725
0.524605
-0.223961
-1.49462
3.016
1.62652
-0.78302
-0.66646
-5.33525
-2.54708
-0.733432
-0.0841832
-3.80749
0.366594
2.3424
-0.629595
0.657695
-1.97518
1.24372
-17.4142
0.815347
-112.752
-0.0683759
-16.3613
-1.49982
0.359341
-0.481133
-2.92334
0.783939
0.621794
-0.131648
-0.844714
0.191927
0.281219
-4.68123
-28.6955
-2.37798
0.462404
-0.00770006
-1.64998
1.2615
-1.58572
-0.565482
0.528462
0.490689
-1.50688
8.4459
-0.0725306
0.548644
-1.26696
-2.51189
0.953965
-6.03417
-39.3697
0.742597
-0.442317
1.24941
-0.381953
0.956178
-8.05061
-1.66438
-2.74935
2.2998
-0.822729
-0.20703
1.44903
-1.34261
2.45272
-1.50596
2.16633
1.31121
-1.08854
-0.200438
-0.0822011
-0.849296
0.0521521
1.09236
2.13918
-0.0244015
0.0511709
1.18961
0.319437
-1.53034
-0.0397787
4.5723
2.79421
2.08482
-5.01218
-3.14485
-0.453797
-1.58953
0.0341745
-2.61891
0.712763
-5.08776
-0.116392
1.10224
-7.24921
1.40415
-2.19825
-0.783381
1.65958
-0.931492
2.70231
0.704131
37.2014
-1.76317
0.707529
0.453755
-0.841408
-2.17011
1.88246
0.349736
0.0214612
-35.9262
0.771496
0.69964
-1.49155
-0.579642
-2.30102
2.86523
-6.29113
3.39659
-0.566429
-0.416014
-0.580138
-0.558019
1.64356
1.19721
1.47851
-0.459227
-23.3149
1.39046
0.461685
2.61676
0.828541
6.79691
-2.62555
-2.5755
2.6081
-0.297191
-0.0677574
-0.350454
-14.5526
-0.481329
0.611245
0.0440832
-2.3507
-1.33627
48.445
0.141707
0.864101
-0.76407
-1.99948
-1.81356
1.771
0.542522
-1.85102
0.0408607
0.0314401
0.161347
-9.0759
0.9602
0.0425287
-2.75732
2.10372
3.98354
0.022011
0.885594
-0.413029
-0.854771
1.99238
-1.78035
0.810721
-3.69203
2.03231
-0.251622
-1.01344
0.261848
2.57201
7.47076
2.80977
0.233116
-0.489583
-0.184896
0.219672
-0.529625
-2.55751
1.2896
0.378439
0.624469
-2.20931
1.41851
-1.62461
-0.0237565
1.59435
12.3629
0.738617
1.43741
0.558442
0.299893
0.681356
-1.02769
23.1
-0.334091
1.10636
-0.383646
24.263
-0.244401
-1.88984
0.438456
-1.56174
0.674466
-0.35259
-0.735752
0.26624
0.6436
4.45222
1.06285
2.01225
-0.199876
-26.8213
-0.118229
0.484547
-1.36695
1.94014
0.597228
-1.27945
-0.391951
0.789465
0.0895458
-1.28649
0.230716
-2.48546
-4.87837
-0.669166
-46.8688
0.887772
-0.631409
49.7221
1.07957
15.5511
0.720857
-0.117161
-0.0623337
2.29766
-7.55353
-0.946896
-1.22696
0.151269
1.2767
0.170499
-0.534415
0.252376
1.38869
0.470851
-2.17978
6.15171
-1.55205
-0.17045
3.36526
6.40301
0.078558
-0.979525
-3.51372
-2.56056
0.47033
-12.0126
1.11356
-0.474654
1.36966
10.8526
0.530272
-0.574422
-35.8984
-7.11054
-0.440845
50.5107
0.750899
-1.14103
-0.788208
5.30181
0.335968
-0.483598
-4.97776
-10.1344
-1.4243
-1.09996
-8.25511
-0.860542
0.301039
0.664762
0.248901
0.637597
-4.49813
4.93771
-0.444666
-0.903851
0.762412
0.0779177
-0.64726
1.94843
-2.82384
0.425498
0.66007
0.893265
-5.82699
-0.832606
-0.158981
0.588475
-0.304267
0.174526
1.74602
1.61643
-0.453016
-0.726809
-1.46899
0.435251
-0.0805006
-0.377412
-1.87011
0.497573
-0.111295
2.83997
-1.2462
0.17623
-1.80996
3.67856
-0.469818
0.107945
-0.834189
4.63062
0.475481
-1.76546
5.00996
2.53826
1.90681
8.32775
-1.69071
-1.29921
-0.0211961
-0.0973418
0.395362
-1.14206
0.613779
0.35315
4.1049
-2.98051
-3.27387
0.960507
-4.76974
0.920028
2.14533
0.125846
-1.61504
0.861896
-0.695407
-0.716125
3.42691
-0.617912
-1.72582
-12.56
0.305749
-2.26272
-6.11384
1.81981
2.75278
5.27554
-3.70465
7.82831
0.3649
0.827503
-7.56501
0.224951
1.54168
-0.354861
-1.68369
-0.327849
-13.3836
-0.17233
-1.94522
3.18796
1.01628
9.36178
-0.197656
-1.41555
-0.984186
8.21975
-0.489324
3.33361
-0.223276
-1.0743
6.70145
-1.19323
0.238663
-0.744849
0.593564
-0.738864
-0.0188132
3.38771
-0.528449
-1.56081
-2.34404
-1.4051
-13.6858
-1.46633
0.32859
-6.54825
-0.342122
-0.018089
385.488
0.983706
-0.0778532
-0.433579
5.25238
0.40315
-0.39283
-0.983171
-1.49021
-0.388136
0.936846
-0.714728
-1.16122
0.501782
-0.437785
0.914365
1.13229
3.5021
-0.280205
0.514524
0.84509
2.25501
-2.49865
-0.0704876
-7.4009
0.616547
2.0653
0.0695002
-0.513013
-0.792491
1.44116
-0.393445
15.2649
-0.168918
-1.92117
-1.46368
-0.25993
-0.103552
-1.48372
2.23932
1.17575
-1.46837
-4.38844
0.159807
-3.7989
3.79519
-0.0876837
0.172709
1.49565
-0.66916
-0.0966429
-14.5744
-106.375
-0.0938815
-0.0253941
-0.109905
1.62183
0.000532163
-5.28972
-1.70454
-0.514066
44.3162
-0.263382
-1.10617
0.282454
1.21382
11.9769
1.07782
0.429102
-0.632846
0.548201
-0.578606
4.53244
3.40472
-6.1203
0.0944039
-0.162733
1.05707
-2.00767
1.29417
-0.439618
0.766958
-0.790621
-0.528685
0.866298
-8.6894
0.599597
-0.322347
-1.74064
-0.0821019
-0.484579
-3.83439
-0.197419
-4.60692
-0.113867
3.68928
-2.04926
-4.93042
0.564166
2.70773
-0.248975
-0.331205
0.659352
-1.26361
-16.6518
1.26545
1.68036
-2.48683
-0.571045
0.689712
-13.6878
4.44024
0.279396
0.794808
-5.86127
0.651905
-0.868702
-2.11321
-5.75121
0.170908
0.197142
0.0518868
-0.801407
37.325
-2.07965
-2.02617
0.23531
-0.0885754
-0.443587
-0.102825
0.386997
-0.547524
-0.601597
-1.86724
0.151398
6.80896
0.640358
0.741522
2.08587
2.88261
0.699411
-17.8499
2.95793
0.247102
-5.92726
-0.405882
0.63241
-8.50552
0.0320796
0.753363
1.05289
-3.8962
-0.388833
1.54137
-0.706987
-0.510468
-0.650365
1.46234
-0.192708
-2.3011
0.227296
-0.72914
-2.28372
4.13085
-0.663614
0.442578
0.784518
-27.7502
-1.81399
0.22276
-0.979811
-0.790998
-0.657933
-0.825653
0.500612
0.766795
-1.06995
0.778819
-0.833048
0.517793
1.59959
0.301852
0.58624
-0.348257
-0.16367
-0.039005
-0.320573
1.06055
-0.834425
-0.698956
24.8353
1.37648
-0.425345
1.23387
-2.22766
-9.8591
-6.02398
-0.791162
-2.49007
-0.0734507
-2.36718
-1.07561
0.515278
-0.721914
-1.31578
-1.09237
0.571041
-0.275476
-0.144797
0.818628
-1.90361
1.73006
0.36882
0.716731
24.6796
-7.87001
-2.71913
0.82582
-1.37905
3.53612
-0.148155
1.1136
-6.87784
-4.66515
2.66675
-0.563214
-0.251658
0.765043
0.651766
-0.530482
68.6933
-1.42211
-45.3601
3.18206
0.207573
0.630947
-0.0235561
-0.636687
1.07577
-1.92938
-0.74399
4.28342
-0.847472
-0.976027
-0.625199
0.115415
-0.867298
-4.34699
1.68149
-0.202116
0.210902
-12.7754
0.0225586
4.06312
0.056378
0.704138
-0.221135
-0.500544
-0.372292
-1.31629
-3.96125
0.463001
-2.52362
-0.354153
1.42535
-64.8535
-1.05332
0.306396
1.32063
0.363795
0.310722
-0.028452
0.339087
-0.275855
-0.885634
1.10987
5.47848
-0.54379
27.3238
3.79116
-1.09012
-0.164809
0.817187
1.1583
30.8752
-0.632098
-6.52249
0.402628
0.87071
-0.0770637
-0.977071
-5.61302
0.33301
5.9788
0.495184
1.31822
-0.210164
0.456845
-15.4272
1.76048
-2.49795
-0.713886
0.298577
-0.466698
3.31611
-0.555045
2.81153
0.792521
-10.9423
0.516485
0.146354
1.05486
0.866686
-2.91349
1.70478
0.876961
-0.0934238
-8.18661
-1.41513
-0.135905
0.336531
-0.378444
1.47541
0.379306
-0.401474
1.86306
-0.383535
-0.984224
0.120731
-0.172096
-1.46603
-0.0288926
-0.920396
0.57152
-0.467302
1.39271
-0.408814
10.0375
-18.6891
0.91781
-1.25084
-0.306635
1.98908
-0.33067
0.0930958
-0.143584
-2.01548
-0.751027
-1.5977
3.31478
-3.03172
-0.0583982
-1.49457
-4.43109
0.469565
-2.17523
-5.95136
-11.052
0.304632
2.29723
1.59279
-7.70294
-0.520692
-2.2071
0.607988
0.0488834
0.383767
-1.29163
-0.834299
-1.28272
-2.50436
-3.49716
-1.17842
0.0958065
-0.514726
0.467783
-0.828521
2.83584
0.252781
-2.13054
-2.13411
-1.20515
0.547383
-2.05152
0.391891
0.376721
2.00621
-0.602356
-5.48551
-1.56949
-0.776882
0.379021
2.36735
2.91611
-0.997374
0.0509929
2.16565
-1.54797
0.326053
-3.59562
4.08934
0.477227
-0.945157
-0.176452
-0.372599
-8.40457
0.205652
-1.91277
-3.06551
-0.645257
1.60402
-2.22619
1.55556
7.72292
-1.50357
-5.0946
-1.04844
-0.0968635
-0.629586
-0.303302
-0.423017
-0.769802
-12.6835
-0.13789
-0.0251131
0.987394
-1.55639
0.923504
-0.822637
12.547
142.851
-0.793936
-2.58238
-9.08651
0.162621
-1.29198
0.510951
0.366636
-1.88733
2.05573
-1.6247
1.28296
8.01659
1.26989
-0.983619
0.0051174
0.301881
0.0439049
-0.665714
-1.08761
-0.293447
0.58432
1.31134
0.0327472
-1.44193
13.0418
0.0525772
0.045074
1.3942
5.815
0.796717
-2.02056
-0.470493
1.10456
-2.67739
-0.356682
-1.75706
-0.579389
-3.20441
0.743282
-0.160542
1.19816
1.66433
0.62444
0.225629
-1.5618
0.705337
1.88215
-6.15266
-0.176247
-1.4195
6.10204
-1.31891
0.137241
0.670983
-0.0392993
1.57511
-0.0106824
-1.99353
0.656454
0.0253389
0.0532491
-1.72301
-0.452954
-13.6888
1.68733
-4.92755
-0.104261
1.3307
0.378834
6.4374
-2.50875
-0.0172073
-0.18227
-3.31377
-0.633263
-0.575884
-0.305438
1.013
-0.644675
-1.74518
7.40339
-4.78983
1.87666
-0.935494
-1.86013
-0.880463
-1.26724
2.13015
0.756623
1.18346
-1.11909
-0.769354
0.939724
-0.966772
0.619658
0.0898442
2.53919
10.0489
1.42817
0.505489
0.0683265
-3.05262
-2.49367
0.32859
0.889369
1.3668
-1.62416
-2.11642
-0.0145009
-17.0424
1.39191
0.485031
-0.655839
-2.71978
0.517465
1.46156
-0.357047
-0.493522
-0.474385
37.8864
1.19154
-0.681609
-22.3976
-3.28693
-76.5993
-3.40347
12.9698
0.132923
0.575534
-2.32198
-0.913005
4.34814
-0.0283587
-2.90306
-71.968
-0.369414
-0.916105
-2.15929
-0.070183
0.724311
2.2133
-1.19528
-0.176789
-0.108937
-0.196885
-1.08121
-0.445191
0.0369892
-0.179739
0.405507
-2.42841
3.41906
54.8328
71.2256
0.631824
0.581129
-0.0536595
0.607642
9.90375
-0.855035
-11.3931
-3.07325
-6.94079
1.46488
0.977587
0.787555
-1.35967
-0.613451
-0.894135
0.979099
-0.35998
0.486836
-1.03859
2.06438
2.46982
0.167744
3.09745
-0.945004
0.0927535
0.652269
2.7912
-0.359255
0.233135
-2.47417
2.32985
1.01114
-4.46048
4.43458
-0.630596
1.2011
0.472797
-0.31599
-1.99157
-2.18168
-1.17653
4.39663
0.347332
2.28515
2.32267
1.23087
6.58317
-0.829506
0.550711
-2.11832
-2.69422
-0.612994
4.77936
5.2841
-0.222584
0.358631
-43.9986
-11.3091
-1.02645
2.2384
-0.0717204
-1.02252
1.20134
31.4687
-2.35259
1.58241
-0.640419
-0.526258
-1.15759
-0.0446048
-0.73077
-1.96444
1.19967
-0.457057
-0.750245
-1.08697
20.1245
0.234795
-0.394556
-0.0415155
1.16541
51.0259
0.46818
0.242396
2.22176
-0.175456
3.28063
0.12582
-0.870584
2.24002
-14.7372
3.84231
0.548991
1.38672
-4.60064
5.44258
-0.74235
0.563443
-2.56012
-0.446825
0.607101
2.76797
-3.42113
-1.88755
-2.533
-2.6689
-0.982559
-1.31737
4.14727
89.9605
1.87797
1.2843
0.362174
-0.955296
-2.73247
-1.05432
-5.64338
1.74435
2.03951
1.55946
-1.57665
2.37865
-0.782034
-0.554229
1.75491
0.00979403
0.677773
-0.0388811
-0.230189
-17.4927
2.77649
-0.860358
0.355566
-1.34272
-1.22787
-1.17396
-2.5562
-3.56351
5.89181
-0.28896
0.237845
-0.379632
0.914196
-0.486184
0.306344
-0.555624
2.446
-0.833235
-1.0502
-0.000246994
-0.151008
4.74938
-0.994847
-0.688015
0.927147
0.334835
6.47707
-5.08042
-0.636563
-0.0682191
-1.52634
-7.59542
0.0479477
1.71891
1.43929
-1.7881
0.771098
5.08714
0.464539
0.248002
-1.57048
0.912774
3.34134
-1.99886
3.93146
0.627961
-0.49821
0.350755
1.15795
-2.89661
-1.14028
0.41117
-17.7005
1.33405
-0.16684
0.982432
-1.06541
-2.17336
-10.0252
-0.0807159
17.5606
0.208361
5.77166
-0.535009
-0.854006
0.0756292
-1.86946
-4.91804
0.615612
-0.572028
0.195555
-0.995492
3.32263
1.79609
-3.78714
-0.641182
0.366619
0.504792
2.25975
0.00935956
-4.46392
-1.05629
-2.88347
1.98623
-21.1446
4.70877
-0.144129
-0.651889
3.2822
-3.79008
0.0538013
1.57658
-1.67492
0.0796849
-1.29604
-0.531021
-9.40272
-0.193821
-2.36757
0.685399
0.182618
-0.461519
-0.635677
0.418047
0.114852
-1.84433
-9.80689
0.314959
0.949107
-2.2222
-2.31157
-2.09803
3.05747
-0.179301
8.99716
-0.131864
0.15166
-1.35471
-0.131688
-0.247807
0.5025
0.172758
-2.84964
0.177282
-0.0740568
-3.60868
-0.00221302
-2.24559
4.1816
0.564232
0.918486
0.890892
2.36457
1.70623
4.09943
-5.43469
0.989408
-0.220841
0.188137
2.94703
1.76167
-5.66202
-0.743553
-0.244182
-1.44312
-0.514495
-2.65972
-14.2298
-0.469659
16.3704
-0.236329
28.7568
-1.05741
-0.283249
-2.97431
-0.67573
0.740309
-0.980014
1.11823
1.62218
0.121666
-1.71086
-20.1758
0.709023
-0.110623
2.18475
-0.024585
-1.21651
1.39101
0.73701
4.06379
-0.379979
-0.377319
7.90476
-0.544914
0.47795
-2.57673
0.359452
1.38079
0.30187
-0.578629
2.34304
2.64689
-1.53585
2.54768
0.0550167
-1.01381
-1.56004
-0.0126564
-2.19175
-0.728582
-0.275867
0.334894
-1.39386
14.3514
-0.547176
-0.987234
1.87833
-0.824908
-3.7756
-0.528543
1.84488
4.89616
-9.16285
0.830194
-3.08024
-1.28109
0.28247
-26.1143
0.110518
-0.256742
-0.461522
-0.054475
3.27727
-1.36272
0.529617
-1.01996
0.00304915
-4.55017
0.0824963
-0.112431
-0.856227
-2.59387
-2.09799
-1.64711
-1.82788
-3.72096
0.270092
-0.0831638
2.39808
-1.28215
-0.310464
0.874566
0.18143
0.163389
0.572076
-0.380442
-37.0618
-0.0638276
-1.83087
1.57805
-1.15911
-1.07063
1.71635
-0.129509
-1.05818
-0.467522
-0.924133
-5.12179
-12.794
0.828877
-0.934789
1.40041
-0.113922
2.63039
-0.543553
-0.643347
-33.0356
-1.30165
4.4506
-0.193638
0.823885
3.12333
0.754054
1.49908
3.29373
7.76188
-0.0382779
-82.2628
0.242419
0.00792584
-0.0986592
-11.3063
-1.2133
0.359044
-0.0425902
0.136902
-0.453885
-1.02543
-0.679979
-1.94881
0.148128
-0.616697
0.519997
-0.275494
-3.79198
-0.6744
1.4227
-0.726173
-2.02545
-2.77992
-0.378474
1.1797
-0.923071
-1.42168
1.03813
-0.829572
-0.669851
-1.64051
-1.96545
0.570238
0.410434
-4.46802
-0.158044
-3.0982
0.395291
0.661597
8.07996
-2.01855
1.31363
-0.265027
-0.84169
-50.5276
0.269538
1.49183
0.383146
0.112571
3.68381
-5.47347
0.453459
-0.900149
1.31982
-0.348119
2.53644
-1.59351
-0.140285
-1.47527
0.172418
-0.178686
-4.07513
-2.30547
-0.820824
1.24345
21.4751
0.200322
9.33218
-0.288251
0.963749
0.477186
0.784184
1.43921
-0.85481
-0.351764
-5.87146
1.86543
-0.0770386
-0.89573
0.0270173
2.08156
-0.0449215
-2.15877
0.348561
-0.213471
2.909
15.6399
-1.45985
0.523194
1.12519
1.10632
1.49875
0.198799
-0.348286
-0.876557
0.122147
-0.0526008
-4.08457
0.344954
-0.272105
0.666008
-0.954918
-0.372696
-1.50382
0.671413
-0.028065
-0.246105
0.589079
-1.77303
0.502352
1.11502
-0.249517
-1.97724
2.40042
1.64554
-15.9689
1.12017
-0.0106982
-4.36841
-0.489024
-0.875182
-2.07115
0.39098
5.06276
0.495307
2.15814
0.476748
-1.95379
-0.126623
13.3519
-1.19637
1.83372
5.0341
1.49014
1.23066
-0.0159553
0.252057
-0.963764
1.19374
0.0901248
1.51222
-0.40268
0.845788
17.6601
-0.391869
-6.23639
-5.40081
-5.14542
-1.57717
0.475982
0.398897
0.305605
-0.285147
-0.184715
1.23908
0.0450144
1.13359
0.00430048
-0.0584248
8.31686
-0.45914
-484.255
-0.0426166
0.116343
2.80809
-1.51058
-0.458881
0.242916
-0.369811
-1.22094
0.0605834
-2.10158
0.155494
-5.66337
0.85433
0.468712
-0.514908
0.711001
-0.557086
0.545106
-1.3607
1.02393
-0.753822
0.904113
0.0407743
-0.323153
0.590581
-0.79565
2.56904
-0.915469
-0.657679
15.3235
0.568582
1.20656
0.648443
-1.88459
4.57471
4.07023
0.145449
2.31682
-2.06877
-4.91566
1.23202
-0.484059
-3.44507
6.10984
2.52273
-0.10185
1.32314
0.108407
-2.09895
1.8396
-1.60686
0.0942847
5.41733
-2.46678
-0.635187
-3.95054
0.275092
0.469183
-2.62238
-6.44549
0.137421
-0.271238
-9.58225
1.73101
7.16802
-0.657601
0.105266
-0.0947038
-0.495429
-0.0320172
-0.0195854
-1.25261
0.185284
-3.29602
0.658831
-0.109652
0.535072
-0.139347
-10.5829
-1.95207
1.57279
0.306223
5.81594
-0.606841
0.197463
-6.04469
0.437045
1.49236
1.13388
0.277607
0.330239
-1.24132
0.120079
-1.09419
-1.31869
0.498869
-0.111684
0.763009
-1.3981
1.51853
0.425252
2.69019
0.733213
-10.3366
9.54799
0.244512
-1.65701
3.89561
-1.16755
-0.702765
-4.9917
-0.614512
-68.7977
-1.22215
-11.0902
-6.50807
1.13115
0.625565
0.15216
0.555471
3.99478
-1.03828
1.16218
0.319529
-1.13427
-1.37568
-0.450463
-0.998926
-8.10534
0.755542
2.69556
0.420554
0.988575
-13.2266
-2.07608
0.0397305
-7.63014
-4.96891
0.120449
1.33177
-0.716609
0.837983
-1.2428
2.00751
0.0395832
-1.52393
-0.662185
0.124172
1.07762
-0.196722
-1.19131
-0.448496
-1.14295
1.58628
-1.52495
-17.2555
-1.34576
-0.287413
-59.2464
-0.782354
-0.57733
-0.0901394
8.17671
2.91915
1.91456
-6.97195
-0.693876
0.0029625
-49.3692
-3.81114
13.6757
0.0145439
-0.0398205
-1.24635
-0.996035
2.44491
0.992996
-0.0124906
-1.05048
-0.100994
1.25674
12.3517
-2.95287
1.3144
2.95266
-3.18616
1.50478
-0.731312
-0.792183
-0.484256
-0.673137
0.339802
-0.0631054
0.192429
0.372737
-4.74352
0.0848559
-0.175019
-0.7651
-0.402884
-5.63159
-1.82348
-0.145692
0.546862
-2.77685
-0.363237
44.6012
0.757027
0.366833
0.127796
-0.023284
0.819646
-2.90649
0.160548
0.678206
2.79155
-1.61414
-0.305045
2.43947
1.19807
0.488474
-0.139017
-10.7012
-0.683252
-1.03681
-9.54463
1.42465
0.651745
-3.94434
0.92226
1.42448
-0.884112
0.446749
-5.40517
1.10204
1.67727
0.218857
0.933725
-0.14841
-1.96382
3.00007
-0.15473
-1.71854
-0.833667
-0.104968
12.5227
1.13987
-2.17737
3.07146
-2.55346
-2.15546
-0.614938
-0.433797
-2.92008
1.83367
-0.460014
0.629141
-5.24549
0.733593
0.0853325
-1.39942
0.422288
0.545078
0.968855
-1.26903
0.0123616
-3.14574
1.43686
-1.65749
5.91647
-0.155808
-0.560138
-1.34457
8.51455
-0.0643266
0.427667
-4.73357
-19.4879
-1.56478
-0.0204568
0.00415478
0.418714
0.844847
1.91111
0.238105
-1.21085
-1.10332
0.499113
-0.841359
-10.9041
0.350348
-1.0067
-1.39824
0.635905
1.13476
-16.4828
0.232586
-0.252433
-3.44913
-0.425042
-0.0451081
0.609764
0.922555
-6.61741
-0.576514
1.12942
4.80767
0.428866
-18.2349
-0.597237
-7.04553
2.02774
0.164308
1.57431
-0.242587
-0.675952
18.38
-0.814969
2.50407
0.141555
0.431503
-1.89658
-0.316094
0.0478693
0.894927
-0.025298
0.541173
0.525421
0.266062
0.57116
-0.355174
0.178516
-1.75185
2.12643
0.389756
0.108715
-1.36186
-0.391401
-15.6352
3.4518
-0.647735
2.25506
0.0805426
157.232
1.26168
-4.12369
0.0440104
-0.980111
-14.4666
2.66662
-0.00480715
-25.9893
0.241112
0.265385
-0.0695709
0.483059
-34.8182
-0.479018
-0.185405
1.05302
-0.071263
-0.979597
0.857427
-0.312027
-0.698633
0.0408368
-3.9964
2.00132
-1.08854
-0.053176
-0.362316
1.07319
-0.669282
1.47192
-4.28008
-7.997
0.451403
0.917265
-5.64159
1.31692
-0.274381
1.19939
-1.04604
-1.83601
2.09442
-1093.4
-1.6903
0.941259
0.0206966
-0.179176
-0.554229
0.679429
0.460302
-3.12918
-0.162375
-1.08363
-0.820309
-41.5434
-0.320589
0.652114
-0.796337
1.29602
0.146217
0.0554377
0.58047
14.4825
-1.66631
-0.393616
-1.00588
-3.32882
0.796094
-1.99702
-0.878329
-0.288552
0.198364
-0.629802
-0.822596
0.95143
0.714633
-0.538411
-1.45756
-0.142557
0.564523
-0.955535
2.28684
-1.05669
0.362646
-0.25343
-3.65247
2.50941
-0.742607
0.567599
-15.2716
-0.293091
-9.81152
-0.156008
1.70026
1.02756
0.29101
-1.80817
-9.40342
2.27786
-4.8846
0.487425
0.624719
13.2672
0.257081
0.470947
-0.4753
-0.333701
0.311077
0.171632
-1.09804
1.44677
-0.617313
-0.259292
-1.54888
0.26399
0.0495426
0.412416
-1.65549
-2.55828
0.0632869
-1.29907
1.81402
0.677331
-2.73275
-1.87214
-237.852
0.0137716
-2.39699
-1.29686
0.614749
-1.38492
-0.309603
-1.09698
1.33247
8.02157
9.13909
-2.182
-0.0803629
3.82127
0.52583
0.652708
-1.12747
-0.742584
1.58354
-0.0391318
-4.2811
-2.66457
1.2311
0.277596
1.42126
9.54455
122.323
1.79702
-0.866553
0.278324
7.23105
-0.182793
0.309928
-0.0124304
2.06524
-0.0159457
0.599064
-2.57753
-4.8381
0.034707
-0.178504
-1.52541
-0.697117
-0.783006
0.101241
-1.15472
-0.514637
-0.36991
3.46087
-0.894587
0.96903
1.65818
-0.734896
0.531671
3.3037
-0.406749
2.67746
-1.28678
-0.166612
-54.6113
2.68571
0.0499862
-0.583787
0.826202
-1.25121
-0.637553
2.68484
-3.92651
-0.46799
0.113062
-1.21516
-1.25592
-1.38345
-0.510924
18.9221
-2.91136
-2.73455
-0.62262
1.2141
-0.719057
-0.468571
-0.799239
1.18186
-5.40952
-1.84006
-3.83445
-0.648585
-1.76224
-0.678414
13.2133
0.0167948
-0.249275
0.670497
0.788222
1.23351
2.74221
-2.77129
1.43644
0.308931
0.211363
-0.159703
0.856741
-1.42688
-0.985604
18.433
-3.81412
0.132015
0.754391
-2.46013
2.75719
-2.76938
-1.49923
0.939003
-0.706716
-1.56103
1.03852
-0.850285
-5.59903
5.32231
-0.0781695
1.37107
-12.3272
-0.52804
2.59459
-11.0376
-3.58382
-0.634942
0.873835
-1.92632
-0.153495
-0.375811
-5.89194
-7.02285
-0.714422
-0.813804
-1.26344
-1.91162
-0.072188
0.20949
-0.348335
7.99328
-0.31468
-0.0224595
0.207782
-0.0107634
-0.557736
1.47606
0.523397
2.37532
-0.893588
-0.925262
8.00602
-1.01702
0.164293
1.41329
0.302841
-33.6187
0.264053
0.331801
1.26143
-0.746692
-0.587897
4.52311
0.270093
-1.55772
0.768867
-6.39031
-0.407977
-3.08262
-2.00134
-6.30485
-1.11553
-1.85874
0.937312
0.0445678
2.05609
-3.71987
0.434362
0.31544
-0.543368
0.172546
-1.84934
2.58799
0.542407
0.192482
-0.0903504
-104.91
98.197
-0.381015
-9.37209
0.414233
1.10753
0.147746
0.0706132
4.0907
-3.18168
1.98924
-1.43486
-2.01342
-1.13512
-0.582865
1.09522
-0.858875
-2.40317
0.123468
-0.814859
-2.38844
-17.7371
-1.61143
-0.616808
0.177504
-0.0925919
0.265479
-1.89204
0.260798
1.0479
-855.664
-1.19842
-0.0862331
-3.15836
8.89428
0.077166
3.29007
-0.270879
-0.225295
-12.0869
-0.615253
2.50611
0.108077
-0.733697
0.403306
-0.0635786
-4.28154
-2.93914
-1.63684
-0.370136
2.51774
0.0889684
-3.76965
0.664486
-0.356037
0.436559
-0.830796
-0.153404
0.549716
-0.300807
2.44053
2.15699
-12.8609
-5.84517
1.16527
-0.773871
0.0746634
-1.04638
-1.70101
3.76826
6.83769
-1.53288
-2.82531
0.0503586
-1.17495
1.77593
0.877192
0.21527
-0.505784
0.302842
-1.22045
1.60162
-5.87839
-1.40825
2.39138
1.50276
-0.00765039
0.00796148
5.00338
0.537702
-1.31438
-21.9405
-3.65535
1.02062
0.431647
1.70191
0.410002
0.654176
-1.35862
1.82323
0.0968578
1.17494
-3.83698
0.321191
0.0435176
-0.538529
8.53043
-0.403766
-1.07046
0.642105
0.292369
-0.497045
1.18177
-0.719049
0.687804
1.76284
-1.76757
1.39718
-2.12693
1.36722
1.16395
-2.46533
-2.09547
1.07564
2.63767
0.532006
-1.45448
-0.639882
0.0466598
4.50198
-0.292618
-0.779458
-1.52001
-1.3269
0.688051
0.177703
1.29827
-0.340306
2.21073
-1.14051
-0.997844
-0.868359
0.751484
0.962133
70.3029
1.78276
-0.570448
4.54404
0.84974
-1.93097
-6.12626
7.87861
-2.8522
0.987918
-1.83261
-0.512361
-0.423255
210.131
1.46155
19.705
1.83448
0.147592
-1.12668
-1.06698
0.29276
-14.0572
-6.11984
5.38753
-0.160409
2.17641
0.50772
3.81387
-0.002486
-4.86297
0.672181
-0.286959
-1.66545
-1.81898
-3.4988
0.0370085
2.32082
0.297557
1.1501
-1.65034
1.63599
173.706
0.0310673
-2.35775
0.421336
0.637488
-2.06532
-0.791692
0.0636444
0.968637
-0.586326
2.45907
-1.90104
-10.543
1.19626
0.564514
-57.3997
-8.70109
0.590363
-1.6186
-1.68039
0.229483
0.755989
1.68679
0.416347
1.32753
1.18421
-0.946077
-0.332652
0.836656
2.21353
-6.71463
-0.376235
-2.94177
-0.822532
-0.597961
1.1158
1.73966
1.08404
-0.0691073
-2.61572
1.045
-0.480566
-0.829588
-0.265295
3.38379
-0.682293
0.227474
-1.1205
1.08104
-0.188665
-0.262402
-1.29254
-2.77591
0.669746
-0.513219
-4.43142
0.455252
0.313355
-2.72253
-19.9189
-1.96709
0.443001
1.18491
-0.670564
1.1018
-1.65161
1.35136
0.0488232
-3.5755
17.4032
2.8375
-0.11705
0.552216
1.88848
-0.850855
0.954324
0.339124
2.26641
2.41198
3.2292
-0.350384
0.588577
0.872485
-2.32346
-0.67389
-0.259488
0.927484
-0.0288567
-12.0904
-0.866267
-0.404181
-0.798791
-2.27351
-0.568747
1.55078
-1.42915
-0.512771
1.22753
-1.16371
-0.967004
-0.599707
-1.339
0.958234
1.26227
0.754003
0.400507
1.38697
-0.00887989
-1.23029
4.41209
-4.72684
-6.25655
-1.09064
1.2414
-0.550251
-0.615324
-2.17941
-2.25224
-1.13712
0.0355535
-0.591708
0.782175
-0.566333
-5.98855
0.778539
3.29743
-5.94924
-1.52147
0.301717
-0.407359
2.65905
0.303872
10.7366
1.09944
-0.2583
-0.591624
-2.11778
0.774799
1.04692
0.940804
-0.354229
-1.48542
-0.556349
0.713034
0.0303134
8.78333
0.392287
2.52053
-0.352874
0.330361
-4.74807
-0.869782
-30.3273
-1.8984
-0.517027
-0.375811
-0.498508
-1.70133
-0.110717
152.534
1.4367
-1.59784
2.08855
-0.250521
0.798188
-0.870763
-0.834608
-0.083228
0.119148
0.909282
-0.442094
-0.298151
-1.35378
-11.3815
0.0151538
-2.54051
1.28124
0.579761
0.147974
2.5689
0.929751
0.871714
0.138692
1.38646
-1.31795
1.74352
-0.113121
-34.3298
-3.47353
0.174395
-0.707771
-0.305102
0.222681
-2.14167
1.12513
-0.0818893
1.48942
-0.168243
5.43175
-0.468709
0.400066
1.63803
-9.01939
145.904
0.144055
-0.0581249
-0.25524
0.282298
8.07569
0.557279
0.734176
-1.14235
-1.30006
0.467643
0.185814
2.69552
1.4538
-2.35259
0.0950898
-1.05485
-1.92199
-0.64057
1.05917
-1.07342
5.04114
-1.17459
-16.033
-0.361005
1.68287
-0.0995052
-3.42393
-17.2165
0.293887
-15.856
0.730936
1.04242
-12.4875
0.745678
3.10974
0.38193
0.603254
0.170583
0.948893
5.39313
-1.21022
-0.850819
0.507142
-0.151296
-9.70189
-1.27969
1.339
-0.229342
-2.59719
-0.963352
-2.3545
2.58185
-2.13645
-1.47776
0.0673979
-0.861089
3.54699
1.50087
1.05425
18.9738
6.40938
-1.68863
0.727467
-0.456132
-0.530934
4.93345
-2.07666
0.781557
-0.797678
1.54188
-0.369401
12.1385
-3.58082
-0.0478348
0.142375
-0.234998
0.00341845
-1.26668
-14.7151
2.5068
0.111586
3.90042
-0.0450971
-0.851389
1.20664
2.09949
4.14537
1.04096
0.15583
0.313869
-2.3237
-0.251724
1.72841
-0.527473
-2.51357
-2.57283
-1.45194
11.9026
0.48337
0.391241
-0.617192
-0.626649
3.20512
0.0715086
-8.81641
0.369154
-1.30972
-2.53741
1.51433
2.29056
-3.5922
-0.710656
-3.92582
-0.554559
2.06386
-0.296246
0.128539
3.28345
-0.493755
0.172821
1.73065
-0.262793
1.69765
1.0255
1.64299
0.924962
0.54575
0.405049
0.437861
-2.3152
0.396828
-4.30156
-0.232458
-0.448922
-3.75614
1.81421
0.825204
0.307001
-0.403068
-3.2963
0.428728
0.625479
-3.25194
0.966402
-1.60354
-1.12767
2.5712
-0.632265
-0.387554
-2.23449
0.469563
0.0994779
-1.14781
0.720258
0.870244
1.19781
-0.73083
-4.86839
15.7112
10.8139
33.3348
0.764153
4.61433
-7.34402
1.38939
-1.36663
0.86043
0.128175
-1.14374
0.156114
0.399902
0.120171
-1.10501
0.169996
21.3257
-18.5864
-1.90764
0.844318
41.0879
0.322482
-1.03878
-0.982706
-6.28026
-0.947088
1.70128
0.0791835
-1.19997
-0.759921
-1.13552
-0.0792418
0.227727
-0.218703
-1.00448
8.53907
-0.00718668
-0.0510864
-1.69607
-4.79379
0.422265
-0.267928
0.349147
2.2612
2.31059
-2.11911
0.422117
16.2055
0.452589
0.475049
2.2381
0.214329
-4.1511
-0.405698
-1.02899
-1.82522
0.077452
-4.18379
-2.20821
37.7446
-8.27171
-1.21741
0.09255
6.61802
-2.95499
0.452231
4.40959
0.22968
-1.23599
0.259197
-1.18174
0.778117
-5.88183
0.967904
2.20421
1.43481
-0.0897581
-0.124086
-3.45347
0.579801
-0.0879059
-0.835721
1.90828
2.05892
0.496478
1.70186
-0.365899
0.815188
-0.308281
0.498122
-0.744393
-7.7605
0.0978221
-1.18488
2.29279
-1.21118
-0.790146
-0.946048
-0.0612343
0.31993
-0.366415
0.000346705
0.239651
-0.219399
0.881078
-3.14012
-0.0271386
0.256382
0.886515
1.41809
-0.913962
0.73667
0.248415
0.581054
4.96956
-1.05623
0.063365
-1.59827
1.04484
-8.72166
0.584555
-9.7864
2.85594
1.43586
-0.0963743
1.85334
-48.642
-2.06457
-1.15339
-1.2753
-1.65313
8.162
0.442752
0.455921
-1.32315
0.309831
-0.635949