0
0.0484
2.1302
4.3856
3.3
2.912
1.2948
14.8672
17.4842
13.188
9.626
15.2816
15.0986
7.032
16.28
29.2224
15.4548
23.4224
18.4796
36.864
23.7452
14.8796
18.5424
18.9104
25.2
37.0712
26.7848
28.7264
23.56
15.938
22.2504
15.7888
33.7952
32.2984
32.442
34.1792
37.8928
41.3936
40.3238
31.632
53.9216
40.5368
52.4712
45.1736
45.314
58.0932
35.9006
65.264
41.1486
56.33
56.7308
53.888
42.8852
46.9484
45.893
47.408
78.3524
66.306
58.2374
44.684
59.6686
47.6084
63.4562
45.2864
73.882
80.0216
82.9506
67.0192
73.1444
65.65
54.3952
92.3408
68.7878
70.9116
97.835
71.6568
79.762
63.5288
88.5054
86.784
99.1934
76.7504
64.3974
75.3968
91.455
77.3596
88.1198
89.3584
97.5128
89.234
76.6848
85.4816
82.8926
92.0468
77.752
82.304
107.71
96.6068
98.5544
111.52