0.00175925
0.00298342
0.00383116
0.00410629
0.00351476
0.0029748
0.00312583
0.00275736
0.00247516
0.00227241
0.0024122
0.00237001
0.00222185
0.00206968
0.00198952
0.00186909
0.00186319
0.00178043
0.00168988
0.00173519
0.00165601
0.00158529
0.00152874
0.00148734
0.00143411
0.00138026
0.00133762
0.00141296
0.00136527
0.0013765
0.00133279
0.00130481
0.00128142
0.00125801
0.00129961
0.00126484
0.00123436
0.00121623
0.00120407
0.00121595
0.00120427
0.00118936
0.0011775
0.00115122
0.00112635
0.00110262
0.00108267
0.00106037
0.00105129
0.00103644
0.0010166
0.00101115
0.000999285
0.00099074
0.000972889
0.000959072
0.00098428
0.000968716
0.000953835
0.000941065
0.000934419
0.000924508
0.000919542
0.000905478
0.00089852
0.000891716
0.000883597
0.000873051
0.000864258
0.000861308
0.000856489
0.000846155
0.000846968
0.000836133
0.000840856
0.000832452
0.000834396
0.000823893
0.000813715
0.000816253
0.000818327
0.000811545
0.000801914
0.000817292
0.000811429
0.000808433
0.000800625
0.000792863
0.000786264
0.0007845
0.000776041
0.000771748
0.000774753
0.000767649
0.000760118
0.000753341
0.000745622
0.000740185
0.0007328
0.000728019
0.000730871
0.000729353
0.000726438
0.000719573
0.000712884
0.000709254
0.000702665
0.000700268
0.00069517
0.000699057
0.000693712
0.000688807
0.000683575
0.000695343
0.00069025
0.000684343
0.00067926
0.000673527
0.000672817
0.000669171
0.000663955
0.000665141
0.000659939
0.00065576
0.000651995
0.000646965
0.000647446
0.000642564
0.000637775
0.000635658
0.00063266
0.000627934
0.000641104
0.00063637
0.000632716
0.000631745
0.000642876
0.000638234
0.000633714
0.000633015
0.000628968
0.000630205
0.000626906
0.000623009
0.000618842
0.000615391
0.000611461
0.000608551
0.000605064
0.00060441
0.000601133
0.000598261
0.000594465
0.000590648
0.000587451
0.000584941
0.000588701
0.000586991
0.000583621
0.000580756
0.000578915
0.000581091
0.000577538
0.000574058
0.000572919
0.000569506
0.000566231
0.000562973
0.000560354
0.000557097
0.000555563
0.000556519
0.000555809
0.000554765
0.00055488
0.000551818
0.000548765
0.000546059
0.000543672
0.000540827
0.000537847
0.000535257
0.000532466
0.000538163
0.000536317
0.000535002
0.000532572
0.000532658
0.000530886
0.000531924
0.00053164
0.000529459
0.000528051
0.000525496
0.000525007
0.000522541
0.000520282
0.000520872
0.00051928
0.000518283
0.000515748
0.000513747
0.000511641
0.0005093
0.000510945
0.000511056
0.000508946
0.000506547
0.000504823
0.000502893
0.00050053
0.000499011
0.000497767
0.000495447
0.000494809
0.000492709
0.000493694
0.000492729
0.000493143
0.000491378
0.000490953
0.000488751
0.000486609
0.000488024
0.000486244
0.000484634
0.000482527
0.000480793
0.000478787
0.000479939
0.000477892
0.000475849
0.000473947
0.000473187
0.000471324
0.000474322
0.000473687
0.000472013
0.000470614
0.000472427
0.000470625
0.000468757
0.000468633
0.000466797
0.000464937
0.00046399
0.000462342
0.000460484
0.000459079
0.00045727
0.000459326
0.000457548
0.000455827
0.000454602
0.000454067
0.000453382
0.000455583
0.000454377
0.000453317
0.000452093
0.000450644
0.000448949
0.00044807
0.000446522
0.000445208
0.00044427
0.000442609
0.000440961
0.000442579
0.000441273
0.000439679
0.000439406
0.000437915
0.000437117
0.000436156
0.000434695
0.000433258
0.000431789
0.000430246
0.000429474
0.000428542
0.000427801
0.000426298
0.000425483
0.000425569
0.000424509
0.000423034
0.000421897
0.000421242
0.000419877
0.000418575
0.000417199
0.000415786
0.000414543
0.000413905
0.000412924
0.000412287
0.000414004
0.00041505
0.000413775
0.000413368
0.000412064
0.000411502
0.000411029
0.000409935
0.000408748
0.000407445
0.000409775
0.000409286
0.000408026
0.000407002
0.000406095
0.000405076
0.000403814
0.00040455
0.000403498
0.00040277
0.000401541
0.000401331
0.000400115
0.000398871
0.000398662
0.000397709
0.000396582
0.000395389
0.00039421
0.000393028
0.000391848
0.000390665
0.000390126
0.000389142
0.000388012
0.000386971
0.000385979
0.000384842
0.000384495
0.000384786
0.000383654
0.000382525
0.000381406
0.00038116
0.000380064
0.000379222
0.000378809
0.000377834
0.000379796
0.000379582
0.000378569
0.000377695
0.000376745
0.000375731
0.000374811
0.000373759
0.000372984
0.000371988
0.000370948
0.000370058
0.000369948
0.000368927
0.000368295
0.00036769
0.000366765
0.000366241
0.000365346
0.000364363
0.000363411
0.000362429
0.000361845
0.000361434
0.000360475
0.000359516
0.000358663
0.000357762
0.000356816
0.000355877
0.00035517
0.000354257
0.00035337
0.000354377
0.00035405
0.000353425
0.000352958
0.000352118
0.000351255
0.000350373
0.0003495
0.000348604
0.000348552
0.000347657
0.000346795
0.000345914
0.000345256
0.00034595
0.00034508
0.000344333
0.000343869
0.000343614
0.000343079
0.000342227
0.000341955
0.000342249
0.000341714
0.000341049
0.000340982
0.000340146
0.000343967
0.000343123
0.000342475
0.000341766
0.000341038
0.000340296
0.000339829
0.000339148
0.000338469
0.000337699
0.000337355
0.000336684
0.000336388
0.000335597
0.00033524
0.000335191
0.000334398
0.000335372
0.000335333
0.000334651
0.000333977
0.000334605
0.000333925
0.000333148
0.000332749
0.00033228
0.000331748
0.000331256
0.000330576
0.000330081
0.000329502
0.000328833
0.000328416
0.000327774
0.000327209
0.000326707
0.000326007
0.000325297
0.00032477
0.000324043
0.000324147
0.00032343
0.000322902
0.000322338
0.000321843
0.000321801
0.000322655
0.000322064
0.000322041
0.000321569
0.000320868
0.000320166
0.000319477
0.00031895
0.00031826
0.000317684
0.000317571
0.000317428
0.000317166
0.000316489
0.000315883
0.000315221
0.000314778
0.00031436
0.000314179
0.000313752
0.000313094
0.00031245
0.000312134
0.00031151
0.000311134
0.000311955
0.00031138
0.000310735
0.000310092
0.000309503
0.000308875
0.000309274
0.000308905
0.000308891
0.000308258
0.000308235
0.000307617
0.000307015
0.000306409
0.000306138
0.000305571
0.000304952
0.000304982
0.000304378
0.00030381
0.000303675
0.00030326
0.000302655