0.000171971
0.00169423
0.00159627
0.00181127
0.00169576
0.00188096
0.00184573
0.00171565
0.00154185
0.00140295
0.00128783
0.00121971
0.00116447
0.00110762
0.00103668
0.00105226
0.00102429
0.000978064
0.00092828
0.000889546
0.000876058
0.000840372
0.000813922
0.00086035
0.000831664
0.000825025
0.000795332
0.000779447
0.000764319
0.000739427
0.00072071
0.000699647
0.000681971
0.000662214
0.000662082
0.000646444
0.000668865
0.000654593
0.00063865
0.000643089
0.000631149
0.000616579
0.000633984
0.000632144
0.000633757
0.000620161
0.000608936
0.0005983
0.000590059
0.000583794
0.000575474
0.000567768
0.000557352
0.000547364
0.000538412
0.000561199
0.00055158
0.000566329
0.000563569
0.000558072
0.000549144
0.000544857
0.000537997
0.000530083
0.000522346
0.000521276
0.000514337
0.00050843
0.000501134
0.000519828
0.000514468
0.000512837
0.000507974
0.000521126
0.000521512
0.000516431
0.000511882
0.000506034
0.000500333
0.000494143
0.000491536
0.000485701
0.00047992
0.000474745
0.000471752
0.000478722
0.000478998
0.000475448
0.000477726
0.000472877
0.000473824
0.000468854
0.000478749
0.000479414
0.000475526
0.000478314
0.000475437
0.000470831
0.000466582
0.000463533
0.000463116
0.000461864
0.000457902
0.000455877
0.000456895
0.00045323
0.000449348
0.000445612
0.000441558
0.000440515
0.000443975
0.000440315
0.000438991
0.000435241
0.000431531
0.000428577
0.000427434
0.000426193
0.000422809
0.000421812
0.000420245
0.000417324
0.000415299
0.000412419
0.000409672
0.000408695
0.000407922
0.000410004
0.000413571
0.000410434
0.000409128
0.000406768
0.00040378
0.000402844
0.000399979
0.00039876
0.000395981
0.000393956
0.000391142
0.000389697
0.000387028
0.000384689
0.000382791
0.000383377
0.000381434
0.000379458
0.000377009
0.000374813
0.000372802
0.000370402
0.000370084
0.000368979
0.000368019
0.000367194
0.000365517
0.000365461
0.000363865
0.000361826
0.000359621
0.000359458
0.000357327
0.000355139
0.00035301
0.000350893
0.000348967
0.000346937
0.000345173
0.000343567
0.000341545
0.000339582
0.000337657
0.0003357
0.000335706
0.000334105
0.000332369
0.000330829
0.000329197
0.000330222
0.000328575
0.000327237
0.000325557
0.000324257
0.000322766
0.000323201
0.000328889
0.000327285
0.000326068
0.000329289
0.000327556
0.000333343
0.000331605
0.000330688
0.000328979
0.000327307
0.000325633
0.000327196
0.000325803
0.000324458
0.000324229
0.0003234
0.000321882
0.000320301
0.000320411
0.000319585
0.000318295
0.000317951
0.000317801
0.000316436
0.000315016
0.000315586
0.000314162
0.000312706
0.000311242
0.000310582
0.000309142
0.000309246
0.000307903
0.000307943
0.000306612
0.000305223
0.000303846
0.000302486
0.000301134
0.000299875
0.000299757
0.000299296
0.000300071
0.000299408
0.000298153
0.000296949
0.000295977
0.000294704
0.000293484
0.000296033
0.00029819
0.000297111
0.00029589
0.000294689
0.000293472
0.000292264
0.000292174
0.000293214
0.000292311
0.000291237
0.00029142
0.000291171
0.000289998
0.000289377
0.000289772
0.000288828
0.000287951
0.000286821
0.000285946
0.00028552
0.000285613
0.000284981
0.000285885
0.000285927
0.000285366
0.000284798
0.000283734
0.000282671
0.000281765
0.000280701
0.000280502
0.000280829
0.000279952
0.000279073
0.000278593
0.000277879
0.000276861
0.000275855
0.000275038
0.0002749
0.000273935
0.000273068
0.000272104
0.000271783
0.000270812
0.000269942
0.000269705
0.000268751
0.000268841
0.000267916
0.000266978
0.00026625
0.000265568
0.000264669
0.000266558
0.000265673
0.000264766
0.000264625
0.000264529
0.000263641
0.000262845
0.00026206
0.000262012
0.000261284
0.000261321
0.000261154
0.000260627
0.000259911
0.000259242
0.000258563
0.000257953
0.000257906
0.000257239
0.000256598
0.000255805
0.000255128
0.000254328
0.000254563
0.000253766
0.00025376
0.000253304
0.000252767
0.000252015
0.000251234
0.000250497
0.000250345
0.000254085
0.00025353
0.000253039
0.000252287
0.000251564
0.00025083
0.000250078
0.000249654
0.00024892
0.000248304
0.000247555
0.000248424
0.000247687
0.000247248
0.000248218
0.000248021
0.000248087
0.000247385
0.00024668
0.000246286
0.000245572
0.000244896
0.000244233
0.000243755
0.000243115
0.000243059
0.000242417
0.000241731
0.000241582
0.000242072
0.00024215
0.000241635
0.000241148
0.000240937
0.000240264
0.000239628
0.000241009
0.000240429
0.000239767
0.000239123
0.000239228
0.00023901
0.000238397
0.000238939
0.000238489
0.000237848
0.000238203
0.0002376
0.000239336
0.000238695
0.000238129
0.000237584
0.000237079
0.000236649
0.000236288
0.000236309
0.000237441
0.000237169
0.000236693
0.000236238
0.000235693
0.000235077
0.000234464
0.000233874
0.000233269
0.000232666
0.000232274
0.000231699
0.000231224
0.000230905
0.000230372
0.000230087
0.000230751
0.000230167
0.000230569
0.000230589
0.000230596
0.000230031
0.000229899
0.000229518
0.000229177
0.000228882
0.000228316
0.000227992
0.000227772
0.000227292
0.000226737
0.000226195
0.000226465
0.000225989
0.000225513
0.000225395
0.000225363
0.000225069
0.000224534
0.000224214
0.000224574
0.000224254
0.000223974
0.0002235
0.000223401
0.000222896
0.000222468
0.00022201
0.000221488
0.000220983
0.000220818
0.000220435
0.00022018
0.000219681
0.000219398
0.000218954
0.000218482
0.000218237
0.000217852
0.000218724
0.000218238
0.000218183
0.000217953
0.000217907
0.000217528
0.00021735
0.000217081
0.000216783
0.000216425
0.000215964
0.000215523
0.000215633
0.000215217
0.000214751
0.000214517
0.000214379
0.000214913
0.00021461
0.000214369
0.000213925
0.000213872
0.000213686
0.000213228
0.000212776
0.000212547
0.00021256
0.0002122
0.000211885
0.000211459
0.000211008
0.000210585
0.000210549
0.000210138
0.000210279
0.000210391
0.000209972
0.000209531
0.000209192
0.000209048
0.000208714
0.00020828
0.000208014
0.000207624
0.000208134
0.000208612
0.000208189
0.000207793
0.000207515
0.000207421
0.000207006
0.000207496
0.000207248
0.000207177
0.000206759
0.000206818
0.000206557
0.000206148
0.000205781
0.000205426
0.000205129
0.000204737
0.000204807
0.000204646
0.000204332
0.000203928
0.000203556
0.00020435
0.000204011
0.000203623
0.000203274
0.000202874
0.000202712
0.000202318
0.000201964
0.00020158
0.000201326
0.000200946
0.000200747
0.000200404
0.00020005
0.000200225
0.000199844
0.000199701
0.000199618
0.000199413
0.000199186
0.000200139
0.000200301
0.000200296
0.000200285
0.000199946
0.000200218
0.000199877
0.00019951
0.000199333
0.00019903
0.000198766
0.000198628
0.000198274
0.00019809
0.000197735
0.000197526
0.000197256
0.000197144
0.000196877
0.000196719
0.000196365
0.000196999
0.00019748
0.000197151
0.000196792
0.000196444
0.000196112
0.000195793
0.000195783
0.000195429
0.000195093
0.000194785
0.000194467
0.000194136
0.000193788
0.000194354
0.000194797
0.000194825
0.000194797
0.000194657
0.000194331
0.000194094
0.000193799
0.000193494
0.000193555
0.00019341
0.000193176
0.000193049
0.000192864
0.000192721
0.000192385
0.000192106
0.00019224
0.000191908
0.000191614
0.000191538
0.000191256
0.00019093
0.000190622
0.000190385
0.000190067
0.000189841
0.000189595
0.000189744
0.000189816
0.000189623
0.000189553
0.00018929
0.000189079
0.000189238
0.000189172
0.000188936
0.000188619
0.000188481
0.000188205
0.000188148
0.000188053
0.000187825
0.00018761
0.000187322
0.000187628
0.000187335
0.000187028
0.000186954
0.000186653
0.000186444
0.000186362
0.00018614
0.000185999
0.000185769
0.000185648
0.000185505
0.000185729
0.000185465
0.000185196
0.000184942
0.000184644
0.000184349
0.000184058
0.000184076
0.000184132
0.000183912
0.000183668
0.000183375
0.000183224
0.000182933
0.000182987
0.00018274
0.000182688
0.000182402
0.000182231
0.000182242
0.000181956
0.000181714
0.000181516
0.000181319
0.000181038
0.00018081
0.000180548
0.000180415
0.000180146
0.000179877
0.000179822
0.000179549
0.000179672
0.000179411
0.000179187
0.00017902
0.000178745
0.000178509
0.000178494
0.000178223
0.000178054
0.0001778
0.000177615
0.000177596
0.000177573
0.000177306
0.000177038
0.000176776
0.000176533
0.000176268
0.000176337
0.000176492
0.000176245
0.000176131
0.000176015
0.000176053
0.000176096
0.000176098
0.000176859
0.000177081
0.000176821
0.000176565
0.000176468
0.000176249
0.000175996
0.00017581
0.000175585
0.000175332
0.000175149
0.000175128
0.000174941
0.000174738
0.000174723
0.00017447
0.000174227
0.000174227
0.000174135
0.000174244
0.000174229
0.000174016
0.0001741
0.000173871
0.000173758
0.00017366
0.000173542
0.000173341
0.000173169
0.000173261
0.000173015
0.000174772
0.000174543
0.000175157
0.00017491
0.000174736
0.000175618
0.000175875
0.000175762
0.000175638
0.000175393
0.000175155
0.000174938
0.000174707
0.000174499
0.000174272
0.000174036
0.000173801
0.000173708
0.000173474
0.000173235
0.000173277
0.000173081
0.000172862
0.000172645
0.000172457
0.000172318
0.000172092
0.000171981
0.000171889
0.000171779
0.000171741
0.000171532
0.000171387
0.000171175
0.000170945
0.000170716
0.000170948
0.000170721
0.000170577
0.000170697
0.000170487
0.000170259
0.000170442
0.000170477
0.000170257
0.000170126
0.000169899
0.000169682
0.000169505
0.000169315
0.000169095
0.000168883
0.000168693
0.000168564
0.00016848
0.000168259
0.000168082
0.000167873
0.000167655
0.000167646
0.000167429
0.000167246
0.000167098
0.000166885
0.000166907
0.000166691
0.000166476
0.000166373
0.000166288
0.000166073
0.000165889
0.000165722
0.000165534
0.000165795
0.000165667
0.000165499
0.000165287
0.000165415
0.000165209
0.000165887
0.000165686
0.000165524
0.000165775
0.000165566
0.000165357
0.000165175
0.000165215
0.000165038
0.000164843
0.000164641
0.000164542
0.000164401
0.000164275
0.000164072
0.000164079
0.000164202
0.000164318
0.000164238
0.000164037
0.000163908
0.000163707
0.000163524
0.000163423
0.000163224
0.000163057
0.000162857
0.000162702
0.000162555
0.000162424
0.000162473
0.000162283
0.000162307
0.000162283
0.000162353
0.000162996
0.000162937
0.000162742
0.000162573
0.000162489
0.000162293
0.000162264
0.000162091
0.000161901
0.000161818
0.000161683
0.000161634
0.000161456
0.000161621
0.000161435
0.000161257
0.000161078
0.000161275
0.000161133
0.000160941
0.000160762
0.000160645
0.000160505
0.000160595
0.000160536
0.000160349
0.000160172
0.000159982
0.000159927
0.000160126
0.000160056
0.000160061
0.000159981
0.000159863
0.000159681
0.000159498
0.000159342
0.000159226
0.000159269
0.000159146
0.000159064
0.000158913
0.00015882
0.000158665
0.000158544
0.000158363
0.000158223
0.000158062
0.000158237
0.000158056
0.000158386
0.000158213
0.000158089
0.000157908
0.000158026
0.000158632
0.000158508
0.000158414
0.000158402
0.000158225
0.000158289
0.000158288
0.000158435
0.000158256
0.00015808
0.000157989
0.000157859
0.000157682
0.000157552
0.000157428
0.000157321
0.000157381
0.000157261
0.000157302
0.000157135
0.000157007
0.000156832
0.00015669
0.000156541
0.0001564
0.000156244
0.000156096
0.000155922
0.000155788
0.000155867
0.000155695
0.000155523
0.000155447
0.000155363
0.000155866
0.000155716
0.000155571
0.000155417
0.000155336
0.000155254
0.000155133
0.000154964
0.000154804
0.000154788
0.000154655
0.000154527
0.000154359
0.000154194
0.000154291
0.000154141
0.00015411
0.000153944
0.000153867
0.000153827
0.000154059
0.000153933
0.000153962
0.000153881
0.00015381
0.000153663
0.000153498
0.000153334
0.000153257
0.000153098
0.000152977
0.000152868
0.000152838
0.00015302
0.00015294
0.000153097
0.00015339
0.000153264
0.000153191
0.000153161
0.000153044
0.000152909
0.000152751
0.000152794
0.000152634
0.000152475
0.000152609
0.000152451
0.000152343
0.000152191
0.000152629
0.000152529
0.000152392
0.000152246
0.000152089
0.000151941
0.000151806
0.000151717
0.000151591
0.000151565
0.000151485
0.000151352
0.000151307
0.000151178
0.000151057
0.000150905
0.00015075
0.000150678
0.000150671
0.000150524
0.000150377
0.000150229
0.000150145
0.000150129
0.000150266
0.000150122
0.000149997
0.000149865
0.000149796
0.000149704
0.000149554
0.000149454
0.000149334
0.000149193
0.000149056
0.000148981
0.000148866
0.000148721
0.000148581
0.000148442
0.000148311
0.000148249
0.000148127