0.405838
1.38965
0.263259
0.784093
2.13322
2.51467
0.0538912
0.0800845
2.44735
0.312337
2.97745
2.5394
0.133287
0.982405
0.333579
0.538596
1.41418
0.570849
0.503223
1.57659
0.0216261
0.336673
1.09503
2.26298
0.0622929
0.14279
0.733893
1.67088
0.738668
0.84713
1.09547
0.278632
3.32875
0.0528634
0.148707
2.14339
0.268239
1.41612
1.86042
1.6142
1.38813
0.0108889
0.21082
2.28828
0.142759
0.754988
0.118229
1.88824
0.089568
1.01428
0.453123
0.987316
0.780821
0.914846
0.320528
1.28646
0.170995
1.12376
0.377887
0.546117
0.0148882
0.171998
1.92068
0.171307
0.0583004
1.28885
0.216616
2.35863
0.207728
1.28262
1.0341
1.3422
0.302968
1.19951
1.34161
0.390212
0.252726
0.511631
6.33227
2.53637
0.833139
1.52941
0.94841
1.14575
2.8674
0.123782
0.358277
0.661641
0.372559
0.21286
0.309983
0.485566
0.28384
1.84984
0.989411
2.03016
0.320965
0.699209
0.00851157
0.683358
2.60198
0.45951
0.0486721
0.347505
0.0559711
2.06349
0.7601
0.372075
0.625554
1.04494
0.802106
0.0745183
0.380744
2.36678
0.975788
0.514117
2.87388
0.315638
0.0977578
0.041206
1.37387
0.651722
0.309621
1.53447
0.987939
0.0861305
1.20585
0.725018
0.0637586
0.358092
2.20161
0.489229
0.450192
0.71595
0.163968
1.17248
2.66966
0.708791
3.2345
0.654059
0.449316
0.973966
0.195723
2.16168
0.174052
0.0705676
1.11528
0.260647
0.691593
0.601232
1.15413
0.838284
4.50614
0.357493
2.72263
0.0374696
1.20183
1.05587
3.02992
0.817441
1.93325
0.334807
0.522451
1.7955
0.765754
4.74937
0.357079
0.399774
0.638906
0.610419
1.58662
5.04232
0.987547
1.36452
0.223274
1.69472
0.859988
0.201384
0.146804
0.0200874
3.08717
0.724319
0.344852
1.06341
0.221601
0.884924
0.359954
1.15515
1.09392
0.752251
0.359725
0.296691
1.60113
0.588084
0.591842
1.48322
0.706597
2.68407
0.401119
1.0215
0.138352
0.513286
0.976455
0.103288
0.616895
0.154899
0.651281
0.551829
0.192548
0.409101
0.356308
3.17115
1.1758
1.56974
0.364961
2.39819
0.0129806
0.142284
5.26955
1.17137
0.532873
0.323964
0.0845521
1.04583
3.05499
1.10654
1.45625
0.675264
1.45574
0.689744
0.374969
0.567307
1.6559
0.352667
1.50265
0.182188
0.385211
1.56317
0.752789
0.100951
1.04935
0.94319
1.07552
3.64953
0.330733
0.910072
1.55315
0.0613317
2.12835
1.56564
2.42074
0.250611
0.0431593
2.69784
2.25769
0.0293421
0.0129891
0.379737
0.0566909
1.56113
0.140433
0.173835
1.59689
1.40915
3.30561
0.387752
1.46318
0.272114
0.223764
0.143386
0.152596
0.326492
0.283505
0.52319
1.31378
1.07634
0.145304
0.278504
0.625524
0.820207
2.33813
0.192091
0.521753
2.98077
2.18569
0.493799
6.80903
2.62886
0.727962
0.333448
0.663458
1.06365
0.153124
0.591207
0.818101
0.280323
0.19342
0.386537
0.244366
0.0622076
0.526188
0.26436
0.694603
0.22967
1.29416
0.310097
0.447453
1.14664
1.05615
0.785908
0.247291
1.17774
0.186064
1.90523
3.65664
1.78926
0.0467665
0.332165
0.175928
0.890056
0.825121
0.879202
1.4808
0.540066
3.48749
0.23769
1.82065
3.84616
0.288839
1.41649
0.333852
0.990702
1.82446
0.498843
1.62978
0.133633
1.73222
0.212524
0.744493
1.22266
2.05796
1.77947
0.0903443
0.187631
0.9059
0.0410524
0.556528
0.535414
0.510702
0.466046
0.0383473
2.99255
0.0139971
0.542824
1.32204
0.551021
1.66465
0.494286
0.0931607
1.79446
1.61256
0.172246
0.92611
0.260059
1.36364
0.359869
0.479839
0.031916
0.241155
0.634344
1.02616
1.61172
0.982338
0.613253
1.38252
0.283571
0.304059
1.66778
0.863205
0.938725
0.157829
0.56477
0.0377302
0.12382
0.253135
1.35826
0.413846
0.222924
1.56699
0.298539
0.249415
0.408512
0.405628
0.0619609
1.25783
3.80137
0.018656
1.09038
0.375496
2.20725
3.79284
5.58738
0.469755
0.452444
0.20191
1.68272
0.754535
0.369233
0.290208
1.51891
0.553223
5.15923
1.69985
0.987701
1.17833
0.42435
0.271321
0.422886
0.318724
0.125257
0.454062
0.215303
0.419974
0.0122934
1.84228
0.612847
5.13546
1.98697
3.40523
0.403067
0.801615
0.458555
0.811953
0.100058
2.85384
0.764242
0.520804
1.77565
2.17041
4.45759
4.45103
0.371191
1.75976
0.9262
1.66181
0.526406
0.751639
0.738861
0.716767
0.537234
4.47354
0.823628
0.241043
2.74589
0.00929889
0.287807
2.1978
1.39888
0.085118
0.336441
0.874551
2.90248
0.770808
0.0634066
0.250244
1.84697
2.54985
0.113603
0.507985
5.0585
0.516668
1.44367
0.0759493
0.223969
1.1849
0.244607
0.527004
2.21253
0.566668
0.14728
0.132001
0.971088
0.307664
0.896175
1.05203
0.422134
3.26497
1.03603
0.222364
0.220723
1.71518
0.106358
0.392013
0.0658375
0.387051
0.255763
0.0367988
2.18012
0.815923
3.04441
1.06438
1.91226
0.344943
0.065072
0.978347
2.24183
1.07448
0.161643
0.377279
1.33009
0.739333
1.44996
0.666447
1.12526
0.305247
0.122802
0.72566
1.07873
0.470313
1.94798
1.363
1.87124
1.14706
0.172177
0.489833
1.62062
0.198538
0.0019678
0.380798
1.49101
0.838385
2.63061
1.25084
0.0290189
0.47286
2.0133
0.119819
0.181885
0.307668
0.786268
1.08499
0.783431
0.726016
0.0481372
0.822922
0.529617
0.0874857
0.793866
0.870165
0.306213
0.918062
3.3384
0.40035
5.94068
1.21818
0.420108
0.659108
3.3552
1.34607
0.158951
0.907142
1.4691
0.595895
0.354285
0.363051
1.30079
0.906427
1.67055
1.21537
0.398446
1.04455
0.180525
0.811153
1.31701
0.917148
0.177775
0.840083
0.436559
1.73289
3.94094
0.593735
2.76579
0.528347
0.37808
1.1613
0.158541
2.46863
0.125383
0.117889
1.14364
0.894409
0.302489
0.0921502
0.194252
0.336752
1.0473
0.000369455
1.37479
4.8632
1.5945
0.0932466
2.54554
1.25894
1.15148
0.0916135
2.59454
1.61109
1.68577
0.228229
1.57311
0.139366
1.87875
2.96029
0.970778
1.35228
2.13153
0.0581714
0.562339
0.316619
0.827558
0.413529
0.774978
0.529095
0.727202
1.0424
0.177116
0.0575014
0.361704
0.459019
4.33206
0.232929
0.0870402
1.77801
2.45045
1.77408
0.642033
2.00801
1.80298
1.88908
1.21445
0.430427
0.436486
0.303866
0.0938014
0.0470393
1.13095
2.80663
0.122178
0.327407
0.851415
0.0897419
2.4927
0.074288
0.250157
0.867304
2.18431
0.268505
0.0830902
0.572734
0.272087
0.962475
0.614473
0.651089
2.29979
0.218396
0.508987
4.49335
2.30512
0.0398258
1.04386
0.809539
0.705843
0.337732
0.074467
1.02844
1.73297
0.269162
1.0381
0.702115
0.354198
0.482197
0.411436
3.24815
0.968116
1.78606
1.01803
0.360961
2.08527
2.13496
0.340748
0.11655
0.692064
1.40598
1.59846
0.137198
0.788751
0.682834
1.57553
0.706568
0.118125
1.72825
2.39052
1.11992
0.443791
0.524374
3.28525
2.48825
0.701388
0.589102
0.707089
0.404435
0.508457
1.10591
0.630066
0.249404
1.90752
0.0354949
0.835294
0.258174
1.35461
0.158922
0.652098
0.85492
0.126754
0.258504
0.312973
0.826662
5.25147
2.50782
0.759415
0.221053
0.399524
0.738929
2.35563
0.321334
1.76085
0.567135
0.100037
0.713741
0.90129
0.566897
0.578726
0.620494
0.548096
0.362494
0.150058
1.83535
0.851694
1.42576
1.50161
0.827628
0.264976
0.0898504
0.677617
0.591702
0.755783
0.0845196
0.327184
1.44025
6.74675
2.10639
0.312447
0.0608382
1.02482
0.0644955
0.809354
0.946908
0.506094
0.125287
0.179478
1.14694
1.29722
1.17274
0.0845355
0.38172
0.309846
0.516662
2.37235
2.12257
0.0729779
0.0299946
1.13316
1.20242
1.65893
1.24024
1.03261
0.31309
0.662314
0.92696
0.489575
0.331377
1.17339
1.84638
0.84091
0.591384
0.342164
0.0085626
1.54743
0.67784
0.577796
0.636005
0.826339
0.0899299
0.469012
1.85422
0.340132
0.600081
0.0786821
0.972826
0.160937
0.537857
4.78474
0.879027
0.584831
0.397509
0.473821
3.05944
0.790889
1.70016
0.62656
0.659288
1.67271
1.33029
1.16493
1.11864
0.117889
1.43691
0.62595
0.0989227
0.561659
0.156222
1.19278
0.621891
3.03574
1.72794
0.0131761
0.798435
0.504037
1.56835
0.0968803
0.275277
0.0167953
3.5335
2.21619
0.172837
1.04587
0.0600422
0.718597
0.136812
0.563993
2.38552
0.937084
0.594583
0.588018
1.60213
1.19406
0.630388
0.482444
1.00572
0.90529
0.282622
0.897753
0.89069
0.30436
0.279267
0.412615
6.36328
1.55632
2.32682
3.75874
0.484586
0.0118201
1.40616
2.13806
0.592204
0.312325
0.291526
0.527321
0.773825
0.213414
2.25835
3.48831
1.21318
0.118941
0.559732
0.437924
1.19831
0.955726
2.22637
2.0875
0.908702
0.148229
0.116342
0.805039
0.71001
0.0568907
1.90058
1.02252
1.52685
1.15447
0.396371
0.106906
1.01155
1.80381
3.28505
0.333366
0.814659
0.116967
0.532024
0.0130718
0.0784796
0.0223099
1.29095
0.908724
0.727293
0.172891
0.222056
1.62592
0.234583
0.147015
0.0225075
1.54646
0.320786
2.03153
0.0771947
0.15135
0.945719
1.60961
0.552259
1.44881
3.31498
0.204197
4.24678
0.103606
0.0647007
0.253758
0.801784
0.467726
1.41469
2.69272
0.00228224
0.0530662
1.39126
3.36509
1.94482
0.407075
0.133249
0.396402
0.759455
1.39187
0.157903
1.91697
1.14046
0.238455
0.0631092
1.12998
1.59992
0.971309
0.711187
0.70412
2.54251
0.196323
0.00417089
0.582662
1.12069
1.6798
0.749943
0.434352
0.207759
2.01565
1.12544
0.382732
0.655653
0.0631454
0.0457485
0.847313
1.45431
0.116955
0.838398
0.714249
1.8813
2.03773
0.445325
1.95713
0.318802
1.86853
0.362398
1.91192
0.267135
0.0874688
0.0811461
0.585345
0.394473
3.76002
0.915259
2.85369
0.253148
0.461875
4.65343
0.302145
0.108507
0.666195
0.0486907
3.25841
0.195127
1.05931
2.9886
1.21599
0.134231
0.875934
0.614638
0.401703
0.452493
0.0495845
0.259325
1.9282
0.138438
0.194398
4.11604
2.10229
0.170339
0.388309
0.405379
0.98246
0.452547
0.618656
1.32416
1.12135
0.514563
0.557385
1.38341
1.23964
0.201973
2.42715
0.156879
0.233308
0.833595
0.163787
0.901187
1.46254
0.310541
0.625213
1.57423
0.0583062
1.37787
0.522687
1.06688
1.38807
0.413368
0.206619
2.269
1.27705
0.202659
0.249773
1.58897
1.53902
1.25627
0.234272
0.270123
1.56212
0.375965
2.85495
0.204528
0.768451
0.810153
0.255791
1.2361
0.0996778
0.0412711
1.28587
0.444337
0.586371
0.157785
0.415418
0.285247
0.0180199
0.307934
1.63197
0.825657
1.46614
0.0925421
0.791083
0.409816
0.979726
0.3632
1.0295
0.449433
1.91771
1.29728
1.03356
1.82762
1.4979
0.352826
0.559454
0.00554516
0.693085
1.12968
1.97891
0.481155
2.22801
0.214282
0.0209489
0.688828
2.37919
1.63033
4.73554
6.01625
0.738537
0.56274
1.88429
2.10906
0.0514732
0.697715
0.377453
0.321624
0.505359
2.36306
1.65676
1.11643
2.74669
0.981091
0.11995
1.31482
0.123605
0.402348
1.25455
4.61961
1.03358
2.55622
0.0527561
1.01122
0.156358
0.879918
0.368084
0.296317
0.834383
0.403139
0.248828
0.0129318
0.316213
0.172522
0.517635
0.0442447
1.39728
3.80635
0.14131
0.0469793
0.227163
0.349503
0.208038
4.01761
1.59136
0.26135
0.604052
0.964561
0.61254
2.65694
0.231676
0.265684
0.157892
1.11408
1.47466
0.235587
0.238234
0.0268704
0.106467
0.674539
0.331917
0.401926
0.18644
2.05558
0.322726
0.534523
0.934069
5.02503
1.07794
0.0245227
2.55105
0.742046
1.95143
1.29628
2.0897
0.750094
1.77679
0.182323
0.0711114
0.326506
0.328583
0.788414
1.03748
2.19856
1.10863
2.28514
0.210888
0.0365657
0.370729
0.428139
0.35776
1.54281
0.112068
2.10703
0.159304
0.0679023
0.319408
0.449859
0.461595
1.08061
0.329792
0.918117
0.0908608
1.64898
0.95163
2.62265
0.668069
0.508904
0.793664
0.865088
0.691728
0.958185
0.058742
0.632197
0.459013
0.535956
0.251004
0.29597
0.960208
1.12189
0.0524452
1.13795
1.76002
0.0814336
0.692002
4.4478
2.88864
1.62925
1.02924
0.0193491
0.498811
3.33915
0.610234
3.07904
0.228166
0.513844
0.605677
0.130854
0.762166
2.3631
0.791146
0.418943
0.684108
0.25284
2.60384
0.259221
0.0684283
0.380127
0.698638
1.10598
2.95881
0.279715
0.667744
0.251426
1.4186
1.46817
0.0705354
0.856346
1.08495
0.389945
1.71699
0.514077
1.1223
0.367034
0.619281
3.12919
0.253929
2.27616
2.15033
0.821748
0.373031
0.596657
5.52958
1.49683
0.889367
0.566336
1.9124
0.678788
0.0480335
0.494754
1.43241
0.540326
0.949374
1.92476
1.04493
0.748887
3.11141
0.432246
1.55365
2.49278
0.0321711
1.17556
0.244559
0.19787
0.735411
0.83735
0.935422
2.86651
0.184861
0.167582
0.246275
0.770335
0.339057
2.20049
0.947609
1.94927
0.181738
2.0772
0.350301
0.633351
4.86806
0.63549
0.16063
1.29631
0.0237736
0.767465
0.87985
0.312242
0.234968
0.731748
1.3346
0.963706
0.270484
0.124814
1.00171
1.73049
0.0559756
0.899958
0.427037
0.0528535
0.395184
4.07779
0.475408
2.57394
4.02935
0.534533
0.14891
2.71361
0.0399078
0.769656
0.471289
1.63313
0.247089
1.10808
0.844602
1.92547
0.733879
1.12099
2.40355
0.731974
2.02186
1.58972
0.38107
0.0748507
0.270462
1.40596
0.191185
0.294522
0.255824
0.222967
2.11406
0.0591979
3.01642
0.39442
0.19588
0.211084
0.437562
2.40691
0.388185
2.72573
0.731679
0.381189
0.775517
4.3
0.575665
0.135232
0.0428139
1.1372
1.70858
2.79616
1.80632
0.750136
3.55896
1.04796
4.57194
0.550432
0.886149
0.0106014
1.10528
0.00259136
0.387592
1.07646
0.285559
1.25271
0.6134
2.79447
0.123555
2.68229
1.16069
1.77038
0.499875
0.0899639
4.37324
0.0852538
1.29292
0.277226
0.0136815
0.283135
0.778004
1.55545
3.22006
1.26466
1.27639
4.85237
2.2181
0.116454
0.695084
0.0326566
1.44825
0.431081
0.87552
1.86149
3.66874
1.19464
3.04471
0.891579
0.132716
0.851038
1.10574
2.23211
3.5132
0.826456
0.0473536
0.131401
3.49393
0.252079
0.0315161
2.81869
1.29333
0.595847
0.446013
0.0689566
1.40184
0.0469556
0.113081
1.80734
0.615683
2.2236
0.942309
0.573458
4.28303
0.930154
0.575136
3.32269
1.12342
4.32237
0.0446965
0.52026
0.329281
1.06874
0.0825766
0.681621
1.55531
0.359342
2.44797
0.00233106
1.22427
1.25039
2.10094
0.675084
0.0268232
0.525946
3.27005
1.51569
1.30397
0.0402913
0.301933
0.659716
0.937326
0.0111254
0.384511
1.68556
0.761005
1.51726
1.27583
0.910405
1.50492
0.153214
1.32251
2.06305
0.0135505
0.646446
1.04458
1.94949
1.21978
0.538335
0.792729
0.121878
0.254563
1.09598
1.13173
1.3679
1.62005
1.62611
0.404586
0.186461
0.861537
1.75049
0.242486
1.00447
0.694932
2.35626
0.916541
2.97269
0.850138
0.444861
0.370279
0.206911
0.0154378
0.239301
0.683568
0.0327968
0.446897
1.95522
0.747239
0.401875
0.153453
0.381513
2.27702
6.89786
2.45151
0.487798
7.09218
2.27624
0.999238
0.805776
1.79614
0.768036
0.112534
3.79963
0.37352
0.776553
0.184948
0.053555
0.979247
1.16278
0.658006
0.116358
0.479851
0.0281677
0.701015
1.13411
1.10167
0.0948901
0.00730335
0.434373
0.00469849
0.720862
1.48506
1.76351
0.341228
0.807548
0.900392
2.69695
0.266062
2.14429
0.793798
0.842721
0.816141
1.75083
1.14192
0.579558
0.272721
1.51646
1.03823
0.0935087
0.675924
2.38667
1.10401
0.501747
1.78116
0.547167
0.295892
2.83792
0.819258
1.42312
0.665202
2.40579
0.364604
1.52597
0.515168
0.0577321
2.32729
1.39502
0.0929551
0.188757
1.42857
0.329631
0.349801
5.47758
0.197892
1.2909
0.189829
3.38818
0.854916
0.768594
0.923434
0.566961
0.609199
3.95492
2.22589
3.64132
0.211355
0.392358
0.21003
0.390314
0.0521239
0.0958761
2.04652
0.0705549
2.06762
0.381198
0.431693
1.41152
1.38774
1.90892
0.35792
0.409032
0.950358
1.24948
0.0956079
3.07209
0.373161
0.27395
0.526389
0.0496045
1.76247
0.456123
0.658177
0.505178
1.07653
1.31221
0.0927155
0.376817
0.0384865
0.692732
1.01116
0.812532
1.20227
1.72321
3.78608
0.997653
0.182352
0.977973
0.415892
0.229799
0.171137
0.116831
1.51605
0.0797183
1.04208
1.37126
2.16815
1.54155
0.440716
1.5593
0.125403
0.427802
3.90794
0.658126
0.142881
1.67031
0.436502
2.31195
1.17567
0.500479
2.51424
0.181696
0.436072
1.51323
0.418928
0.224648
0.059746
1.90761
2.94735
0.830003
2.1269
0.84108
1.33812
5.83394
1.6055
0.0262224
0.226974
0.341342
0.128066
1.61592
1.97566
1.58062
0.470582
0.9906
0.737803
0.743285
2.9215
0.157252
1.00726
0.122447
0.604823
0.0109447
1.43678
0.161666
0.0330697
0.0336303
0.222197
0.413099
0.000374006
0.118152
0.0767514
2.08883
0.165674
1.47052
2.07473
2.36874
2.55839
1.89323
0.320676
0.686058
4.46486
0.73023
0.462879
1.42412
0.808422
0.206928
0.000103518
1.81604
0.66908
0.127947
1.10215
0.41769
1.47545
0.888343
1.57669
0.75921
0.369753
0.28743
0.648973
0.0354956
0.0243748
0.11086
1.56103
0.227891
0.498141
1.97031
1.19571
0.462325
0.0851646
1.63276
0.190319
0.182684
0.217619
0.526262
1.51157
2.01558
1.47406
1.53546
0.0567101
0.280164
1.00961
1.78612
0.539697
1.92324
0.700705
0.65913
3.0395
1.63213
0.318361
1.39568
0.642492
0.132546
2.10477
0.732766
0.729582
0.96625
1.50051
2.18373
0.826651
1.47385
0.157388
1.5943
1.19305
1.03544
0.245699
0.156549
0.208263
0.0634163
1.78076
0.0835959
3.29131
0.391064
0.239162
0.466405
2.07122
1.19231
0.353462
1.54886
1.65423
0.723619
0.647145
0.281923
0.198575
0.370154
0.772565
0.244895
0.159629
1.05216
1.65721
0.306037
0.0293557
0.809162
5.1305
2.75904
1.56971
0.24856
0.0648818
0.412935
0.293386
1.01975
1.13974
0.821524
1.12529
0.202772
0.130757
2.8865
1.541
1.03746
0.52567
1.0305
3.88027
0.544648
0.592781
0.373518
0.484576
0.695746
0.51716
2.49151
1.76463
1.63754
0.226134
1.01392
0.413999
2.88326
0.0933962
0.904601
1.28315
0.0285302
0.752613
1.55449
0.0490052
0.40843
0.424765
3.55211
0.450843
1.33802
4.12885
0.657259
2.15693
1.11803
0.0241373
0.0428559
0.0431194
0.14437
1.18699
0.516302
0.321665
1.06731
5.45433
0.472513
0.303452
0.909045
0.306836
0.30085
0.504108
0.163115
0.793835
3.28354
1.3323
0.599948
3.35116
0.256261
0.51649
2.42197
0.495924
0.289825
0.604304
0.654842
0.308339
1.47455
0.951729
2.3937
0.0867307
0.144974
3.07299
0.332117
0.251496
0.413148
0.791264
0.120083
0.16625
0.0750202
0.66987
0.0724792
1.52664
1.93963
0.277958
0.0921469
1.25323
0.108182
0.257487
0.0181711
0.756003
0.80967
1.48847
0.279382
1.93781
3.27962
0.192638
1.43882
2.52833
0.0708299
0.447106
0.109362
0.922805
0.0395389
3.33717
0.160228
0.766666
0.348779
0.000498531
0.567836
1.31312
0.482663
0.201481
1.7423
0.528284
5.03114
0.0409695
0.880827
0.264358
0.715292
0.519809
1.63292
3.09883
0.913754
0.881786
2.43101
1.23451
0.248121
0.907177
0.836865
0.736729
0.246864
0.198284
0.898436
0.686208
0.153253
0.0358028
1.73861
0.16529
0.359574
1.04755
1.33237
1.59533
0.314712
0.583952
0.78674
0.796279
2.99147
0.789667
0.105358
0.959104
0.187836
0.619478
0.407317
1.59804
0.42234
0.0937727
0.336828
1.5712
0.135077
0.182554
1.52445
2.26065
0.322792
0.026442
1.41992
2.29506
2.43468
1.39736
2.00113
0.951026
0.273673
0.38652
0.773589
0.400026
0.616479
0.0834687
0.0193534
1.32619
0.0876946
0.0976716
2.64627
0.395952
0.118231
0.265915
3.8735
0.233206
1.1555
1.25597
0.120751
0.313324
1.21381
1.42427
3.93828
0.300331
0.970018
0.654482
4.79872
4.40192
0.226255
1.37169
0.56931
4.82552
0.395395
1.43043
0.0969663
0.534876
0.134945
0.533985
1.1112
0.737643
1.21861
0.0701619
2.58091
0.412858
0.618093
0.462822
1.95423
0.203801
1.09564
2.60317
0.941514
0.847389
0.385625
0.235497
1.17523
1.91227
0.871675
3.8604
0.171617
0.36215
0.0590253
0.924333
3.15434
2.32049
0.127063
0.271712
0.250909
2.83417
0.0717209
0.81603
0.867819
2.03416
0.57644
2.19617
1.21648
0.241342
0.00698833
0.0014632
0.274897
0.407352
0.256806
0.846116
0.044392
1.88157
0.992478
0.444868
0.195009
0.0752999
0.803018
0.781964
0.812108
0.858891
0.0206592
0.33541
0.316438
0.00914408
0.00340545
1.03712
1.08544
1.62481
0.510441
0.241392
0.0109446
0.0240332
0.10559
0.664475
0.45413
1.1396
0.288979
2.30081
0.584878
0.145511
0.593001
1.34292
1.74316
2.39365
5.51046
0.900061
1.23638
0.118667
0.942587
0.00386101
0.486714
0.0446221
2.82638
0.0443433
0.320689
0.0422587
0.209133
0.112156
2.27413
0.895127
1.27283
3.337
0.572132
2.3585
0.0647537
0.323505
1.19776
1.17979
3.37706
0.162229
0.264989
1.17888
0.344941
0.11879
0.100615
1.12776
0.561072
2.17048
0.421099
0.0943481
1.0204
1.33524
1.22194
0.322307
0.327331
1.81108
0.0804223
0.352611
0.227421
0.0775589
0.686439
1.58335
1.6339
0.059959
0.0632155
4.866
0.132162
1.04382
2.28704
0.0151533
0.290598
0.374262
1.29876
7.56617
1.90401
1.70918
1.68356
0.138768
0.0157143
0.410931
0.215781
1.16947
2.90963
2.163
2.30337
0.684768
2.46572
0.280691
1.0592
1.0667
2.18979
2.84917
3.10726
0.683185
1.53276
1.22674
1.92354
1.22092
2.09576
2.69599
1.51148
0.339001
0.0997874
0.0953042
1.57521
1.20078
0.0926835
1.55548
0.423632
1.39823
1.88641
0.243346
0.235898
0.34293
0.47256
0.0938565
1.02374
0.518156
0.603619
2.17727
4.46831
0.0916801
2.20494
0.149701
0.0301879
0.833602
1.73503
2.06245
0.0670573
0.345132
0.868312
2.18587
0.66487
0.916813
0.545203
0.689921
2.96283
0.417625
0.0873246
0.927868
0.792157
0.65959
0.6185
0.697006
0.600177
0.928975
2.85945
1.26767
0.428573
0.692446
0.0305583
0.408258
1.31911
1.08742
1.06782
1.34299
0.859988
0.458687
0.367219
0.825394
0.295241
0.239822
0.745108
1.12023
1.2232
0.833053
1.05518
0.738129
1.435
0.15629
1.49615
1.93916
0.445534
0.168998
1.42246
2.58219
1.98422
1.67801
2.72349
0.903249
0.171536
2.30903
0.97006
0.762773
0.42901
0.0645487
2.66153
0.825264
2.22003
2.98239
0.731279
0.949625
1.73468
0.0269259
2.36712
0.405655
0.486102
2.20023
1.46044
0.342357
1.40252
0.293915
0.235403
5.20934
2.22361
0.604027
0.595767
0.702702
0.797865
0.218706
0.780671
0.254632
0.474617
1.10673
1.87065
1.24325
1.44657
0.884464
1.35889
1.50508
0.785591
1.34696
1.72786
4.62845
0.0272853
1.47447
0.209866
1.46682
2.79077
0.588997
1.94744
1.33616
1.59402
0.701927
0.324947
1.1549
0.010625
0.436104
3.62279
0.909057
0.809856
0.318483
3.67397
0.749161
0.612338
1.00249
0.324745
1.61408
0.73797
1.09954
2.4035
0.011062
1.27163
1.38669
0.424194
0.850646
0.714646
1.91454
3.99953
0.252309
3.33664
1.86365
0.194895
1.47666
0.0149648
1.12083
3.33379
1.07989
0.558186
0.0766109
2.82068
0.560783
0.142142
0.565179
0.0832651
0.0631828
0.594127
1.22542
0.281568
0.433962
0.557912
2.05677
0.0219415
2.84178
0.0555374
0.3112
0.175266
0.592996
0.402651
0.558801
0.511982
0.292118
0.608371
0.71664
1.23103
2.81401
0.204427
0.288437
0.0971256
0.0782988
0.340161
0.735949
0.0580004
0.155206
0.740144
0.0716854
0.620456
1.40665
3.28789
1.25113
0.157736
2.98929
1.21687
0.547617
2.85882
0.530068
3.61661
0.0559147
3.36982
1.19643
0.660508
0.343591
2.86462
0.242167
0.722233
0.289948
0.238317
0.901663
1.01326
1.16402
0.832695
0.444756
0.2989
0.271191
0.813156
0.414028
0.261212
0.250721
0.108485
0.144501
1.0331
1.24435
0.282632
0.137971
1.01759
0.215372
1.61599
0.0261344
0.755401
0.046368
0.309322
1.19378
2.56668
0.293818
1.92176
0.271018
0.828319
0.396374
1.55418
0.812785
1.06268
0.181154
0.116736
0.841982
0.119634
1.89088
0.148038
0.116699
1.58277
1.2104
0.649859
0.0531622
0.133016
1.66752
4.82086
1.56633
1.33041
0.268313
0.66576
0.298302
1.3617
0.784853
0.0590754
2.2787
0.100499
0.0398846
5.36173
1.21172
0.061533
0.0286624
2.6796
0.337358
0.469275
1.90098
0.744654
0.281349
1.73299
0.011542
0.492384
0.891825
0.0743574
1.3189
0.196784
2.44629
0.672307
0.691892
1.68122
0.128487
0.455033
1.47792
1.01997
0.0535404
0.572286
2.52542
0.00583347
0.131454
3.19027
1.06206
0.245043
0.252648
1.23125
1.36615
0.08864
0.790628
0.208894
1.06308
0.545832
1.43655
0.158132
1.95422
1.28703
4.6691
0.00429764
0.0854125
0.0304202
0.5263
0.274897
0.620372
0.569701
7.49042
2.47302
1.26316
0.16415
2.6229
0.841944
1.64835
0.139702
0.444756
0.713231
0.335657
0.254813
0.13192
0.189644
0.776205
1.20668
0.839439
1.02801
0.68452
0.625616
0.203447
1.24069
2.95747
1.67404
0.154695
2.29988
1.19729
1.23684
1.35004
1.41719
2.37668
1.12071
2.58575
0.580699
1.14975
0.167732
0.869692
0.0897823
1.61771
4.15777
0.0442102
1.66184
1.12916
2.96336
0.536316
0.343773
0.24899
1.58674
1.26417
1.81205
0.0587974
0.137327
0.959887
0.932383
1.24218
0.717362
0.777951
0.228981
1.85721
2.02301
0.430414
0.305808
0.48545
1.42037
0.550923
1.67269
0.672872
0.727861
4.77183
0.280927
1.06469
0.410983
1.951
0.714484
0.0187605
0.530925
0.323716
1.53967
2.41822
0.00542106
1.08538
0.397352
0.0486542
2.60516
0.0655761
0.636413
0.507382
0.355058
2.09497
1.5167
1.31708
1.36727
0.158536
0.335332
0.117357
0.133224
3.50836
0.463982
0.191184
1.82161
0.0236171
0.616187
3.76747
0.438786
0.0199589
2.09477
0.400276
0.109068
0.0326655
0.650651
0.133465
0.156634
0.0371797
0.750511
3.229
0.179269
1.49198
0.0814207
0.744023
0.224096
0.0935798
1.13681
1.07699
0.347464
0.273069
0.958246
1.55893
1.30337
0.511545
0.079134
0.694745
2.83685
0.753219
1.01488
0.559202
0.335486
0.0743937
0.379176
0.421282
1.84889
0.994486
0.00233588
0.411818
0.304289
0.935738
0.92798
0.406732
0.201009
0.11274
0.556467
1.72886
0.258443
2.29239
0.540828
1.02631
1.57824
0.174598
1.5284
2.74078
1.89416
1.7696
0.167646
3.57465
2.02962
3.07979
0.0147037
0.546633
1.00372
0.190362
0.508658
2.23116
0.164088
0.970472
0.0154026
0.0593372
0.218651
2.85163
2.14382
0.716774
0.103148
2.03531
0.395732
1.14864
0.362596
1.90955
1.4048
0.79564
3.69688
0.91129
0.00337883
1.18694
0.510745
0.0693288
0.291339
0.40998
0.469674
0.577689
0.68643
0.377096
1.89804
2.22835
0.493606
1.57126
0.12998
1.01305
2.43151
0.510831
1.00325
0.847667
1.36175
2.3031
0.0535974
0.204047
0.670457
0.112513
1.20422
1.96544
3.3349
1.34257
1.00918
0.974852
1.05525
0.185122
1.30719
0.760481
0.0916585
0.914659
2.54776
0.550919
0.684238
0.117701
0.71062
0.683366
0.312111
0.257602
1.54372
0.460003
0.0386707
0.171893
1.08844
1.07362
0.0267582
1.31126
3.02554
1.81448
0.116445
0.161405
3.30273
0.277086
0.950795
0.215367
1.42202
0.53818
0.251721
0.26937
2.69675
1.11746
0.904374
0.761236
0.189165
1.39131
0.311177
1.07066
4.47073
1.34017
0.29586
1.00768
4.27325
0.0469729
0.512609
0.47027
1.81382
0.17648
2.61876
0.382899
1.24943
0.1378
3.34451
2.03994
0.431303
0.307896
1.80632
0.166474
0.145479
0.692805
1.56648
2.06893
1.06552
2.09653
0.873009
1.15563
4.18106
0.316118
1.38864
0.411405
1.06942
0.173261
1.85031
0.0959024
1.34748
0.53488
2.16962
0.541833
1.28169
0.703074
0.51156
1.72303
0.0100846
0.263908
4.63041
1.5075
1.42287
0.204217
0.113241
0.288213
0.655556
0.622705
3.8537
3.93704
0.514395
2.23486
2.09046
2.2084
2.36767
2.84626
2.33677
0.317779
0.797178
2.0187
0.371299
0.217098
0.122249
0.241795
3.35893
0.796515
3.25697
1.34516
0.0612567
0.698304
0.719006
0.0442428
0.470496
1.52194
0.17328
1.54616
0.737376
0.157033
0.0565519
0.215557
0.534375
1.20131
0.417661
1.35822
3.73128
0.325285
0.183983
0.573344
0.780888
0.0169079
0.80556
1.8012
1.41986
0.601666
0.901172
0.17673
2.45758
5.68363
1.75178
0.238774
0.857821
0.666533
1.00997
0.769609
0.160267
0.997593
0.743809
0.559463
0.836734
1.0818
1.51923
0.923956
1.19118
0.272349
0.950368
0.150581
0.225037
1.52848
0.196686
0.279088
1.13504
1.41263
0.0912636
1.16703
0.996149
0.175178
2.90211
0.549122
0.739792
0.754012
0.324453
1.31578
0.870017
0.0215219
1.51645
0.961719
0.306568
2.04738
0.308543
0.863213
0.509086
0.540508
2.0039
1.94385
1.95442
0.216931
0.146409
0.516472
0.423033
0.170891
0.730153
0.318874
0.44461
0.00528085
0.335113
8.65361e-05
1.34726
1.59155
0.896
0.900679
0.367725
0.751832
0.726596
0.264906
0.06786
0.271216
0.0831465
0.646285
0.215379
0.334014
0.172545
1.95153
0.962695
3.41057
2.46384
0.109335
0.400709
0.472286
2.43624
2.08718
1.71933
0.644674
0.567694
3.17897
0.000411154
1.62143
1.1225
0.0796366
1.57573
2.26835
0.655908
0.20077
0.257095
0.817128
0.049621
2.8785
0.329025
0.524831
1.02689
0.57901
0.0110069
1.83317
1.51273
0.876242
0.7857
0.55877
0.818278
1.21201
0.511631
0.131087
1.80984
1.82358
0.380291
0.159941
1.77136
1.96922
0.261292
0.527468
0.450521
0.291263
0.538775
0.588812
0.602836
0.870353
2.21456
0.580087
0.266318
0.0539439
0.146851
1.23417
0.349156
0.397549
3.92123
0.1543
0.57224
1.64159
4.80525
0.970652
0.833718
3.03524
0.199142
0.138797
7.58826
2.61526
2.84467
0.562126
1.46484
1.47418
0.250782
0.713097
1.25278
1.14302
1.1453
1.41552
0.115425
0.802616
0.324595
1.73702
0.426475
2.05363
0.112334
0.647186
1.77182
0.365737
1.03539
0.473875
0.905087
1.9176
0.78952
1.2132
0.621711
0.38376
0.0691518
1.46641
0.690037
0.0484293
2.13017
0.564034
0.614339
0.380405
0.766934
2.31905
0.76552
0.977369
0.140718
1.99916
0.202315
0.22162
2.85045
0.301908
0.14329
0.704131
0.974576
3.50415
1.37537
0.2717
0.536636
1.41293
1.7244
0.458831
0.411292
0.357313
1.07047
0.181136
1.2164
2.45362
1.34999
1.5749
0.781076
0.97948
1.3927
0.0627006
0.605034
1.20078
1.39589
0.277342
0.360568
0.509902
0.52577
0.598095
1.32483
1.48796
1.99978
0.0150859
3.94223
0.993299
0.689527
0.773453
1.06736
0.633582
0.226552
1.9203
0.381738
0.159715
0.0530639
3.95235
0.591815
0.298374
0.290153
0.446027
0.231415
1.94845
0.144607
0.116282
1.71887
0.0281553
0.912331
2.20407
1.40851
3.90956
2.20243
0.0364443
0.00636093
2.72224
2.26502
0.0885964
1.3353
1.8157
0.262158
0.754543
0.321003
0.136314
0.334046
1.2408
0.0350638
0.246153
0.182415
0.11144
0.393074
0.150027
3.99507
3.28375
0.200165
1.97359
0.25729
0.240876
0.47588
0.251721
0.342726
2.31418
0.905086
0.0993512
3.40435
3.37594
0.400179
0.559086
1.28717
0.209102
0.943715
0.192933
0.0332322
0.345587
1.65253
1.24801
0.692718
1.52227
2.3926
0.448584
1.41992
3.2989
0.702725
1.98502
0.117616
1.38805
0.594778
0.300326
1.47789
0.466442
0.934736
0.743255
0.238219
2.16286
0.69451
0.667557
0.892909
0.711442
1.22507
0.143336
0.778128
0.295383
2.15645
0.207798
1.13025
0.0194902
0.0137041
0.0255753
0.110814
0.492645
0.00705862
0.574099
2.76542
1.54914
0.289787
0.736348
0.444218
0.253385
1.68507
0.0835124
0.142011
2.76552
0.0629205
0.325906
0.908614
0.720838
0.282957
0.0419061
0.20756
1.11368
0.32996
1.17038
0.346522
1.81006
0.360076
1.0154
2.00203
2.04656
3.04137
0.990493
0.931808
2.09872
0.385093
2.96384
1.55081
1.90967
0.500281
0.384252
1.55036
0.162189
0.828425
1.44195
0.334392
0.240293
0.231429
0.991943
1.2328
1.68602
1.31309
0.180343
0.0306984
0.192939
0.811778
0.846624
0.270298
1.4618
0.642129
0.314816
3.51864
0.394924
0.868669
0.355508
1.18471
1.06445
0.7641
0.19856
0.671142
0.21873
0.33485
0.500344
0.119406
3.81472
0.925695
1.11705
0.371897
0.839635
1.43382
1.2771
0.738915
3.2731
0.694759
1.12983
0.113084
2.75998
0.10765
1.07516
5.5428
0.418931
1.47505
0.0714782
0.334354
0.0392183
1.81119
3.59117
1.12358
1.32577
0.374331
1.77287
2.66207
1.95104
0.309553
0.148346
0.702457
1.41564
0.130094
0.109074
0.504301
0.0293568
0.75892
0.499586
2.38293
0.836593
1.49553
0.209429
0.673118
0.0453873
1.48199
0.375045
0.124916
3.47147
1.31501
0.018827
1.4204
0.207055
0.259264
0.211148
0.513011
1.48233
0.0658613
0.157789
1.7935
0.909347
0.998996
0.0223908
2.30424
0.800928
1.31302
1.57525
0.38708
0.494881
1.38392
0.473305
0.369897
0.631396
3.69866
4.8786
0.22941
0.272859
0.539115
2.89296
0.136814
0.421509
3.13218
0.450787
0.287692
0.403367
2.54777
0.049924
1.22107
0.952816
0.252342
0.818373
0.464382
0.137736
0.092462
2.48917
1.64087
0.436867
0.129181
2.68296
0.607401
1.69479
2.41517
5.17282
2.63649
0.0249658
1.35616
0.583928
0.9183
2.2088
0.0947264
0.0936602
0.0955792
0.121491
0.718572
0.453843
0.308548
1.4567
0.39749
1.03375
0.397739
0.400192
0.0242796
1.70815
0.336594
1.88416
1.27325
2.46837
0.934786
0.707442
0.236712
1.11059
0.291373
2.88248
0.120975
0.436766
0.520061
2.35535
0.635638
1.84705
0.245437
0.648202
1.47502
3.82579
1.09198
0.0458357
1.78573
0.83652
0.229025
0.467437
0.213216
0.0226643
0.43763
1.42129
1.4939
0.99229
0.708278
0.0631978
0.599786
1.06189
0.46592
0.953865
1.59064
0.142792
0.281627
0.667404
2.2793
0.0502436
0.00105866
0.477527
0.39715
1.76825
0.170518
0.831848
0.845303
0.941886
1.06408
1.14902
0.120884
0.798462
0.111026
3.61877
0.19858
0.977348
0.152428
0.797003
1.01281
1.52301
0.322294
1.24762
0.00810493
0.148335
0.175839
3.21948
1.21222
2.56717
0.770777
0.414077
0.862643
0.438092
0.324894
0.117292
1.52962
0.299185
2.98688
0.334352
0.591341
0.392598
0.0796617
0.747573
0.250531
0.216013
2.1704
0.201897
3.43731
0.263698
1.39308
1.20695
2.23371
1.5677
1.41012
0.953093
0.483722
0.0612118
1.77769
0.546398
0.56835
0.146818
1.60366
0.195699
0.0908315
2.59147
0.329136
0.586631
1.00003
0.886401
2.61118
0.371144
0.538445
2.07321
1.22595
1.16436
0.0906864
0.576211
0.0966445
1.4553
1.76045
0.545511
2.16226
0.92517
1.30873
0.030742
0.175511
0.190583
1.60133
0.976011
0.420065
2.17668
0.389779
2.03375
1.43025
0.838567
0.37085
4.64049
0.250185
0.222004
0.734469
1.43885
0.0906753
0.414703
0.315305
5.48624
0.153146
0.0634249
0.934703
0.771302
0.149593
0.674366
1.2677
0.694747
0.369871
0.867071
0.714105
0.4514
0.459741
0.971703
0.180373
2.01975
0.842777
0.189747
0.202526
0.258555
0.233803
0.830491
2.5789
0.0558289
1.07293
3.26741
3.52909
0.919675
0.628068
0.0731065
1.53308
0.661686
0.441296
4.50277
0.0503011
1.75784
0.05719
0.644564
2.0414
3.46126
1.57323
2.59908
0.796436
0.332193
0.0418419
1.35794
0.0515484
0.664766
0.916395
0.577422
0.613279
1.8307
0.646596
1.69688
1.33268
0.0959927
0.194567
2.07103
2.39138
1.13524
0.00872772
1.14159
0.564135
1.43797
1.41874
0.554193
2.90881
3.92004
1.30788
0.0508987
2.07647
0.600726
0.766321
0.600264
0.490763
0.78239
0.280119
0.108381
0.14839
0.162571
0.794802
0.10758
2.05476
1.98033
0.581309
0.189531
0.733879
0.280605
0.853999
2.5814
1.15938
1.24401
2.69505
1.63749
0.907223
3.15115
1.35669
0.930834
0.689605
1.44823
1.05269
0.111195
0.318002
0.170334
0.105987
0.739207
0.847029
0.348765
0.838044
1.49814
0.213269
0.404928
1.95707
0.295443
0.863737
0.67683
0.0166165
1.51575
0.437514
0.0219238
0.773688
1.34916
0.940665
0.587824
0.919931
0.0171597
0.340619
0.63013
1.4016
0.235802
0.649518
0.369767
0.170009
2.96802
1.02322
1.69847
1.87709
0.9194
2.55368
1.27494
1.35205
0.861441
0.733412
0.992608
0.119879
0.877164
1.68256
3.72324
0.160495
1.18115
0.619097
4.97656
1.7817
2.11583
3.27618
0.0324705
2.2395
1.62008
0.436866
0.0401383
1.82358
0.0305344
0.976185
1.94084
0.189866
1.06526
0.199368
0.15071
1.96385
0.338288
0.380862
0.186339
1.41831
1.54119
2.71543
0.865578
0.410655
1.50388
0.0478323
0.128227
0.366279
3.58589
0.786782
4.53863
3.50092
0.963419
0.758398
2.59924
0.0721293
0.0422254
0.208072
0.411356
1.21476
0.145139
0.784501
0.0281198
0.621609
2.57332
1.64519
1.39938
0.48169
1.94992
3.21816
1.57457
0.672372
0.473507
0.243362
4.55169
1.64259
0.599583
0.983762
0.357558
0.657025
0.344258
0.982718
1.59858
0.521837
0.282539
1.00581
0.298497
0.15446
4.36087
2.97196
0.0165914
0.315681
0.772183
0.124959
0.868397
0.458034
0.558401
1.32332
1.05948
1.37926
0.37208
0.175899
1.12459
1.64967
1.38881
0.0829902
1.41338
0.439772
0.813871
2.72791
3.53829
1.12855
0.0392865
0.483463
0.447068
0.240178
1.92294
1.02513
1.29951
1.38204
1.35813
0.315787
0.349972
1.33571
0.448179
0.499979
1.10269
0.0522363
1.11355
0.828996
0.164923
1.67541
2.34109
0.940918
0.641591
0.227267
3.16407
1.00131
0.209613
0.201156
0.361939
0.0383186
1.12174
2.32825
2.54418
4.71362
0.636559
0.30415
0.983905
0.00346454
4.02822
0.718464
0.274921
0.64688
0.0278158
0.136881
0.698709
4.70613
0.91733
0.280735
0.418163
2.07933
0.391356
2.15669
0.218434
0.161749
0.798331
2.3401
0.563722
0.415875
1.76551
0.16702
0.845702
1.79259
0.803252
1.11703
0.0723074
0.606343
3.55542
2.3641
1.0004
1.50056
0.706538
2.51396
1.27113
0.341513
0.320411
0.439306
1.62119
0.000286269
0.108882
0.677498
0.176387
0.372276
3.0671
0.169785
0.891146
0.0562108
0.93274
0.680929
0.238046
0.669865
1.48945
0.956906
1.74027
1.21898
0.437199
5.56561
1.01868
0.598955
0.599184
0.175636
0.124232
1.0459
0.00477974
1.14802
1.22427
0.0490967
0.472542
1.49137
1.22818
0.483054
0.0806603
2.221
0.28105
0.181047
4.0585
1.01679
0.461765
1.64004
1.71752
0.0351874
1.13965
0.15719
0.698839
1.1962
0.764905
1.09911
2.95787
2.05544
2.45189
1.08942
0.581393
0.49244
0.343877
0.618287
0.336074
0.956416
0.674182
0.540404
0.750812
0.275724
0.576632
2.06226
1.96624
0.417349
2.97169
0.641699
0.612881
0.888331
0.282457
0.454166
0.651316
1.14487
1.52117
0.98608
0.212694
0.126289
0.0940643
0.0214804
0.399492
0.333461
2.43419
0.979446
0.121745
0.648431
0.976676
0.272772
1.04158
5.95885
0.112313
0.924941
1.8716
1.09281
1.06719
0.470066
4.04575
0.333198
0.257851
0.90833
3.8284
0.589341
0.500675
2.99247
0.119099
1.6372
1.41498
0.610211
0.779812
0.684372
0.240676
0.699688
0.140374
1.18031
0.670328
0.0495124
0.65917
0.737792
0.998131
1.24634
1.43805
0.586066
1.65365
0.0662974
2.90494
0.0728018
0.985821
2.02355
0.564991
2.95848
0.664431
0.375023
1.02252
0.29785
5.32822
0.372028
0.141493
0.939914
0.463398
1.77656
0.103804
0.161349
2.13794
2.71227
1.0031
0.0347381
2.75357
1.11495
0.0955742
0.00874012
0.188457
0.423862
0.0660182
0.321736
0.0544811
1.28663
0.00870424
0.163747
2.19538
1.6204
0.525565
0.102745
2.69241
0.514725
0.669857
0.962347
0.327587
0.703399
3.27414
0.28688
1.01897
0.866853
0.0795393
0.527224
1.33434
0.459962
0.319637
0.234011
0.0979655
0.898112
0.246421
0.683047
0.263722
1.95665
0.985514
0.49112
3.6262
1.15627
0.447618
0.396067
0.539784
0.00247048
0.890993
0.3154
0.570188
1.33912
0.615145
0.0985169
0.0666784
0.190579
1.12767
0.604058
0.0599132
0.999659
1.13479
0.554743
0.00311531
1.38982
1.06757
0.0815113
2.88095
0.110654
0.850399
1.56423
0.249169
0.295427
0.811206
0.972479
0.447761
0.585805
0.775957
0.357938
0.344697
0.0690434
2.15923
0.74571
2.04225
2.04799
1.78585
0.172792
1.60092
0.377577
0.140366
1.02152
0.406043
3.75259
2.52907
0.632378
2.36624
0.0607718
0.0637528
3.21789
1.28355
0.0394429
0.672358
1.02485
1.42528
0.429251
2.02909
0.991315
0.153875
0.908509
2.03247
0.121901
1.97408
0.31068
1.19499
1.15967
4.01598
0.128077
0.190541
0.978966
0.104205
0.821215
0.920082
0.771223
0.938264
0.134438
3.02846
1.34847
0.881461
3.18245
0.611706
0.966902
0.73235
0.912115
0.989487
2.38
3.65113
1.53364
2.13212
0.279275
0.445595
0.0644615
0.755583
1.2276
0.528691
2.99772
1.15719
0.0889197
1.31149
0.173375
1.53638
0.84869
1.59166
3.02562
2.4777
0.362189
0.213217
0.0817715
2.11231
1.13861
0.720151
3.04281
0.00690893
1.45639
0.47649
1.2008
0.186493
0.286303
0.333843
0.836116
0.0979378
0.433459
1.03739
1.54544
0.14558
3.46465
0.39562
0.575099
0.0210907
1.64303
0.160983
0.110287
1.05294
1.53501
0.640917
0.240821
0.0950026
0.156321
1.54708
1.52661
0.0920723
1.46655
0.522871
0.0311203
0.0821648
0.049418
2.40459
1.63744
0.724042
0.363349
1.18562
0.0896036
0.846075
0.299808
0.230603
3.21652
1.60484
0.357282
1.44335
0.554373
0.159647
0.567299
1.18472
0.108991
2.17925
1.13167
0.704214
0.761234
0.623285
0.568112
0.249066
0.103779
0.0671244
1.84344
1.0476
1.72503
1.4205
0.780596
0.482888
0.314246
0.653088
0.469619
0.886825
1.02472
1.79238
0.823144
0.350144
1.30138
1.2389
1.1048
1.66189
2.18187
0.0442421
0.33851
0.109414
0.547626
1.15226
1.31357
0.926931
1.76289
0.402876
0.400028
1.10869
0.30276
1.27262
2.17766
0.223842
0.277755
1.93614
1.39354
0.413677
0.184519
4.91501
0.922382
0.014578
0.630529
0.27093
0.716287
0.219651
0.520228
0.229945
0.177825
0.167041
0.636056
3.83669
0.195529
1.37053
0.0327567
1.42329
0.548065
1.93769
0.758135
0.085646
2.29298
0.500464
1.85634
0.233917
0.442101
0.0177927
1.04437
0.538443
0.107343
1.16613
1.02742
0.349009
1.0653
0.658367
0.302548
1.97349
2.22745
1.20825
0.21083
0.415622
0.0530059
0.285776
0.51222
1.49611
1.0271
0.646356
1.21037
0.356702
1.06201
0.3065
1.95668
1.77333
1.31549
3.17631
0.24854
0.293774
3.76768
3.44937
0.659825
1.31171
2.65238
0.383277
1.31428
1.00351
2.38072
0.287427
0.226834
2.20501
0.480948
0.0865756
0.466628
3.25551
0.414748
3.91852
2.11646
0.846964
1.176
4.40152
0.86772
0.534548
1.17745
1.55733
0.887036
0.80453
0.0637394
3.41648
0.75018
3.5647
0.0466096
0.284345
0.564724
1.85644
3.95424
0.215219
1.25885
0.620285
0.128516
0.123294
0.666577
0.693653
0.55311
0.870543
0.0547455
0.329315
1.73593
1.78431
4.24754
0.0744091
0.0567001
1.10255
0.337375
0.077621
0.891755
2.22272
0.407282
1.28212
0.48872
0.342079
0.140291
0.206189
0.283432
0.348023
0.0696946
0.833268
0.517141
3.25227
3.04806
0.14688
0.983132
1.24349
0.418449
0.281828
0.918932
0.474438
0.432389
2.89457
1.05256
0.802714
0.0789084
0.380612
2.57171
2.99515
0.69002
0.841421
0.135204
0.845464
0.392659
0.587051
0.881089
1.5568
0.875229
0.300452
3.08634
0.229917
0.00485489
3.87906
0.278152
0.0556418
0.238154
0.118636
0.00567483
0.342792
0.824423
2.81198
0.682167
0.0776582
0.127161
0.939756
0.467591
0.381079
1.15403
2.76077
0.215179
0.182492
0.0408825
0.588013
0.265804
2.36934
1.1178
0.0914083
0.776205
0.801987
0.0951278
0.526584
0.0392433
1.06489
0.796317
0.604307
0.567265
0.34799
0.728953
1.02234
0.32173
0.0192547
0.745107
0.044133
0.0646323
1.12035
0.171852
0.0106478
0.705908
0.511325
2.58949
2.46084
0.238176
2.35338
0.632769
3.16135
2.64894
0.106702
0.170171
0.550665
0.288355
0.95166
0.643769
0.762063
0.189947
0.368363
1.87005
0.162185
0.347773
5.31864
0.660421
3.44838
0.829484
1.47094
1.29628
0.789533
0.704065
0.0562447
2.59343
0.771638
0.876258
0.411483
0.4919
1.85592
0.0198191
1.95024
0.179549
0.0195775
1.38685
0.0199644
0.674478
0.299322
0.61368
0.214342
1.00646
0.755442
1.02615
1.33271
0.7614
0.0336381
0.741734
0.840176
0.164069
0.0342692
0.352512
0.530664
1.59195
0.437203
1.00723
3.06379
1.39534
0.363904
1.25683
0.894268
0.790398
1.16587
0.101004
0.197234
2.47236
1.03215
1.144
0.262448
0.110203
0.843384
1.44424
0.533643
0.714567
0.131051
1.03487
1.80266
2.20476
0.481578
1.18495
0.978119
0.399932
1.0889
2.10717
0.912029
0.0312581
0.191031
1.3596
0.580786
0.809114
1.28821
1.03323
1.26816
1.04646
0.0447234
0.924324
0.410032
0.0094334
2.24966
0.890824
0.793938
0.537648
0.148863
0.28041
0.770662
0.792721
0.198465
0.112071
1.34667
0.668936
1.60295
0.279452
0.856674
0.563069
0.314865
2.04262
0.0644201
0.534413
2.26442
3.62863
2.31064
0.0475161
0.859897
0.35857
0.0377525
0.13516
2.25811
0.138796
0.625503
1.70304
0.404616
0.167136
0.0730713
0.935698
1.15781
0.855188
1.17431
1.06732
0.774192
3.86794
0.275803
0.417592
1.26259
3.57981
1.35822
1.65118
0.0510839
1.12793
0.520061
0.157074
0.656703
0.207231
0.714125
0.600876
0.882274
1.99736
1.5574
0.673202
2.11457
2.72775
0.249754
2.17699
3.31737
0.353168
1.28975
2.32387
0.709872
1.03817
0.0998655
1.13182
0.396524
0.0556693
1.20596
0.816307
0.535193
0.0348734
3.1404
0.907551
1.13647
1.28201
0.492633
1.09111
0.423045
0.407126
0.243413
1.26813
0.673382
0.375121
1.66331
1.31247
0.0420164
1.17974
0.144957
0.739065
1.15389
0.127687
0.363348
0.410492
0.944232
1.15261
1.57125
0.423657
1.54149
0.307288
0.631325
0.66989
0.734523
0.570674
1.08209
0.0482704
0.717952
0.150092
1.29097
0.192425
0.275611
0.389676
0.240267
0.263928
0.948225
0.664614
1.18292
0.250798
0.101507
1.33566
0.626171
2.13109
0.263071
0.397177
0.0135685
0.0403419
0.420689
2.0442
2.087
1.38019
0.892828
0.680397
1.59285
0.472984
0.0265195
0.0223616
0.728544
0.457787
0.326941
2.86692
0.458325
1.11928
1.04266
0.487831
2.60687
0.0260784
2.76131
1.01313
0.608413
0.124443
0.211415
1.63159
0.803734
0.8123
0.983903
0.183164
0.70131
0.00483635
0.762881
0.61501
0.247086
0.348556
1.12163
2.12824
0.299523
0.718725
1.58813
4.02195
0.708659
0.0595226
0.329538
1.26439
0.362404
0.637008
1.0546
3.08179
0.660275
0.685903
1.12915
0.680614
1.21784
0.291
0.171568
0.326733
1.11159
1.09354
0.133337
1.93485
0.545225
0.458936
0.132031
0.507476
1.2095
0.18812
0.798657
0.993014
1.08708
2.11158
0.853415
1.78814
0.77316
1.38875
0.0935399
1.58834
1.86421
0.249991
0.406292
0.0217649
1.19919
0.955739
0.430156
1.66881
0.359327
0.790991
0.33027
2.74153
0.485882
0.577038
1.09011
0.716963
0.576186
0.200257
0.361897
0.589775
2.82845
0.375227
0.142455
0.373956
0.631699
0.362765
0.688895
2.50221
0.784934
0.792196
1.35812
2.8361
0.53875
0.586751
1.05792
0.0169561
0.796089
1.02947
0.428307
0.565098
0.764076
2.30686
0.806732
0.205703
0.510255
0.368189
1.6482
0.890521
1.63917
1.16981
0.1589
1.5715
0.730287
1.95416
0.0633657
1.13124
1.21298
0.119134
0.110968
0.514894
0.0936734
1.93721
0.586776
0.756414
1.9005
0.802297
1.77315
0.188315
0.16577
0.414145
0.0139055
1.81832
1.49012
0.911508
0.572306
1.71941
2.48459
0.680668
0.218091
1.65156
0.488942
0.110175
1.36559
0.196691
1.2329
0.125174
0.736984
3.16485
0.472995
0.318426
1.86023
1.44544
0.645306
1.31077
1.41163
0.266547
0.193344
0.46998
0.26857
0.494242
0.285833
1.13624
0.231541
0.23817
1.05154
0.232154
0.124174
0.29447
0.665759
0.0966064
0.675614
0.878452
0.221026
2.12582
1.8397
0.721881
1.23308
0.0341215
0.837352
1.12405
0.513154
0.0525277
0.089301
1.56525
0.416678
1.22793
0.360293
0.219874
2.39989
0.207209
1.47343
0.960023
0.190635
0.0659913
0.478411
4.86406
1.23683
3.87149
0.320241
0.316858
0.447862
1.09067
1.74496
3.33307
0.60576
0.67702
3.42322
5.91766
0.454879
0.155914
2.87771
2.94306
0.00246733
0.17435
0.989682
0.074716
1.45143
0.154713
3.24934
1.28836
1.87601
0.261568
1.40887
1.23437
0.418292
0.0354461
0.165201
2.64236
0.881164
1.38544
0.404621
0.308447
0.431316
0.38958
1.37721
0.0554614
0.111606
1.22057
0.0802554
1.32363
0.519389
0.0482677
0.527168
0.350508
1.01587
0.524961
1.24943
5.10886
2.09071
0.0566863
0.830063
0.610843
0.437416
1.34663
0.372743
1.61514
0.25262
0.664586
0.474108
1.02265
1.09223
0.414572
0.256049
4.42855
0.189709
0.38767
1.11415
3.04256
2.1278
0.440019
1.14213
1.94021
0.17539
0.446781
0.819051
3.01398
0.533152
1.91745
0.756911
0.266948
2.94646
0.607028
0.0976614
0.0607712
0.172831
0.637752
0.282239
0.195993
1.72465
0.470037
1.27292
1.11241
0.28807
0.603915
1.06048
1.56769
0.371321
0.152572
1.73019
0.201022
1.76081
0.982432
0.655662
0.154648
1.61937
0.206848
0.155306
1.07881
6.05661
0.594376
0.262857
1.40841
0.00620681
0.210992
0.475329
0.502895
1.01912
1.29083
0.579397
1.0269
1.06144
2.8266
1.2906
0.0489755
0.263005
0.0860683
1.85599
0.465528
0.447774
0.083812
1.15381
0.972335
0.438678
1.68375
0.705259
0.148768
0.0641004
0.0800595
2.26064
4.94083
0.0408539
0.218238
0.568916
0.355518
2.74356
0.328741
0.349178
0.242337
0.961009
2.04158
1.30581
0.481781
0.258613
0.530148
0.496449
0.408168
0.282279
0.516527
1.66239
0.0156963
2.24212
0.414295
2.94537
2.76499
1.4739
0.962187
1.37145
1.4648
0.630726
0.675177
1.89042
0.161226
0.0887955
1.59883
0.271942
0.478796
0.0816923
1.40511
0.615227
0.406179
1.05019
0.466233
0.344218
0.423129
0.0209844
0.24834
0.280031
0.215293
0.429292
0.197224
0.121827
0.415289
1.61429
0.943588
3.0979
0.718089
0.395686
2.33238
0.339267
0.627815
0.0694829
1.43669
0.177332
0.306205
4.49171
1.62623
1.31693
1.52241
0.415589
4.78373
0.560898
0.375614
1.70532
0.383725
0.754335
0.106541
3.17971
1.25831
2.37408
0.572575
0.195398
1.07482
0.132951
0.777228
0.164993
0.183458
1.05301
2.14354
1.4138
4.00872
2.94182
1.53164
1.07315
0.821886
0.583263
0.243194
1.80545
0.303236
0.00272721
0.792622
1.57234
0.809892
0.507061
1.03322
0.0195804
0.58143
0.613342
0.24351
0.499565
0.476562
0.189965
0.874489
0.958491
3.85235
1.48534
0.143259
0.792827
0.597309
0.0287646
1.09545
0.384681
0.492116
0.523012
0.727088
0.727955
1.9209
0.825737
2.70533
0.435729
2.05107
1.03792
0.648057
1.50317
0.7614
0.49822
0.559133
1.41881
1.03157
0.884518
0.127284
0.874259
0.759448
0.865249
2.53899
3.37001
0.0652505
1.72506
0.224534
3.55741
0.165398
0.076822
4.82112
0.412405
0.167545
1.90102
0.38665
0.988031
0.46468
4.52757
0.222616
1.76746
0.998829
1.49325
0.128269
0.715186
0.470173
3.58272
0.819144
0.574171
0.0283305
0.364228
0.641222
1.10466
0.805278
0.647272
0.0603978
0.927591
0.0236675
0.954389
0.144484
0.158433
1.68461
0.24554
0.576757
0.277456
0.871589
0.099864
1.78071
0.525604
0.842671
0.924088
3.26767
0.748835
4.80005
0.762703
0.316769
0.204413
0.262622
0.552884
0.517855
0.159892
0.540893
1.45971
0.0426024
0.167728
0.888548
0.926924
4.04264
0.173446
0.0609733
0.421796
2.10889
0.487873
2.36098
0.327445
0.612974
0.115663
0.737611
0.259226
0.333858
2.87234
0.0932221
0.019814
0.146484
0.921223
0.696825
0.1061
3.27803
0.849782
1.54982
0.62237
4.2775
3.2936
0.485528
0.32685
0.0616122
2.15852
1.45867
0.174963
0.953553
0.184176
1.95698
1.63937
1.12716
2.96535
0.536006
2.46589
0.377239
1.2167
0.160283
1.35815
0.996019
1.22801
1.28349
0.532234
2.46272
0.727581
3.30545
0.228664
3.14894
0.140164
0.936475
0.55267
1.09304
1.29262
1.48402
0.195463
0.108573
0.739585
2.42776
0.470876
2.03301
0.285175
0.691713
1.08425
0.373006
2.2101
2.78209
0.834787
0.711281
0.0204607
0.26517
0.1867
0.176857
1.59192
2.09622
1.81283
0.849404
3.18991
0.082603
0.139387
1.37321
0.927215
3.43766
3.36459
0.383892
0.41698
1.29862
0.251192
0.608591
0.756157
1.39245
0.876087
0.233351
1.42714
1.87982
0.221155
1.93154
0.544844
0.309109
2.34854
1.26316
0.39021
2.55337
0.244081
0.980364
1.07184
0.762529
0.0503203
1.48273
0.293564
0.928428
0.261747
0.04344
0.137935
0.216491
0.301686
0.0273612
0.839687
0.240112
0.643985
4.01905
1.03826
1.01267
1.58604
1.20177
3.70053
0.614833
0.883406
2.38605
1.39233
0.638269
1.52139
0.245189
1.1648
0.0110774
0.504974
1.83917
0.37811
1.24962
1.7817
0.472921
0.337214
5.97232
2.72521
1.4725
1.79902
0.70304
1.20107
0.288031
0.371049
0.0503913
1.1604
0.677806
1.97775
1.3881
1.46881
0.848596
1.35385
3.97929
1.02699
0.423428
0.611095
0.692857
1.12254
1.73341
0.043972
1.26997
0.184542
1.75865
0.104234
0.5795
1.68158
1.37238
2.3952
0.838115
0.299604
0.83506
2.99166
0.418925
0.0869053
0.719703
0.51871
0.554579
0.201212
0.952803
2.34026
1.72359
0.885069
0.319858
1.04865
0.0516546
0.0875457
0.821388
0.38901
0.291262
1.00483
0.379125
1.23565
3.39091
0.843129
0.537265
2.0876
0.224156
1.58378
0.807202
1.99944
0.137432
1.69464
1.45701
0.518525
0.242327
0.391456
0.880129
2.48699
2.73035
0.280554
0.176639
0.235895
0.412313
1.27682
0.0277444
1.19528
1.18466
0.350689
0.23453
1.19553
0.197568
1.31216
0.467377
0.584396
0.159663
0.430811
0.459926
1.49407
2.43157
0.832382
0.0907581
0.222864
0.159397
0.394333
2.39272
2.71936
0.0358392
1.01916
0.178437
2.63373
0.0984625
8.6736
0.00375645
0.526453
0.299534
0.941026
2.18261
0.612761
0.263653
0.879376
0.606401
0.435504
0.450909
0.00414455
0.00626483
3.62966
0.525478
0.93601
0.0027345
0.543549
0.478184
0.260351
0.0569432
0.199235
0.503122
0.974477
1.26347
1.14576
3.08843
0.288552
0.0542068
1.76544
0.463323
1.61836
0.567051
0.354492
0.259407
1.30847
0.351215
1.36785
1.1205
2.84486
1.24067
1.78532
0.115639
2.38734
0.664649
0.0505245
0.547783
2.57597
0.363977
1.04913
0.3075
0.028967
2.29336
1.23571
0.103033
0.183305
0.929293
0.362911
1.21628
0.871603
1.88835
0.114724
1.23957
0.124484
0.0360496
0.389097
0.340217
0.183171
0.15295
1.5091
0.976296
0.357027
2.17299
0.363334
0.034191
0.300065
1.49656
3.6667
1.07941
5.73444
0.806178
1.42076
0.781634
1.08655
0.899236
0.274581
0.879895
0.0586984
1.08975
0.850312
0.562576
3.07852
0.125992
1.03983
0.81896
2.40356
0.0622837
0.801894
0.0947829
1.1748
0.37624
1.90493
1.12463
0.352173
0.137725
2.52285
1.04906
1.15075
0.630926
1.05508
0.191724
1.50083
0.570961
0.241749
0.632337
0.118688
3.10367
0.216892
0.584341
0.761514
0.172229
0.649991
0.0366119
1.53649
0.0861451
0.701864
0.49444
0.745658
0.339952
0.175696
0.941111
0.391575
1.42276
0.679331
0.382361
0.757343
0.0720455
1.08066
0.610601
0.830822
0.232838
0.13201
2.01972
0.108176
1.09599
2.24521
0.0424266
3.21941
0.601038
2.12122
0.175373
4.90029
0.737873
1.79332
0.0149018
0.335337
1.59427
0.242677
1.30695
0.0812402
0.510969
0.526289
0.442927
0.537495
0.0413109
0.150705
0.403735
0.392941
0.837848
1.19467
0.751861
0.670629
0.996293
0.948136
0.313605
1.7883
0.116053
1.64378
3.32427
0.243235
0.704112
2.31907
0.338253
0.687971
1.89605
0.477113
1.56561
1.06396
1.7965
0.859938
1.1418
0.40303
1.87875
0.122508
0.0997441
0.242354
0.49777
0.353286
1.18236
4.04972
3.04563
0.274353
0.914174
0.217189
1.57155
0.064472
1.68029
0.661396
0.506101
0.394813
0.113196
1.01115
0.358046
0.0852341
0.0769478
1.53288
2.23906
0.486099
0.814267
1.52925
0.625463
2.80799
3.02448
0.0919327
0.248227
1.01875
0.0443465
2.85315
0.323056
0.234012
3.52368
0.799051
1.47265
2.23789
1.05914
0.0217966
0.104537
0.198177
0.948868
0.451543
0.0465499
2.49691
0.639566
0.792766
0.0965432
2.0756
0.999521
1.48505
0.808082
1.39852
0.944447
0.585779
0.416249
0.00080585
0.473459
0.0713312
0.123646
0.443524
0.917117
0.447401
0.578589
0.0181092
0.257124
0.0790112
0.0283147
0.711977
0.0126397
1.90406
1.35489
3.66464
1.31881
0.229168
0.0798561
0.456752
1.06713
0.184199
0.00808048
0.331762
0.86179
0.869291
2.10722
0.975959
0.217461
4.64248
1.11848
0.0980406
2.95392
0.36123
0.718379
1.04473
0.799959
1.89531
0.635425
0.578147
0.545178
0.460979
2.71736
0.778683
2.57949
0.821677
0.983188
1.6122
3.44382
0.360518
0.148011
0.708264
1.66028
0.56528
0.44734
0.316771
0.205142
0.0251547
0.799546
0.644804
1.79575
0.819097
2.51494
3.81918
0.404821
0.0100794
0.995656
0.445586
1.51329
3.76522
1.93475
2.52725
0.363067
0.302786
0.158691
2.26224
1.04532
3.39736
1.62343
2.28288
0.126945
0.159118
0.125717
0.601088
0.112119
0.368104
0.59871
1.1661
0.0386423
1.01752
2.18699
1.32015
0.186788
1.43188
3.196
0.143761
2.36966
4.14173
0.368697
1.59427
0.667072
0.84358
0.768583
0.370834
1.76172
0.452073
0.72675
0.341997
0.0477724
0.321145
0.515705
0.567356
1.45219
0.81775
0.316476
0.381174
1.19983
0.982185
2.06826
1.12584
0.193002
0.195963
0.407136
2.01873
0.364909
2.13362
1.51647
0.797453
0.318936
0.654721
2.02977
0.220237
2.27244
0.341234
3.36128
0.0238382
0.0372179
0.399785
0.400423
0.104823
1.10641
0.025041
0.0687393
0.0399482
0.784367
0.389768
1.78219
0.606483
0.2078
0.501708
0.398007
0.886113
1.37671
1.00138
0.60834
9.05029
1.01241
0.860413
1.07629
0.0140961
0.346411
0.913824
0.669177
1.23827
0.644173
1.20373
1.08808
1.23521
0.635948
0.947383
0.0558215
1.26516
0.420825
0.774328
2.07928
1.95739
2.50536
0.393572
0.145186
0.198189
0.868832
0.990183
2.54956
0.523535
0.177282
1.32792
0.565563
0.00724516
0.214482
0.0750865
1.83585
2.38509
0.933226
0.186066
0.0679163
2.05775
1.01472
1.86232
0.32177
0.533502
0.0708091
1.29347
0.87094
0.519971
0.302992
2.03509
1.52986
0.0872498
0.6211
0.206552
0.270891
6.2535
1.41272
1.09897
3.76604
1.08485
1.33902
3.51315
0.0541145
0.131533
0.646278
1.95339
1.27917
0.682046
1.08602
0.147555
0.900865
0.892133
3.39898
0.378615
0.136871
0.284357
0.832565
0.00386546
3.58249
1.03719
0.838501
0.280359
0.801824
5.46538
0.995607
0.504772
0.0338277
0.408689
0.559504
5.72439
0.412512
1.82172
1.90741
0.0899885
0.236866
0.0443971
1.58857
2.19142
0.761415
1.23846
0.27354
0.588859
0.0256595
0.959066
2.55131
1.7424
0.336926
0.80589
0.499842
1.97114
1.20502
5.74061
0.593251
0.0174335
0.192756
0.711827
0.0335062
2.96831
2.09123
1.45356
0.932436
0.857991
0.197076
0.355927
0.894576
0.10826
2.27499
0.750998
0.116071
0.323374
0.732588
0.609556
0.642262
0.546935
1.0325
0.754514
0.0559904
0.33019
0.114997
0.84282
0.087616
0.79813
0.505339
0.592482
1.25373
0.118692
1.71036
0.23623
0.240073
0.647033
1.19696
1.35328
0.82074
1.0635
0.368662
1.20797
2.35824
1.72573
1.18363
0.705341
0.445551
0.680698
0.973423
0.494206
0.486684
1.08684
2.69723
0.236785
1.26688
0.442734
0.365353
0.909865
0.18096
0.552173
0.098175
0.310449
2.29184
3.5487
0.283923
2.29456
2.56595
2.17623
0.981338
1.70449
0.330348
0.103227
3.78862
2.37627
0.292486
1.82054
1.46491
1.1332
0.371773
0.0690234
1.0822
0.241036
2.31031
0.544426
2.87233
1.7359
0.334865
0.835826
0.686171
1.09996
0.834553
1.19204
3.452
0.451045
1.80047
0.00399227
1.40518
0.994834
2.26838
0.681856
0.107417
0.488414
0.595348
0.233314
0.205304
0.519402
1.41321
0.0475806
0.462797
0.967809
2.18943
1.48432
0.0155207
0.635152
0.479161
0.656767
0.181727
0.346715
1.92293
1.77363
0.304759
1.2153
0.717052
1.19526
0.887324
0.141525
1.38023
0.759442
0.916724
0.292577
0.135238
1.0741
0.705823
2.29689
2.19094
0.0474123
0.669382
0.252859
1.8787
1.06155
1.71907
0.490109
0.0163632
0.417272
1.63764
1.75712
1.03392
0.82036
2.27952
0.331624
0.633012
0.809459
1.23271
0.212892
2.6504
1.014
1.0616
1.67849
1.87321
0.271617
2.76159
0.609477
1.02162
2.47029
0.316183
0.919342
0.771628
0.295493
0.358692
0.425302
0.545005
1.16779
0.0102738
0.961474
3.11625
1.03333
0.856209
2.08269
0.683733
0.191868
0.117582
1.11761
1.76245
0.224863
0.724708
0.422456
0.422685
1.99877
0.280404
0.420964
0.515324
0.118084
0.279774
0.360686
1.48406
0.954422
0.697065
1.40758
2.3998
0.484024
1.2428
0.996538
0.659532
0.0100453
0.49709
0.14431
0.152286
0.511303
0.639881
0.53429
1.37162
0.039533
1.73894
0.782555
0.689856
0.443583
0.692869
1.45629
0.334321
0.983374
0.821268
1.23568
0.426901
2.2795
0.300162
0.32312
2.94483
0.0555977
0.102141
0.466916
0.053263
1.21429
1.50857
0.250604
0.365036
1.69729
0.643613
0.0520155
0.734175
0.459583
2.69291
0.280497
1.36805
2.8551
3.52424
1.0333
0.984704
0.376783
1.10443
0.974621
0.192091
0.395175
0.183485
1.61503
0.437587
0.0449598
0.526948
1.70991
2.87247
0.119066
0.455994
0.584569
0.0148001
0.766952
0.4248
0.631498
0.0754368
1.07717
1.7094
0.466378
0.493391
0.0471135
1.94265
0.619386
0.512113
0.148595
1.45243
0.482696
0.167413
0.137872
1.49869
0.357486
1.36473
0.340516
1.36268
1.45487
0.559958
0.159024
1.35939
0.470533
1.13352
0.487871
0.161991
1.07029
1.65955
0.0763075
0.422462
0.415636
0.0313709
2.95787
0.754714
0.108924
1.32638
2.00964
0.353419
0.278797
1.22545
0.25502
0.867057
0.3516
0.754571
0.232644
0.482815
0.867869
2.56415
0.012728
0.386643
1.99696
5.35454
2.30617
0.44816
2.65889
0.651906
1.73735
0.575098
1.03002
2.07925
1.2107
0.917571
0.420465
0.153276
3.29344
0.288972
1.86335
0.0689264
2.2457
1.01784
0.153204
1.4578
0.765103
0.360891
0.0332233
2.54405
0.464548
0.524067
0.353562
0.276403
2.7512
0.0278436
1.69834
0.665525
0.779807
0.4297
0.0523429
1.96506
1.9749
0.670737
1.1682
0.0375316
1.7241
0.153225
2.74985
0.264576
0.452153
1.07685
2.34333
1.42931
0.0269641
0.322184
2.09057
0.392981
0.0147898
0.245111
1.76184
2.65742
0.5639
0.209688
0.7191
1.32248
1.1834
0.410954
1.0952
0.559044
1.60596
0.234827
0.562275
1.59152
0.0557897
0.599074
3.67264
3.63017
0.186794
0.00582056
0.589113
1.03008
0.223213
0.614652
2.24477
2.23457
1.16089
1.60274
0.971575
1.52751
0.952067
0.454553
0.667946
1.61597
0.297274
0.0395847
0.190266
0.408381
2.09581
1.65353
0.129907
0.0329923
0.417259
1.56449
2.57306
0.695536
0.243184
0.649673
0.353731
0.195456
1.0381
0.78395
0.657183
0.478233
0.545494
2.08814
1.82656
0.867791
0.0231281
1.12368
1.61139
1.31628
0.183888
0.54136
1.96223
0.151315
0.438031
0.356374
0.331561
1.54128
0.348303
0.404577
0.549553
0.328615
1.27392
1.28335
0.098764
1.202
0.0510367
0.431927
0.364002
0.542947
0.988448
0.259094
1.94539
1.4517
2.14184
1.05324
1.501
1.69109
0.928684
0.559703
0.469607
3.69583
1.52503
0.0466537
1.71022
0.131509
2.71732
2.32887
0.829089
0.028332
1.30783
2.07758
1.15108
0.716388
1.73142
0.424184
0.287858
0.517541
0.335937
0.905921
0.246215
1.23099
1.611
3.27308
7.14281
0.887414
1.98663
0.766369
1.99514
1.65373
0.973705
0.390911
1.01096
0.0558111
1.26893
1.53868
1.36078
0.235609
0.660036
0.548031
0.989361
0.113986
0.22842
1.27078
1.39324
0.721216
1.69241
0.153244
4.48958
0.212284
0.374699
0.109773
0.0662755
1.41887
0.642119
2.13499
2.02829
1.39474
0.0685753
0.33269
3.75937
1.72234
0.86956
0.786525
0.6869
0.320331
1.51117
0.530134
0.675511
0.442788
1.83745
1.0031
1.02136
0.857515
1.32665
0.241634
0.819721
0.115405
0.900006
1.10646
0.268667
3.73162
0.380417
0.287476
0.51534
2.96483
0.523821
1.09542
0.467661
0.559978
0.146377
0.15883
1.6971
0.70755
0.693435
2.11357
0.330081
0.259206
0.211826
1.62975
2.12311
1.3244
1.45952
0.843079
0.656689
0.489669
0.899552
0.0162841
3.83288
0.276266
1.28981
4.65682
1.54215
0.338677
2.43338
0.71562
0.811035
1.54928
0.142173
0.416058
0.339302
1.22779
1.09035
2.05178
0.721633
1.3803
0.94356
2.29526
0.0160746
1.74288
4.65308
0.382736
1.10311
2.64367
0.0195691
0.0812956
0.545646
0.359409
0.0702982
1.7785
0.189226
0.834557
2.31257
0.933063
0.425445
0.0443117
0.328455
0.885428
0.407443
2.08491
1.47825
0.885916
1.09288
1.36003
1.19969
0.207982
1.30918
5.24858
0.802076
1.02891
0.251252
1.66933
2.40458
1.05725
0.0288506
1.10338
2.50743
2.09143
0.322828
1.53887
1.27875
1.08637
0.600555
0.767652
2.14678
2.18822
0.0780807
1.75672
1.60462
0.0200104
0.315238
0.458166
0.454843
0.800128
1.40571
0.531153
1.41652
1.6448
0.302776
0.105427
0.0694724
1.58293
0.230121
1.61379
1.42561
0.248745
0.756093
0.027026
0.556684
0.116629
0.0869308
0.525383
0.165468
0.806265
0.980852
4.68971
2.96736
0.00529747
0.975272
1.0871
0.202452
0.370223
0.41638
2.74427
1.17208
0.151954
0.545796
0.609013
0.406954
2.46217
0.154676
1.08264
0.228852
0.46205
1.88222
1.58824
0.379133
0.0158845
0.961493
0.151108
1.26517
0.524468
0.302918
1.38241
0.292198
1.77736
1.9332
0.280163
1.82417
0.450215
1.12357
0.340483
0.122819
0.770111
0.221538
0.26539
0.876748
1.8622
0.0549227
0.14752
2.41604
0.18102
0.292835
1.93739
0.0113309
2.24716
2.27566
0.24203
1.20942
4.24268
0.881376
0.543945
0.285505
0.580827
0.325611
1.56157
3.56123
1.89814
0.0113483
1.11532
0.230691
0.749556
4.69942
2.72818
0.48235
0.657881
2.32877
1.93846
1.45263
0.0300286
4.51581
0.48793
0.625347
0.194348
0.538403
1.51343
1.31657
0.0894702
1.42959
0.54234
0.322737
2.27268
0.0636537
0.304413
0.403012
3.67459
1.69173
1.73063
0.841187
0.272887
0.737745
1.60938
0.824975
1.08987
2.93304
0.909867
0.713132
0.276566
0.153992
1.64648
0.175928
1.39276
0.55137
0.604161
0.657546
0.738175
0.00343178
0.336008
0.705024
0.0367796
1.57557
1.32132
0.0146979
1.22665
4.0007
0.310655
0.234765
0.564864
0.577823
1.86358
0.479168
1.02461
1.30681
2.2181
1.28267
0.621114
0.856199
1.68727
2.26302
0.430473
3.53888
0.613373
1.27705
0.0633974
1.77601
0.0616036
0.621729
0.257386
0.041537
0.384325
0.830859
2.24376
0.0945038
3.78551
0.50681
0.563651
0.0728806
2.89173
0.97557
2.86701
1.41933
0.619904
0.0799368
3.26125
1.35982
0.0355513
1.42182
0.854491
0.113157
2.85785
0.593732
0.505375
0.029348
0.0136253
1.37101
1.66666
2.08042
0.0469035
2.7465
1.43458
1.66034
1.42579
2.62485
0.0456078
1.50555
0.667011
1.57279
0.720468
1.70609
2.68981
2.18822
2.39012
0.102688
0.339555
0.545233
0.116732
1.57882
1.32413
0.579723
0.777345
0.011807
2.6332
1.25518
0.159813
0.323766
0.637189
1.23262
3.23993
1.77939
0.740983
3.32546
0.768592
3.05327
1.41024
0.922119
1.57329
1.63578
1.02226
0.415422
1.19032
3.27469
1.22379
0.623219
0.0515259
1.08015
1.86307
0.74989
0.281175
0.0887356
4.89779
0.203401
0.253333
0.774669
0.885242
0.744673
0.177187
0.249392
0.092304
0.853234
0.486782
0.688824
0.744803
0.170656
2.24279
0.077189
0.831215
0.327222
0.784022
0.264953
2.15807
0.41227
0.487464
0.618377
1.57859
0.0284482
3.57832
0.216939
3.31679
0.989627
0.729805
0.160658
2.34608
0.700217
1.35598
1.42665
0.477103
0.125581
2.45208
1.03143
0.418138
0.979456
0.199664
0.952484
0.169193
0.197476
0.929335
1.87237
2.18827
0.753267
0.662958
0.0264438
0.30078
0.135431
0.747796
3.78204
0.669812
0.0488039
0.241476
0.175224
1.15518
0.392875
0.382163
1.19448
1.3471
3.05616
2.29438
0.112803
1.146
1.5176
0.524185
1.77745
0.498993
1.51485
0.638223
1.49806
0.275921
1.43158
1.98805
0.94388
1.24608
0.697549
1.46134
0.423976
0.55401
0.642109
3.38644
1.91521
0.0612137
1.90649
1.67114
0.501192
1.07457
0.434672
0.0141681
3.84202
0.767511
0.858458
0.122151
0.536554
0.837842
4.03974
0.359684
0.358684
0.0502759
0.547566
1.26052
1.91853
0.654422
0.232707
1.49604
0.66227
1.03776
0.131471
0.211958
0.411794
0.204299
0.613676
0.39506
0.889438
0.630815
0.226112
0.429549
0.321835
0.0453982
1.82478
0.226833
0.989587
0.199461
1.92275
1.96107
0.626205
0.0797601
0.00873393
0.743815
0.0348237
0.257636
1.24619
0.72401
2.32091
0.0991991
0.525541
0.450451
3.22035
1.40801
1.56048
0.474998
0.554228
0.715914
1.94537
0.465101
1.7469
0.861546
0.462048
0.730063
0.498687
2.4405
0.0653852
0.596875
0.0238614
0.00503955
0.162699
0.87292
0.022211
5.61655
0.10196
0.50119
0.220775
2.48039
0.546371
2.47455
0.878082
3.8249
0.429259
0.0469901
0.0126083
2.36374
0.844672
0.62177
0.10639
0.0759111
0.0267554
2.1182
1.70251
2.02847
1.21222
0.191589
1.24077
0.156972
1.26532
0.760636
0.147264
2.01963
1.08111
0.158228
0.471504
0.142828
0.0732774
0.27204
0.477526
1.02407
0.278589
0.249448
0.0874962
0.430019
0.124622
1.04098
1.20596
0.909888
2.29539
0.314505
0.241417
0.299922
0.342646
0.00798939
0.536872
1.04988
1.20016
2.24309
0.26798
1.79561
1.09607
0.209887
2.20258
1.35954
1.96335
1.41815
0.486696
0.0934097
0.643285
0.718644
0.374051
0.550379
0.979336
0.34779
0.732721
2.30589
0.538139
2.11423
0.316174
0.361005
1.49835
5.30365
1.45626
1.21739
1.72919
0.180395
0.780671
1.48473
0.871135
0.0300943
0.196043
0.202121
0.22574
0.443941
0.00459301
1.67669
0.591037
0.508509
0.0164922
0.772178
0.234008
0.546127
0.109008
0.283502
0.0857033
0.456046
1.99179
0.592165
0.850463
0.420573
1.43644
0.366624
0.622465
0.492295
0.223148
0.376383
0.0344274
0.47659
0.188954
1.86366
0.459363
0.312382
0.982337
2.38996
1.67531
2.59408
0.448343
0.0506157
1.5761
1.41753
0.484943
7.39004
1.09128
0.0333862
3.34869
0.019037
0.0280568
0.421723
0.441986
0.0834024
0.0485935
0.0202957
0.113546
0.043232
1.14066
0.574192
0.208021
1.56402
0.605906
0.182485
1.66844
2.78673
0.588471
1.16068
1.21355
0.149011
0.570901
3.35692
1.88386
0.364371
2.23745
1.08745
0.34888
0.122207
0.442242
2.34744
0.58046
0.0337894
0.0930681
0.952928
0.555606
1.69139
0.586842
0.308556
1.33999
2.64751
0.362913
0.781077
2.62364
1.07813
0.127857
2.32979
0.641915
1.65311
1.01247
0.369251
0.274888
1.68401
0.244227
0.66953
1.25775
2.3271
1.64298
0.0127121
0.333696
0.551442
0.0667546
0.218249
0.143612
2.71139
2.69157
0.433715
0.102298
1.36826
0.0193991
0.363142
1.16617
1.24566
0.833952
0.230888
2.66324
1.57467
0.609417
1.16547
0.174562
0.925453
1.52231
0.176439
2.8094
0.89273
1.49757
1.14732
0.565257
1.26613
0.936856
0.232198
0.175153
1.01469
0.610529
0.346062
2.78348
0.193543
0.879833
0.3942
2.44794
1.15977
1.18157
0.255289
0.220033
0.355098
1.36894
0.237195
0.375079
0.571047
1.09
1.27653
1.81921
0.081635
1.62272
1.79168
0.0409908
0.267318
3.28782
1.07838
0.0339364
1.48706
1.80081
0.0842595
0.0484898
0.536865
0.268309
2.54528
1.44459
4.82635
0.298725
0.230926
0.432878
0.403813
0.817522
0.641238
1.68034
0.102007
0.467796
0.358375
0.885839
1.30678
0.922103
0.178886
2.50151
0.366507
0.326438
0.750536
0.661529
0.751797
0.121651
1.19819
3.95716
0.391051
0.567178
0.404883
2.52451
1.02357
1.44809
1.4838
1.4626
1.9068
1.10125
0.463638
1.33103
2.33279
2.20792
1.86829
6.16108
1.9157
2.5831
0.452683
3.09675
1.35625
0.19376
0.721154
0.267717
2.25702
0.729377
0.976486
0.874239
1.10358
1.71838
4.33998
0.716585
0.580855
0.229402
0.616499
1.04924
0.217017
0.236079
0.965219
0.0855892
0.554041
1.94387
0.238704
1.06927
0.350775
1.06494
4.17446
0.257588
4.49269
0.0157383
0.119916
0.096997
4.60294
0.246558
0.638126
0.741934
1.18849
0.139509
1.30124
0.203223
0.180228
0.19754
2.04306
0.679342
0.111945
1.41759
0.207863
0.78673
0.267345
0.185771
2.67799
0.0402523
0.0501295
0.733794
2.87043
2.1627
1.32982
0.740804
0.466271
0.910921
0.583152
0.110347
0.312129
0.594119
0.620319
2.09138
0.372326
0.511045
0.0164203
0.104403
0.269196
0.408963
0.280033
0.81651
0.896959
1.49931
1.59173
2.96794
0.512477
0.493374
3.3462
1.65936
0.00167314
2.37034
1.15228
1.73021
2.34979
1.55208
2.58007
0.470213
1.7483
2.65703
0.0007416
1.15719
0.27204
0.0294371
0.161351
0.684541
1.37202
1.81709
0.413468
0.436645
0.488063
0.605063
1.37726
1.92254
0.775677
0.0527431
0.849689
1.79316
0.861663
4.365
2.47937
0.695834
0.823105
0.115806
0.482737
1.29424
0.463807
0.2836
1.18001
0.375944
0.670648
0.461044
0.155746
4.43341
0.359863
1.18601
0.0676051
0.00507328
0.362983
0.158356
0.747873
1.84256
1.69611
4.42909
0.760868
0.290567
4.37298
0.219036
1.09574
0.121183
1.26714
0.224004
1.27213
3.05778
2.2809
3.28394
0.287783
1.64327
1.95626
0.0733138
0.162691
0.18846
0.396175
0.678996
0.476337
0.189625
0.344188
2.91633
1.50028
1.61794
0.211968
0.60314
0.779039
0.105706
0.973427
0.883597
0.466633
0.668609
0.418601
0.147084
0.837509
0.0884311
1.51283
0.678109
0.481487
1.87334
0.650397
2.28149
2.36394
0.870826
2.66487
2.45209
0.407454
0.744885
0.132473
2.41271
0.0804404
0.029642
1.46788
0.245236
0.553835
0.145613
1.08352
1.12917
1.05769
0.401155
2.42238
1.4439
0.443923
0.92336
2.17097
0.215142
0.954988
0.082908
0.928122
3.39886
0.0630706
3.53671
0.0663025
0.214274
0.596806
0.397191
0.70094
1.17729
0.452236
0.222359
3.59843
0.460913
1.68888
0.190641
1.26243
1.10349
0.292029
5.12728
2.20637
0.0101279
0.167714
3.42506
1.98109
0.0677851
1.594
0.234299
0.0217206
2.82178
0.0865527
0.546087
0.438441
2.40367
0.417147
1.95493
0.405512
0.222138
2.53642
0.522749
1.07091
0.687208
0.0886707
0.329209
0.315404
0.442245
0.236283
1.3679
1.23802
0.639654
0.995754
0.668129
0.411188
2.26563
0.854516
1.40224
0.327734
1.32578
0.94913
0.280657
0.0153722
0.811727
1.4553
2.00121
0.58383
1.77954
0.00830435
2.50338
6.19033
0.0738487
0.307687
0.0904166
2.75377
0.0147089
0.255243
0.981425
0.240967
0.231825
0.300778
0.928614
0.925226
0.943599
0.864943
1.31838
0.970687
0.708913
0.493816
0.374088
1.05408
2.09678
0.286681
0.270527
0.2772
1.1289
0.0764283
0.798795
3.22154
0.00576355
0.394968
0.0741147
0.551257
5.18821
1.5765
1.97344
0.175104
0.577911
0.0439904
2.04208
1.5742
1.19624
0.195394
0.0310436
1.24704
0.175549
1.59768
0.272354
2.16862
1.29262
0.271535
0.242979
1.22489
0.139067
0.0691016
0.0618696
2.64951
1.39186
0.940408
0.58756
0.955886
0.718531
1.66846
2.17342
1.38449
2.4555
0.160355
0.323546
1.3119
2.20117
0.648292
2.85005
0.332553
0.17526
1.3209
2.47764
0.681431
0.0938293
0.209319
1.5656
1.10614
0.957688
0.9959
0.827177
0.631378
1.73741
0.281048
0.21701
0.512135
2.24914
0.310676
0.344571
0.175013
1.50313
0.709611
0.238458
0.705172
1.44397
1.4455
0.288858
0.569661
0.394717
1.59743
0.0695845
0.276879
0.0855831
0.0933934
0.630463
1.30247
0.781338
2.14628
1.81714
0.320625
0.531434
0.182652
0.0484097
1.68731
1.05798
0.201519
0.674818
1.72099
0.273457
1.67768
0.0612349
0.391466
0.952423
1.44516
0.378706
1.32762
0.215927
1.78842
2.27832
1.39911
3.40292
1.41285
0.329998
0.00242821
0.230109
0.149899
0.513302
0.223095
1.00818
1.44582
0.464051
1.01311
4.52089
0.281568
0.759338
0.764112
1.8137
0.506221
0.548672
0.579383
1.56744
3.7921
2.17916
0.278089
1.4447
0.706472
0.718638
0.937524
1.61112
1.43961
1.87552
1.10807
0.225086
0.27183
0.577245
1.09907
0.147603
0.42409
1.02385
2.13253
1.37006
0.685557
0.380887
1.18796
1.86123
0.324776
0.128427
2.11958
1.56335
2.61613
1.9072
0.408246
1.52712
0.0404344
0.756938
0.501123
2.79271
0.0163148
0.366892
0.794138
1.90893
0.158122
0.0706155
3.64318
0.0101801
0.525133
1.28531
0.91831
0.594592
0.0808023
0.719908
0.948927
0.363333
0.0471031
0.534651
0.299342
0.859507
0.510177
1.30684
0.991667
0.338979
0.26072
0.337666
1.07589
0.744221
2.49775
0.376946
0.0271578
0.445593
0.227765
0.0227062
1.85688
0.734275
0.246444
0.214889
0.0713527
2.09603
0.458079
1.07348
0.558388
0.32641
0.596008
0.594188
0.334425
0.0886816
1.24294
0.926653
0.474492
1.98571
1.16391
0.174768
1.01728
0.136005
0.875899
1.02642
0.478213
1.43566
1.41004
0.847754
0.0972652
1.60826
0.485959
2.77417
1.48548
0.936444
1.73025
0.412073
0.327207
0.233249
0.353335
0.951288
0.740959
0.580472
1.06742
0.190356
0.728611
5.2177
1.03663
2.43883
0.238907
2.77451
2.02884
1.11811
2.31503
0.357475
4.45953
0.687253
0.752504
0.745102
0.0122013
0.913785
1.13546
0.133542
0.811913
2.54774
0.25093
1.50097
2.06251
0.549759
1.06647
0.282256
0.122575
1.71114
0.00859692
0.022227
1.69153
0.533757
1.87945
0.45778
2.12962
1.80802
0.513795
0.849278
0.761526
0.0586671
0.109447
1.0681
0.832664
1.95388
2.83024
0.66523
0.0476033
0.104072
2.78655
0.407127
0.185148
0.841647
1.60629
0.32454
0.379172
7.01279
0.334349
0.666789
0.970311
2.05671
0.281019
0.674994
0.361082
0.0905757
0.517188
1.39874
1.95354
0.254703
2.69698
0.803478
1.89457
0.22752
1.14435
0.0691267
0.60908
0.53874
0.69767
1.65225
0.234065
0.137428
0.740758
0.107279
0.522944
1.79093
0.619222
0.191387
0.900978
0.837541
0.0942891
0.904705
0.161994
1.37467
1.76237
0.352847
0.890115
0.000827331
0.0978471
0.235066
0.593438
1.10773
0.711567
1.06757
1.49863
0.196703
0.473338
0.0985608
0.256557
0.368204
2.22574
0.702802
0.555356
0.791379
0.723284
1.69321
3.23118
0.177474
0.990667
0.0824629
0.940553
0.512931
0.157724
1.72755
1.27521
0.366276
0.0864845
3.8243
0.867836
0.0542313
0.328577
0.097156
0.647898
0.4867
0.547982
0.144292
1.49246
1.58369
0.349958
0.168614
1.43888
0.468363
1.75845
0.339163
0.344983
3.27473
1.93865
0.131523
0.357646
0.144786
1.62871
0.472199
0.206662
2.04387
0.651122
2.5125
1.16859
0.372162
0.0567426
1.42736
0.602871
2.5797
3.46174
0.427825
1.41046
0.905735
2.48698
1.1626
0.0228609
1.15094
0.617736
0.210747
1.1267
2.52856
1.6546
2.57118
1.05552
0.197418
0.332796
3.39813
0.610773
0.894644
1.18077
3.03816
0.0344061
0.303399
0.469675
0.807357
2.26154
2.6057
0.00875232
1.0879
5.21693
0.327547
0.662933
0.359815
0.922333
0.542529
0.0667478
2.88578
0.133185
2.02434
2.07641
1.74551
0.221993
3.77616
0.448255
0.0909414
1.18586
0.157744
1.41306
0.136915
0.344912
0.317825
1.7353
0.549823
0.232255
0.107128
0.209066
0.260387
0.38132
1.33392
0.540866
0.110076
0.581036
0.620109
1.06995
3.05301
2.01475
0.288634
0.138572
0.582105
0.398928
1.79414
0.0729745
0.043089
0.890536
0.0609054
1.51955
1.24935
0.768514
0.513538
0.500665
0.313249
0.321388
3.02999
1.09148
1.99954
0.0767732
3.85919
1.04353
1.19035
0.243157
0.29072
0.619003
0.00100191
1.67049
1.18305
0.691309
1.42832
0.611617
1.05441
0.577228
0.106066
0.271026
0.108701
0.187945
0.416557
0.029085
0.552907
0.47707
1.91702
0.373084
0.023802
2.30395
0.637949
1.42835
0.074301
0.278629
0.0409492
1.48768
2.01584
1.07931
2.04204
1.57022
2.52523
0.0185237
0.469703
1.39589
1.46657
0.49571
2.79331
0.458327
1.30726
1.39134
0.23384
0.0196295
0.364756
0.592205
0.522919
0.022432
1.80942
0.255347
0.0246554
1.42238
0.0772473
0.693781
0.328224
1.43042
2.09738
0.311686
0.137614
0.204041
2.8998
0.969538
0.287556
0.404099
1.00075
0.174197
0.606201
2.02559
0.295594
1.42793
0.283653
0.221651
0.025551
0.136907
2.24338
0.133276
1.39347
0.460765
0.328154
0.3578
1.71163
0.496494
0.070131
0.37202
0.797402
0.463073
0.274257
0.2529
0.0529138
1.36174
3.06793
0.480042
2.55204
0.245958
1.77069
1.9778
1.34042
0.156745
0.328809
0.830219
0.209835
0.307326
0.32743
0.207358
2.27962
0.35574
0.113216
0.68581
0.701474
0.186139
0.0141765
0.249002
0.550425
1.19278
0.690266
1.13796
1.73955
0.844766
2.84548
1.63546
1.89817
0.0989737
1.24284
0.921795
1.95139
1.35041
0.729917
0.345431
0.80275
2.45961
1.64068
0.482262
0.316421
0.640248
0.296495
1.30674
0.524206
0.767067
0.103081
0.332731
2.99948
2.26788
1.89565
1.08674
0.6538
3.02795
0.447991
2.93524
0.920434
0.640891
0.822442
0.159956
1.33196
1.50829
0.223782
1.2397
0.664998
2.16174
0.0536058
0.0775518
0.451114
0.0882477
0.702859
1.84043
0.837061
0.047772
0.382371
0.521645
1.21925
0.015687
0.502364
0.054327
2.07499
3.48771
2.08951
0.571326
0.452927
1.21016
0.871942
0.163346
0.443764
1.20128
2.26874
1.06132
0.72212
0.531823
0.795912
0.171087
0.0349992
0.0610932
0.536185
0.428943
2.93279
0.581494
0.635361
1.47155
1.21214
0.548682
0.371331
0.715447
2.38421
1.18962
0.332676
0.704498
0.0312504
0.27236
0.221552
0.188893
0.292579
0.639488
1.73279
0.467493
0.347392
0.790318
2.48645
1.43589
3.40662
0.487021
0.585327
0.587316
0.800274
0.214917
1.38906
0.899761
0.850573
2.71761
0.0217137
0.164316
0.823819
4.85714
0.0844705
0.0740763
0.683298
1.13724
1.52618
1.158
0.241568
0.77462
0.92703
1.3254
2.18946
0.717248
1.8127
0.400247
1.4909
2.55017
1.59081
1.27949
4.37244
4.01409
1.94491
0.0908369
1.28018
0.0443909
1.5173
1.49806
0.725571
0.188356
1.64059
0.606433
0.658448
1.54538
0.312092
0.473952
0.20449
0.0897706
0.137019
1.19006
1.80333
1.38564
1.30133
0.116416
1.7674
0.0371668
0.38138
0.606922
0.33781
1.49024
0.613432
2.03702
0.243261
6.66683
0.32842
0.0804495
0.220176
6.86554
1.27267
0.00627865
0.067468
0.535195
0.517419
0.647836
3.14805
1.06626
0.894193
0.00601077
0.38942
0.544549
1.36965
2.38707
4.43282
0.427925
1.26661
1.68549
0.249803
3.65801
0.294278
0.677208
2.09357
0.0262862
0.959701
0.517303
0.190858
2.00402
0.589393
1.8783
0.530939
0.4938
1.17964
1.14333
0.0346742
0.0715136
0.562528
1.13725
1.75114
2.99466
1.02812
0.424716
1.44398
0.580264
1.32181
1.13613
0.0273835
0.630185
0.517738
1.57168
0.0501446
0.234585
1.56558
0.867484
0.109456
0.00155519
0.379559
1.08075
2.28305
0.303876
0.819276
1.31056
2.36797
0.3454
1.04537
0.151454
1.46908
1.14783
0.15019
0.0263678
3.83549
1.21457
0.196055
0.979074
0.30285
0.753313
1.81698
0.822745
1.01164
0.605071
3.22396
1.68746
2.29889
0.393391
0.842732
1.846
0.661898
0.451662
3.53993
2.19613
0.0797785
0.274991
0.029297
2.60411
0.16416
1.80693
1.50724
1.68407
1.08997
0.575125
0.752257
0.387486
0.787949
0.376046
2.39868
0.563291
0.426083
0.824599
2.70185
0.0153786
0.51682
2.56038
0.0757657
0.484
0.249998
1.90348
0.894556
0.641061
0.580084
0.779177
2.42114
0.745041
1.14919
1.83978
1.17456
3.25969
2.03495
0.0108937
0.5643
2.07525
0.175004
0.155303
2.83366
0.0485967
0.917701
1.29049
1.57256
1.35968
1.269
0.320207
0.00076305
0.983901
2.21807
0.378089
0.933708
0.137458
0.0861406
0.00296332
0.838518
0.397444
1.37201
1.09039
0.542983
3.53857
0.117608
0.240588
0.778222
1.06542
1.93848
3.63003
0.752232
0.485159
0.31229
1.33109
0.186184
1.21482
0.441428
0.115717
1.72379
0.605482
0.133758
0.14371
0.934068
1.67226
0.234658
3.07462
1.47168
1.23408
0.567855
2.66623
1.48764
0.0084145
0.649028
4.77216
0.317187
2.0063
1.65493
0.269212
3.21283
0.867014
0.362054
1.92093
0.658234
2.99566
0.839235
0.306601
0.0627512
1.02526
1.98524
0.0489583
0.382698
0.502142
1.38164
1.23304
2.1307
0.0407779
0.0912692
0.921886
1.52345
0.241696
1.99113
0.615113
0.516349
0.601726
0.606949
1.87561
1.52732
1.98915
0.536772
1.0005
0.588547
0.0241566
0.97487
0.0625494
0.938508
2.0383
1.28631
0.495277
0.959271
0.521185
0.222688
0.238862
1.27979
1.97273
0.0969649
0.765229
5.25576
0.76973
0.592532
0.73089
0.0367091
0.0680781
1.99105
0.410146
0.542988
0.0204251
0.217109
0.0475709
0.41906
2.38574
0.499832
0.900178
1.81218
0.609676
1.44441
0.0954481
0.0478734
1.53801
0.677433
0.482603
0.918556
0.849275
0.198626
0.794214
2.15036
1.01778
0.450972
0.667942
0.150303
0.701024
0.643649
0.0135085
1.46477
0.532585
0.875959
3.61902
2.40064
0.0886889
0.439697
1.79312
0.612786
0.00915095
0.180564
2.26126
0.0492824
0.671497
0.0426178
1.79686
0.188757
1.77951
0.264015
0.935565
1.02109
0.0851739
0.78594
3.06798
1.92423
0.753213
0.441327
1.04485
0.00645757
1.76444
0.213602
0.706679
0.254808
0.0385674
0.0984972
1.17234
2.82226
0.124968
1.1507
0.368866
0.352758
0.726495
1.37535
0.733538
0.346144
0.413325
0.60629
0.477023
0.721594
0.337986
2.46158
0.745662
1.75731
0.0855208
1.07104
0.622823
0.193876
0.469533
1.85855
1.12905
1.44315
0.354194
0.757995
0.0876234
0.389635
1.40204
0.155299
0.619674
2.41059
0.323587
0.619136
0.447635
1.29616
2.26009
2.16057
1.46891
1.67682
1.56197
0.711896
0.389199
0.188444
1.29001
1.00265
0.204564
1.76458
0.307036
1.22697
2.6691
1.12744
0.876109
0.604732
1.13002
0.768062
0.373814
2.34424
0.804566
1.71844
0.365833
0.54913
0.173213
0.512776
0.683482
0.609263
0.106683
1.92002
0.00408677
1.15999
2.2343
0.116551
1.08123
0.780499
0.849082
1.30836
1.08674
0.946541
0.243552
0.658895
1.20863
0.510684
0.231115
1.40054
0.169287
0.0600449
0.840649
0.481566
0.098914
0.32289
9.49671
4.09697
1.48193
0.382543
0.349041
0.764771
0.0722623
0.453771
1.57234
0.070278
2.00708
1.42617
0.220759
1.10996
1.43103
0.777183
1.07133
1.1211
1.24915
1.26344
0.39366
2.36256
0.204316
0.175171
1.7311
0.190216
0.23316
1.07377
3.09675
1.48758
0.523883
1.33991
1.88283
1.3764
0.622507
0.194313
0.310742
1.73556
1.37447
1.43711
0.330904
0.873389
2.92633
1.86353
1.12491
0.218117
0.443841
0.629222
0.762029
0.368861
0.267092
0.628577
0.341537
0.101598
0.0656169
1.75645
0.192548
0.439961
7.69886
1.45889
0.677578
0.856424
1.45404
0.866565
0.52938
0.490714
0.387864
0.0662322
0.110533
0.749593
0.374758
0.797613
2.68705
0.642101
2.66087
2.99732
0.121979
0.402942
0.152056
0.0840797
2.18802
0.186608
0.653687
0.772684
0.595644
0.0386306
0.871102
1.89384
0.225566
0.185639
0.611429
0.353028
1.42446
0.732979
0.159598
1.96219
3.05606
1.14925
1.7365
0.024351
1.23587
0.700632
1.13389
2.29715
0.0547809
0.252981
5.01419
4.2913
1.29532
2.24739
1.13758
0.299382
2.97699
2.92358
0.287151
1.51922
1.21481
0.358077
1.25772
4.23175
0.839071
0.247717
0.225296
2.84984
0.985037
0.20937
0.23009
0.652207
0.277714
0.873333
0.479895
1.82234
0.920364
0.828047
0.635607
1.22017
1.80321
1.42374
0.870101
2.32221
0.297614
0.9193
0.493943
1.71324
1.56571
2.19928
0.0408684
1.29056
0.00469732
0.16137
0.721143
0.692111
0.423094
1.0235
0.0737229
0.0650627
0.13294
0.678827
4.16424
1.40508
0.943707
0.463453
0.272143
0.337861
0.178747
0.388906
0.125153
0.745762
1.50381
5.39609
1.14567
0.382055
0.952293
0.354325
5.85199
1.86675
0.152054
1.32055
1.18621
0.890032
0.43382
0.15146
2.6922
1.95887
0.215934
0.490922
0.160212
0.0762717
1.67914
1.03881
0.140237
0.671533
0.708927
0.409116
2.07713
2.36973
0.48507
0.814913
0.577561
0.0368276
0.97587
2.07962
0.925945
1.08072
3.85306
1.16872
0.688892
0.699106
1.15787
0.116329
0.807642
1.58188
0.335224
0.265231
0.191329
2.68678
0.0483688
0.0274402
0.334755
0.391251
1.05764
1.04415
0.933262
0.786398
0.818399
2.69588
2.35481
0.291045
0.108545
0.0596293
1.31113
3.58618
1.5503
2.40335
0.286279
1.61211
0.561469
0.828298
0.9751
0.458211
2.10762
0.625657
0.113094
3.49719
2.10399
0.487942
0.748572
1.15169
0.339593
0.0262783
0.135809
0.665496
0.461143
0.301364
2.32766
2.45991
0.129363
0.599309
0.652738
1.06933
1.39878
3.91114
0.439496
0.864649
0.347729
0.249684
2.20268
0.202082
0.0618865
0.742422
1.61035
0.280197
0.280903
0.642615
0.150532
0.624572
0.268649
1.09573
1.20616
0.471038
0.569602
0.788574
1.0278
0.576826
0.397317
0.66474
1.38504
0.351647
0.417668
0.199058
0.202604
0.669731
0.935757
1.20356
1.77654
0.813215
0.22317
0.0855664
0.585118
0.625495
0.90991
0.246458
0.962813
0.674878
0.211476
3.16459
0.490453
0.442165
0.66324
1.87684
1.09493
0.30122
0.385064
1.31244
0.153482
1.05059
2.28848
0.791476
0.406596
0.178525
1.2399
0.0808456
0.578302
2.43433
0.738638
0.183351
0.534781
0.713155
0.765392
3.16372
0.284356
1.04896
0.739708
0.0667201
1.5522
1.82575
0.367138
0.35502
1.15407
3.37921
0.315443
0.729594
4.57315
1.51274
1.49002
0.697334
1.66195
0.0695578
0.396686
0.453661
0.00845554
0.411132
0.130507
2.66825
0.519603
0.164236
0.197568
1.4275
0.215461
2.2422
1.29765
0.0473261
0.411495
1.27625
1.16868
0.654835
0.935529
1.26465
0.197738
0.442766
0.952027
1.94313
1.38293
1.14949
1.13258
0.306191
1.65487
1.86789
1.29219
0.683497
0.110879
0.76951
0.70387
0.0610702
0.560112
0.026299
0.473643
0.279542
1.78748
1.00915
1.12418
0.61821
0.769528
0.385242
0.246106
1.50552
0.582957
0.948845
2.55848
0.0780853
1.17427
2.19533
1.07533
0.438465
0.0865117
2.0205
0.70967
0.134234
0.345824
0.927982
0.491862
0.664829
1.80297
1.69156
1.05059
0.831593
0.688211
0.377596
1.1654
0.362355
0.801594
0.881375
2.03078
0.235671
0.67197
0.0678311
0.153723
1.11168
0.269154
0.832739
0.894071
1.20634
1.78355
0.608122
1.91068
0.807807
0.568764
1.26795
2.04851
0.820884
0.147597
1.47389
1.37735
1.27426
0.929115
0.0923881
0.854159
0.166115
1.45978
0.0805166
0.115155
0.331151
3.32893
0.495812
2.11186
1.77758
1.63221
2.62233
2.1637
0.1444
1.41632
0.135311
0.58966
0.048726
0.00524534
1.88626
2.61967
1.74888
0.612465
0.118584
0.112485
1.34733
3.88182
0.32194
1.28543
2.26347
1.92108
1.91724
0.557414
1.43338
0.367193
0.0964912
1.37784
0.252818
0.6995
1.11485
4.71188
1.06242
1.76941
0.59021
0.0185621
0.550256
0.777715
0.000163027
1.41089
0.808982
1.78948
6.47728
3.46237
1.77319
0.356418
1.3972
0.418111
0.723792
0.446611
0.326371
0.266427
0.115421
1.34909
0.22259
0.892337
0.0372689
0.461204
0.35396
0.603226
0.0298833
0.160562
0.281116
0.300001
0.102643
3.52024
0.105097
1.16406
0.591584
0.0922526
0.758476
0.214771
0.633604
0.622369
0.50307
0.825642
0.0243261
0.0898251
0.329767
1.77265
0.934725
0.524399
3.28932
1.27465
1.34819
0.0163569
0.338024
0.492442
2.37211
0.596253
3.31801
1.23923
1.25928
1.11329
3.65889
0.903358
0.946818
0.131625
1.88001
2.18136
0.516241
0.673605
2.77477
0.343738
0.185294
0.47358
0.00220563
0.588112
1.11561
2.51764
2.0685
1.55162
0.37018
0.0203435
1.72819
0.190283
1.833
0.494667
0.387818
0.364982
1.06248
1.83085
0.43299
0.0469811
0.191671
0.47902
0.134254
0.436935
0.140306
0.933067
0.182824
0.266586
2.47874
0.783095
0.0351021
0.52577
4.16909
1.18691
1.1153
1.06611
0.441575
0.468157
0.429468
1.32206
1.1447
0.784826
0.607106
1.06816
0.0126624
0.511867
0.0371767
1.18416
0.67041
1.17063
2.15286
2.58887
0.561787
0.45201
0.24927
0.554504
0.0162195
0.897376
0.912232
0.281444
1.09987
0.46011
0.628405
0.218651
0.73582
4.03235
0.0663859
0.2068
4.35106
0.669115
1.47118
0.390138
0.286934
3.18218
1.91463
0.405217
1.6139
1.52863
1.10795
4.55095
0.958377
0.820484
1.66168
0.165977
0.514525
0.265295
0.493435
1.71076
0.704251
0.038467
1.52843
0.119248
0.758296
0.764024
0.570578
0.808409
0.655538
0.816968
0.0610245
0.142269
0.368784
0.299297
0.794538
1.17439
0.223301
0.814861
0.213304
4.81925
0.847728
0.416112
0.584283
0.551654
1.69672
0.650707
0.465176
1.49636
0.181133
0.461306
0.254593
1.39795
1.08024
0.124432
0.00647708
3.75991
0.240093
1.10838
2.59442
0.10417
4.30763
0.357623
1.12653
0.416615
2.44419
1.01244
0.0464026
0.337259
0.0840979
0.137532
0.135725
0.0736792
2.29966
0.372203
0.771695
0.272292
0.714787
0.691634
0.633362
0.656224
1.23146
1.09851
0.14502
0.275702
1.67586
0.166015
0.271518
1.22065
0.478
0.890358
0.575916
0.131886
0.514023
3.06544
0.667148
0.826532
1.38628
0.0195761
1.13783
0.23666
5.23601
1.01419
0.862206
0.20387
0.603734
0.271674
0.865307
0.502408
0.408533
1.41889
1.74999
0.686302
0.212204
1.48926
0.220691
0.201134
0.718159
0.0498826
1.11414
0.179915
0.351375
2.39405
0.241015
0.064704
1.06411
2.6979
0.765207
0.108698
0.143194
0.281887
0.748734
0.0586698
0.356414
0.523376
0.0239268
0.159037
0.475006
0.414759
0.938546
1.56384
0.242506
0.0288639
1.07261
4.83616
1.2376
1.85825
0.722948
2.9476
3.64321
0.247147
1.46775
7.52042
3.22516
0.179979
3.40902
0.605283
0.0618544
1.00507
1.37908
3.57689
0.292865
0.0939939
0.556094
0.282672
1.63456
1.62443
0.34652
0.693322
0.20202
0.472769
0.836468
3.50845
2.73574
1.51104
1.8046
3.89414
0.80416
1.4761
0.0641613
0.631081
0.0248417
0.0225636
1.60648
2.34913
1.33674
0.570741
0.114062
0.514379
1.02121
0.2726
1.94933
0.763432
0.207505
0.294995
0.872981
2.0118
0.630215
0.526867
1.92464
0.769091
0.131932
0.0234757
0.312935
0.412393
0.237729
1.31308
0.804524
1.25073
3.22534
2.84604
0.0487629
1.72893
0.801528
1.17834
2.10433
0.514236
0.683445
0.60943
0.646636
0.777429
2.96177
0.0204021
1.66904
1.07361
0.519712
2.04403
1.10173
0.00926001
0.893294
1.26029
0.934749
1.75198
0.0924166
1.325
2.16136
2.05896
0.309079
2.43215
0.676964
0.895297
0.489427
0.642315
1.43397
0.394533
0.594406
1.46537
0.71669
0.123724
0.272419
0.280793
0.838741
0.682725
0.497761
0.164297
1.17931
0.462008
1.53292
0.654436
0.560275
0.940616
0.735485
0.353759
0.192349
0.278015
4.01732
0.123025
2.50497
0.412119
2.26361
0.243698
0.672624
0.806441
0.300113
3.30847
2.68639
0.124453
0.0648522
0.0319543
1.01212
0.797817
0.279546
0.240718
0.304898
1.87143
0.0550527
0.0110702
0.142642
0.000209035
0.122277
0.781435
1.55316
1.52382
1.8591
0.683619
1.18044
0.66459
0.945509
1.57917
1.15149
5.90232
0.0502713
0.613296
1.21513
4.13195
0.268773
1.30181
0.858917
0.282115
0.15649
2.63613
0.175181
0.441956
1.18574
1.58138
0.0565264
0.899764
0.012572
4.55692
0.26316
1.8093
0.121379
0.544864
0.594695
1.07739
0.0890779
0.910483
0.106615
0.11517
0.0726142
1.53022
0.336912
1.74984
2.23645
2.68629
0.323968
0.11746
3.41121
0.800241
0.441984
0.304027
0.345984
0.713911
0.00434013
0.130912
1.68612
0.804455
1.51218
0.123611
0.184715
1.59359
3.45495
0.317578
2.68988
2.10099
5.09886
1.31139
2.33143
0.744074
2.73973
0.046064
0.97286
0.443112
0.103232
0.254407
0.494699
0.624754
0.705565
2.3722
0.439636
2.59025
0.569271
0.361344
2.30051
1.97375
1.02489
1.00444
0.703816
1.66614
1.84685
1.01748
0.830107
0.312453
0.130851
0.614197
0.178048
0.0761881
0.688134
1.13275
1.5519
0.00787838
0.961694
0.99639
0.0919195
0.540912
1.34787
0.261799
0.458707
3.73616
0.706374
0.671366
0.379722
1.59819
1.70093
1.14456
0.926859
0.0300455
0.150061
1.07071
0.649258
1.45158
2.94631
0.210996
0.22927
1.11429
1.16092
0.607651
0.439713
0.0555969
0.971593
1.25807
0.303349
0.31637
0.284564
0.14172
1.30449
0.446323
0.816796
0.263618
0.0963135
0.763785
0.473877
0.0203537
0.033616
1.68338
0.251939
3.61219
0.266086
0.618728
1.21227
0.241696
2.19504
0.113135
0.395853