0.870037
0.659393
0.807308
1.34942
0.662763
0.755845
1.15179
0.973064
1.44819
1.2575
1.48275
0.958022
1.82088
0.974842
1.96509
0.879565
0.760783
0.697559
1.93586
1.47635
0.814146
1.32622
1.43585
1.04867
1.01626
1.04359
1.00949
1.41723
1.00821
0.875943
0.623703
0.895108
1.18414
1.10197
0.579053
1.09649
0.382519
0.817606
1.28595
1.0734
0.843195
1.30295
0.874635
0.712608
1.13885
0.73731
0.930083
1.4515
1.13927
0.712849
1.26815
0.666621
1.05757
1.20743
1.2485
0.991488
0.959637
0.893299
0.816373
0.944471
1.60361
0.655511
1.37107
0.561142
1.29285
1.25308
0.393318
1.29505
0.559234
0.652503
1.09874
0.784824
0.614211
0.871253
1.03639
1.27777
0.549581
0.591888
0.744581
1.04974
0.823823
1.20563
0.751714
1.13168
1.4328
0.874883
1.90542
0.960492
0.998486
1.58552
0.636736
1.55677
1.20952
1.06094
1.39035
0.896884
1.13181
0.964064
1.15598
0.72472
1.00884
0.941448
1.26738
0.913866
0.697207
0.973448
0.730838
1.11895
1.20226
0.522758
1.2353
1.24672
1.22879
0.786113
1.559
0.989663
1.3547
0.923389
0.894521
0.682728
1.06613
0.888682
1.01494
1.13674
0.749826
1.29502
1.43823
1.85356
0.552796
0.709974
1.56278
0.660119
0.358532
0.653287
0.742444
0.736671
0.698053
1.1751
1.55255
1.01349
0.70593
1.20127
0.801114
0.767562
1.21737
0.604998
1.34978
0.973183
0.893826
1.36454
1.35062
0.630991
0.704329
0.848147
0.726494
0.431229
0.706678
1.2865
0.767059
1.22319
1.01287
1.62184
1.37208
0.478369
0.978053
0.974646
0.781837
1.40851
1.06165
0.801638
1.42234
0.649995
1.01898
1.08682
0.635174
1.25889
0.678685
0.738757
0.54561
0.837055
0.754334
1.16006
0.876911
0.56372
1.12502
0.993043
1.19368
0.855196
0.848148
1.19605
0.767126
1.12149
0.891958
0.938496
1.04069
0.8004
0.65648
0.723951
1.06363
0.468557
0.629729
0.537947
0.996885
1.97144
0.94783
0.789143
1.19908
0.502605
1.11569
0.650259
1.16962
0.759974
0.919313
1.08266
0.947859
0.769811
0.916871
1.14465
0.978286
1.53733
1.47693
0.89574
0.911238
1.36085
1.18742
0.566705
0.95459
1.05471
0.965853
1.25904
0.64526
1.33632
0.693323
1.07466
1.29535
0.780758
1.41348
1.4489
0.885963
0.758549
1.39492
0.577369
0.968051
0.583533
1.11315
0.692894
1.08768
0.423383
0.955594
0.610074
1.04507
1.01585
0.696558
1.14381
0.9884
1.40284
0.889874
0.981701
0.880765
1.05948
0.692733
1.44462
0.919389
0.498911
1.11745
1.3204
0.746186
0.93999
1.05309
0.823306
0.875875
0.955929
1.14856
0.726153
1.0027
0.988409
0.890152
1.34131
1.21129
1.30592
1.72596
0.759276
0.614885
1.58167
0.719867
0.554075
0.91204
1.12828
1.27933
1.15743
1.32893
0.827968
1.16093
0.849283
0.641337
0.612151
1.10161
0.717392
0.534315
1.2994
0.909685
0.796846
0.735789
0.289059
0.711986
0.680325
1.56197
0.941152
1.1799
1.08189
1.18623
1.57139
0.603339
0.64248
0.938217
0.913138
1.34031
0.98544
0.774548
1.25902
0.86278
0.917491
1.60003
1.50896
1.24739
0.597502
1.2567
0.67997
1.64465
1.94416
0.920014
0.884852
1.19265
1.25319
0.689516
0.88811
0.590863
0.898827
1.25529
0.699307
1.5687
1.21649
1.43206
1.15997
1.31267
1.31971
0.91226
0.993481
1.16109
0.619409
0.454827
1.06098
1.01377
0.873499
0.474765
1.29252
0.679689
1.131
1.46093
0.695814
0.677858
1.3946
0.55164
0.828932
1.33495
0.953637
0.84059
0.622965
1.3381
0.921329
0.857912
1.04744
0.623452
1.11045
1.1108
1.03026
0.957633
0.824223
0.780775
0.795934
1.48189
1.04316
0.904859
0.79808
1.21248
0.816684
1.50113
1.49803
0.857697
1.4011
0.609414
1.28411
0.739453
0.994587
1.53098
1.03309
1.10243
0.968008
1.11866
1.85389
0.957941
1.02402
0.534875
1.0585
0.592229
0.693557
0.427724
0.995935
1.18411
0.759211
1.52241
0.878577
1.04491
1.62395
0.973403
0.836173
1.17557
0.577202
0.970816
1.48243
0.724015
1.32568
1.41244
1.34603
0.533306
1.87292
1.23201
1.83057
1.75092
1.39752
0.824587
0.918482
1.20491
0.64352
1.12584
1.07002
1.34397
0.719675
1.05324
1.30373
1.19848
0.489689
1.21459
0.877623
0.959289
1.01365
0.701174
0.828521
1.54514
0.945205
0.950343
1.14287
1.15893
0.94999
0.953772
0.869334
1.58191
0.483292
0.811475
0.98889
1.03524
0.911318
1.40911
1.10795
0.733278
0.410169
1.19938
0.964709
0.91001
0.308238
0.738435
0.930913
0.679018
1.53579
0.953573
1.15972
0.788249
1.44414
1.18275
1.38218
0.579587
0.769796
0.627266
0.793237
0.641631
0.876697
1.44506
1.08239
0.878817
1.35779
0.718027
1.31647
1.01501
0.703224
0.930174
1.34051
1.25586
1.0222
1.09112
1.45805
0.848766
0.497749
0.851746
0.733296
0.79051
0.960584
0.502932
0.706775
1.08365
0.628954
1.48231
0.609395
0.823691
0.841867
1.13828
1.27444
1.03784
0.528752
1.06195
1.08086
0.576303
1.97466
0.890427
0.65242
0.991857
0.665232
0.770613
0.728953
1.04821
1.17322
0.948333
0.849561
1.07675
1.51127
0.564679
1.03106
0.753229
0.901978
0.665393
0.819291
1.05074
0.959058
1.0203
0.775867
0.942373
0.926361
0.928806
1.77493
0.791982
0.523076
1.25685
0.613733
0.811162
0.516405
0.77146
0.955415
1.17759
0.880128
1.14684
1.13167
0.422028
1.31314
1.03406
0.872908
1.5725
1.00297
1.06192
1.45593
1.81927
0.520296
0.67807
1.19678
1.07507
0.861825
0.49402
1.25535
1.31959
0.851258
0.679811
0.939293
0.666885
1.41364
0.895693
1.76324
1.43391
1.2873
0.846332
0.823016
0.870436
0.61613
1.45342
0.792753
0.919759
0.93454
0.888424
1.86773
0.804261
0.984051
0.82519
0.968394
1.17523
0.503328
0.704673
1.47511
0.544139
1.07564
0.966126
1.68361
0.857432
1.3544
1.18928
1.18964
1.31388
0.847543
0.698643
0.572648
0.644641
0.853631
0.769232
1.27384
1.22801
1.31586
1.84375
1.54428
1.25237
0.856655
0.641034
0.744517
0.696233
0.879077
1.05008
1.74375
1.0038
0.345808
0.613475
1.35561
1.52964
1.48324
0.940578
1.28625
1.16898
1.08555
0.549205
0.292747
0.703161
0.534478
0.881858
0.902591
0.689084
1.4419
0.615978
1.57262
0.664955
1.36367
0.818168
0.769234
1.29885
0.504587
0.380705
0.735797
0.922254
0.815762
0.665244
0.713688
0.87263
1.002
1.21623
0.767528
1.80198
1.24311
0.922502
0.711959
1.43829
0.873814
0.701242
0.840231
1.27744
1.27861
0.774852
0.729382
0.786366
0.88271
0.875192
1.19058
1.54649
1.08722
1.17344
0.980109
0.973038
1.54489
0.718189
1.10948
1.23856
1.05126
0.484981
1.10963
1.12719
1.06886
0.905107
0.770304
0.597347
0.883452
0.543419
0.721727
1.63
0.494401
1.64158
0.733864
1.00154
1.04282
0.874968
1.40013
0.452667
1.17036
0.886127
0.918139
0.870487
0.817983
0.632766
0.689363
1.38362
1.29945
0.921164
0.79224
1.42153
0.758891
0.96093
1.27977
0.836178
1.46978
1.09125
0.803817
1.32917
0.855573
0.946007
0.869394
1.10383
1.30768
1.00305
0.984807
1.09459
1.38813
0.945494
1.13924
1.04023
1.10154
0.820764
0.73497
1.2245
1.15779
0.895103
0.773072
1.02194
0.890492
1.05566
0.87433
1.08782
0.809308
1.22046
0.846993
0.976441
0.539878
1.19734
1.07969
0.983966
1.03522
0.994328
1.49987
0.609158
1.157
1.47959
1.19749
1.11276
1.08008
0.592414
1.07448
1.40996
1.36177
1.2033
1.13815
1.04387
1.15555
0.857613
0.507992
0.766086
1.31087
1.07562
0.798504
1.47097
0.979074
0.911602
1.38233
0.985561
0.611664
1.16179
1.06129
0.725764
1.61417
1.82235
1.63729
1.10929
0.686434
1.16456
0.807601
1.69674
1.13998
0.628673
1.67602
0.793226
0.912833
1.33251
1.568
0.501986
0.913461
1.40884
0.964718
1.06762
1.21101
1.97728
0.650584
1.56359
0.732196
1.09055
1.37113
2.08201
1.3652
0.510933
1.19128
1.24295
0.59901
1.08327
0.990786
0.844253
0.953855
1.73308
1.20729
1.21217
1.06046
1.61178
1.36029
1.3731
0.677701
1.07338
0.5688
0.790295
0.636622
1.27924
0.885897
1.29258
0.767618
0.84427
1.17718
0.972051
0.983283
0.723227
0.832302
0.860538
0.967229
1.09217
0.987996
0.787042
1.01464
1.34633
0.752544
0.848571
1.37026
1.07421
0.826879
1.08998
1.33673
1.10336
0.804579
1.19884
0.749332
1.26373
1.30883
0.810576
1.69009
0.368141
0.630881
1.45841
0.911802
1.34545
1.20905
1.01627
0.94854
0.818835
1.41271
1.1954
0.834036
0.871245
0.661193
0.753854
1.35174
1.34019
0.773103
1.11107
0.9894
0.736962
0.944822
0.88544
0.988776
0.87009
1.16544
1.36733
1.46499
0.710546
0.505888
1.35066
0.585709
0.860005
0.590757
0.444104
1.25308
0.63851
0.96256
0.73452
0.510595
1.33433
0.720849
1.2361
1.16203
0.810292
0.384729
1.05043
0.936092
0.951783
0.750235
1.51331
0.951941
0.907703
0.878756
0.888476
0.822004
1.6349
0.829453
0.795833
1.14537
1.14185
1.58147
1.4774
1.27557
0.737165
0.843148
1.14762
0.803195
1.60566
1.25148
1.10038
1.29399
1.04604
1.11904
0.536386
1.0134
0.725872
1.03854
0.490323
0.937289
1.55594
0.416824
1.01839
0.701158
0.474302
0.917764
0.796743
1.00806
1.04722
0.921495
1.12472
1.64662
0.812511
0.797622
0.74369
0.696752
0.948757
0.610509
1.34899
0.777946
1.15528
1.66786
1.24214
0.773837
1.38336
0.703045
0.494661
0.703214
0.843427
1.30478
1.83106
1.03159
1.18517
0.820169
0.724661
0.471758
1.03843
1.34644
0.721688
1.24204
0.565231
1.06364
0.946268
1.00213
1.56159
1.47277
1.45417
1.33708
0.992873
0.60978
1.15038
1.27998
1.08925
0.918095
0.382884
1.02672
0.927993
1.4153
1.01039
0.629319
0.798553
0.995089
1.00911
1.01349
1.09493
1.10595
1.39086
0.825735
0.431406
0.641813
0.756167
0.779452
1.1302
0.772094
0.668625
1.14667
0.763832
1.60305
1.28203
1.33143
1.6073
1.19831
0.69113
1.08863
1.04653
1.01299
1.51024
1.31794
1.45211
1.1541
0.700594
1.28638
0.675872
1.27058
0.420399
0.692301
1.64833
1.35894
1.06406
0.600971
0.837334
1.18624
1.11426
0.988708
0.822322
0.986563
1.28085
1.29485
0.900584
0.6556
0.944394
1.50945
1.29993
1.81755
0.84038
0.917159
0.921486
1.01081
0.773412
0.987732
1.03377
1.28691
0.446788
0.98658
1.10131
1.25267
1.14612
0.740261
0.738265
0.676151
1.0593
1.70032
0.90482
1.16957
1.64509
0.674778
0.627576
0.426378
0.752224
0.751184
0.868111
1.20068
0.645592
1.16198
0.5658
1.28945
1.36415
0.912597
1.19711
1.35764
1.84149
1.54896
1.28817
0.467371
0.70185
1.07686
0.665854
0.832639
0.668611
1.21906
0.630885
1.20716
1.01461
0.676993
1.96137
0.734274
0.733506
1.28329
1.40931
1.27614
2.11539
0.751219
1.04443
0.660778
1.18018
1.28625
1.06912
0.84474
0.885164
1.26701
1.31666
0.984945
1.19213
1.39126
1.15863
1.09371
0.736677
1.37118
0.908819
0.622748
1.03413
1.1985
1.05919
0.677056
0.788204
0.613831
0.877196
1.06867
0.986986
1.09711
1.02496
1.1907
1.0867
0.50711
1.12473
0.704299
0.818453
1.01724
0.830219
0.900293
0.990789
0.657496
1.01908
0.734441
0.659365
1.5848
1.12235
0.862737
0.932594
0.748052
0.840894
0.790499
0.844457
0.669321
0.940984
0.719374
0.875753
1.26972
0.987302
1.13964
1.61663
1.27699
1.0394
1.52011
1.01222
0.845746
0.622754
1.56901
0.974954
0.981662
1.15789
1.37644
0.828618
0.85408
0.804086
1.39575
0.865915
1.15752
0.838111
0.58057
1.33108
1.95202
1.08943
0.997923
0.614323
1.30167
1.1972
0.704366
0.917579
0.92989
0.75986
1.39426
1.38201
1.28953
0.960781
0.866972
0.796176
0.633764
1.93873
1.27399
0.795505
0.723875
1.35785
0.896869
0.408721
1.49542
0.9274
0.516076
0.540143
1.04116
0.956054
2.04332
0.617195
0.663604
1.04218
0.939061
0.849943
1.06965
1.20773
1.21486
0.960618
1.17919
0.666338
0.58557
0.840699
0.974492
0.76011
0.759781
1.43489
0.907401
0.604723
1.1367
1.45488
1.14361
0.97592
1.01492
0.627528
1.3597
0.921172
0.673004
0.880111
1.046
0.720105
0.59067
0.950358
1.22495
0.795054
1.0664
1.00981
1.27824
1.04361
1.30611
0.463082
0.787181
1.34479
0.573626
0.734732
0.831105
1.37645
0.483745
1.0182
0.623331
1.49167
0.791832
1.09906
0.630441
1.14102
1.06343
1.11503
1.17623
0.841637
0.949777
0.497569
0.72856
1.10133
0.744365
1.21077
1.71418
0.819498
1.10594
0.957971
0.418021
1.46165
1.31339
1.04923
0.528032
1.0462
1.33682
1.66025
0.814099
1.04104
1.63844
1.04682
1.37623
0.750689
1.41016
0.584677
0.923247
0.980035
0.704625
1.16599
0.795446
0.927491
0.512081
0.740353
0.524511
0.777601
1.2552
1.36233
0.769509
1.05168
1.19653
0.760657
0.825216
0.640336
1.60787
1.20341
0.900325
0.50924
1.60963
0.913002
1.17431
1.55581
0.584722
0.991732
1.22545
1.11777
1.59059
0.715909
1.19994
1.47278
1.64951
0.458556
0.679812
1.01247
1.05677
0.540409
0.603112
1.25616
1.18069
1.28168
1.15397
0.939533
1.06188
0.535213
0.987435
0.84052
1.26516
0.782829
1.02369
0.928251
0.849163
1.10595
0.882866
0.866034
0.79374
1.48236
0.819053
0.606214
0.693976
1.03683
0.803257
0.563003
1.25233
1.67413
1.46032
1.15666
0.744943
0.7402
1.91331
0.616081
0.858732
0.865742
0.956506
1.83087
0.64481
1.41041
1.01745
0.697564
0.499445
0.600437
0.677081
1.0752
1.06183
1.20355
1.32161
1.27023
1.03858
1.04773
0.681583
1.02549
0.397145
0.552438
1.3213
1.43381
0.666277
0.58195
0.831007
1.28387
0.63486
1.1495
0.617484
1.25486
1.45717
0.839251
0.898714
0.770428
1.63285
0.951399
0.418438
1.06827
0.922463
0.953137
1.56061
1.39902
0.845596
0.725906
0.981011
1.21577
1.42851
0.664652
0.699758
0.436311
0.780617
0.845457
0.859824
1.1649
1.08108
1.0523
1.13117
0.470979
1.21905
1.00504
0.975127
0.691347
1.05684
1.02977
1.00517
0.960335
0.940552
1.15178
1.14599
0.912389
0.740487
0.552766
1.53298
1.01798
0.680565
0.775555
1.28752
0.84582
0.843522
0.831317
0.84096
1.45492
0.597564
1.12617
1.11648
0.775411
1.10965
0.668418
0.92713
1.20152
0.802069
1.26972
1.09343
0.960087
1.4212
1.1961
1.02898
0.475392
0.766806
1.75664
1.01041
0.917378
0.71741
1.10377
1.77749
0.854401
1.09659
0.987624
0.646456
0.801487
1.40164
1.00883
1.85185
0.790261
0.893651
0.732016
0.815271
0.970803
0.771002
0.777939
0.872992
0.80926
1.02017
0.836061
0.78088
1.43182
0.586227
0.994359
1.39403
1.434
1.38951
1.03605
0.841836
0.78273
1.23011
1.07486
0.852118
0.622662
0.935161
1.28878
1.25467
0.965066
1.05981
1.09379
1.45146
0.647565
0.770547
1.28896
1.44156
1.3295
0.945968
1.1256
0.902543
0.600649
0.533905
0.558135
0.942929
0.93549
0.724057
1.2252
0.949137
1.25438
1.30412
0.951103
1.3325
0.624709
1.22255
0.537645
1.35988
1.45007
0.952515
1.0715
1.39681
1.16762
0.964013
0.918494
1.59513
1.12858
0.91935
1.08569
1.08657
0.661195
0.708291
1.35887
0.973048
0.433565
0.859762
0.628405
0.533711
1.10263
0.869194
0.721742
0.976539
0.798866
1.22049
0.839156
1.45847
1.02852
1.37003
1.03993
0.675891
1.05584
0.349031
1.3503
0.578681
0.977845
1.41588
0.679017
0.657094
1.1654
0.668588
1.34836
0.816747
1.34333
1.62062
1.53728
0.677629
1.18701
1.65824
0.631185
0.830235
0.654557
1.10825
1.29326
0.741365
0.890314
1.23018
0.795521
0.935928
1.55436
1.2292
0.79198
0.565132
1.29356
1.07873
1.11463
0.987892
1.14352
0.814287
0.80788
0.968533
1.30964
0.672029
0.71989
1.1045
0.506579
1.65158
0.986653
1.02261
1.53699
0.894394
0.623554
1.43623
1.22296
1.15023
1.6763
0.859694
0.693983
0.788591
0.8335
1.03757
0.943839
0.909229
1.17286
1.24522
0.543942
0.702655
1.04924
0.78578
1.40506
0.925923
0.520205
1.034
0.89842
1.00293
0.72381
1.20749
0.806048
0.917147
0.929072
0.87233
0.791296
1.18206
0.942797
0.787835
0.775063
1.0695
0.90936
0.599587
0.943849
0.809243
1.00927
1.79988
1.26311
0.998436
0.926811
0.880095
0.699587
1.17381
1.19589
1.16437
1.17655
0.714107
0.50469
0.652845
1.38819
0.520975
1.31325
0.659766
1.85226
0.903474
0.498042
1.00755
1.11241
0.853847
1.00255
1.07199
1.30541
0.856567
0.875003
0.475353
0.768771
0.735739
1.46484
1.04192
0.730534
1.32691
0.761068
0.782282
0.857911
0.719911
1.2379
1.08922
1.09521
1.30547
0.914728
1.43894
0.846858
0.841403
1.91729
0.889678
0.687245
1.14175
1.67117
0.916778
1.07517
1.74172
1.01243
1.02125
0.746257
1.32113
0.705044
1.15632
1.12428
0.543756
1.19073
1.42601
1.32013
1.27014
1.09769
1.00559
1.10031
0.619696
1.19221
1.21058
0.800895
1.20212
0.832375
1.16089
0.583013
1.25476
1.68647
1.04303
1.40408
1.16041
1.12416
1.15761
0.794238
0.5478
1.2843
0.565972
0.568476
0.418027
0.983953
1.34721
1.10516
0.845249
0.870168
0.797922
1.40599
1.27892
1.229
0.826203
0.614686
1.29866
0.75136
0.993974
0.977718
0.592122
0.766922
0.820621
1.18243
1.51814
0.647408
0.888435
1.02689
1.45923
1.52077
0.955004
1.00333
0.894257
1.03227
0.741117
1.20815
0.591938
0.697678
0.808533
0.840965
1.33259
1.39307
1.04857
1.38753
1.26922
1.03522
0.888715
0.940719
0.888209
0.995419
0.835677
1.04775
1.25197
0.733788
0.916964
0.625221
1.48453
1.24185
1.16073
1.23419
0.651051
1.22164
0.830175
2.20506
1.10368
1.3118
1.36259
1.65137
0.583423
0.646121
1.22685
0.812503
0.790505
1.09208
0.969463
0.671062
1.06463
1.38944
1.07243
0.718509
0.951172
1.98206
2.34006
1.04867
1.34323
0.773488
0.885986
1.05591
0.934889
1.21214
0.77998
0.8825
1.13872
1.30564
1.03292
0.824958
1.30502
2.03199
1.25108
0.955584
1.35464
0.495068
0.606522
1.41722
1.30663
1.01906
1.48472
0.569439
1.73654
0.754614
1.00271
0.71283
1.29681
1.35986
0.753613
1.47429
0.985878
1.33051
0.497182
1.03753
0.997093
1.35503
0.871182
0.677203
1.67589
0.676279
1.20897
1.05454
0.529335
1.83094
0.568195
1.03415
0.631666
0.955793
1.14915
1.11392
0.647819
1.28651
1.21974
0.713558
0.901059
0.81676
0.840223
0.504356
0.860231
0.942418
1.47352
1.2794
1.25556
0.697065
0.692588
0.689884
1.72603
0.966762
1.24899
1.28317
0.74815
0.949218
1.20712
1.41857
1.27021
0.918279
1.4219
0.778358
0.688045
0.860465
1.48269
0.840932
0.733669
1.64201
0.535774
0.854827
0.804516
1.09811
1.04951
0.734584
0.61953
0.764658
1.42592
1.454
1.86955
0.55556
0.915272
0.731798
0.921699
0.714867
0.760716
0.852025
1.16357
1.25313
0.626704
0.583736
0.627407
0.876169
1.28402
0.919856
1.328
0.686728
0.470244
1.24959
0.861973
0.997271
1.24006
0.971974
0.69248
1.43105
0.92212
0.543419
0.760961
0.607309
1.36829
0.934532
0.700795
0.925017
0.893718
1.11897
1.55139
1.31194
1.05239
1.36467
0.660404
1.14157
1.08416
1.2336
0.798035
0.804691
0.814862
1.13425
0.89218
1.00589
1.43525
0.81184
0.961985
0.86082
1.25495
1.6998
0.925484
1.28603
1.83775
0.859129
0.979644
0.461143
1.01379
0.689453
1.63874
0.796773
0.66461
0.751961
1.36813
0.899104
0.610565
1.00516
0.733951
0.760853
0.372997
1.09242
0.878214
1.01027
1.12479
1.20261
0.567929
0.888341
1.01342
0.86984
0.788497
0.941506
1.06554
0.945645
1.49716
0.976482
0.731011
1.00221
1.07438
0.692251
0.958386
1.08572
1.8413
0.822644
1.5767
0.956806
0.789844
1.03732
1.41848
0.488437
0.794682
1.22357
1.22536
0.963076
0.959924
1.10792
0.95399
0.893542
1.15694
0.982237
0.971666
1.4344
0.920673
0.992385
1.79779
0.569995
1.12349
0.907164
1.09328
0.900138
0.708481
0.787146
0.922173
0.876293
1.1902
1.05308
1.04887
1.22596
0.798811
1.2408
0.950691
1.10576
0.933126
1.18631
0.538212
1.20165
0.650974
1.13712
1.39743
0.569247
1.1239
0.99251
0.537071
1.01094
1.10577
0.740178
1.10017
0.914278
1.23315
0.792585
0.483471
1.49626
0.993139
0.599328
1.23459
0.549066
0.615714
1.07887
1.11127
0.891623
0.846256
0.891502
1.00418
0.494078
1.0189
0.818337
1.31136
1.14429
0.925584
0.695644
0.959298
0.996058
1.0708
1.19054
1.10968
0.842625
0.956853
0.738154
1.18605
1.42654
0.629047
0.628959
0.655617
1.0276
0.581498
0.511855
1.24937
1.53945
1.02905
1.54944
1.18978
0.961273
1.29235
0.829059
1.31183
0.76579
1.07225
0.931551
0.794921
0.926984
1.09758
1.00592
1.13655
0.884068
0.84283
0.87097
1.65667
1.06759
0.753828
1.37664
0.543541
1.05119
1.23166
0.569921
1.2556
0.444791
1.00976
0.971261
1.75107
1.08294
0.587104
0.818449
1.34396
0.461822
0.556881
1.10095
1.13977
0.770869
1.43371
1.35241
0.601528
1.56864
1.16496
0.828277
0.753131
0.705768
1.59934
0.875405
1.69144
1.97393
1.14041
1.07236
1.19875
1.05869
1.48741
1.58598
1.41753
0.782116
0.758195
0.652558
0.662313
1.08417
1.40757
1.03432
0.795204
0.9681
1.04673
0.667356
1.28476
1.09075
1.1372
0.51098
0.762213
1.13561
1.18902
1.25213
1.5024
1.05683
1.05533
0.735804
0.943002
1.085
0.514512
1.47853
0.606034
1.00972
0.912829
0.92076
1.00738
1.27676
0.987404
0.78674
0.569977
0.923198
1.03638
1.15892
0.974112
0.906894
0.587838
1.38391
1.19587
1.30736
0.969802
0.985546
1.15047
0.668976
1.48783
0.946636
0.804538
1.17032
0.881529
1.11975
0.755586
0.825989
1.15451
1.01578
0.840002
0.778385
0.95078
1.37541
1.47121
0.803393
0.713693
1.39277
0.931581
0.610972
0.71217
1.28438
0.625027
0.705095
1.21564
1.30577
1.34548
0.709036
0.634732
0.837519
1.35436
1.21014
1.38348
0.961355
1.1921
0.902949
1.58527
1.11471
1.08801
1.12402
0.969299
1.14945
0.681984
1.18287
1.09872
1.11609
1.09597
0.939816
1.11312
0.849868
1.04849
1.03775
1.20601
1.00958
1.70759
0.702934
0.635312
0.608558
1.31943
1.43912
0.716193
0.794321
1.3507
1.21821
0.872494
0.90605
0.921342
1.15123
1.10605
0.965485
1.26474
1.27293
0.643253
1.29713
0.862928
0.884427
1.19607
1.27508
0.832564
1.00307
0.660819
1.0985
0.851077
1.24674
1.18155
0.583232
1.0047
0.934804
1.0382
1.14865
1.12023
1.08688
0.993481
0.636264
1.28535
0.63142
0.944191
1.05838
0.964695
1.12551
0.721564
0.785175
0.74569
0.827038
2.47634
1.0859
1.29293
1.26312
0.92893
1.01643
0.825777
0.936082
1.4572
0.917859
0.319187
1.25759
0.808685
1.03352
0.687004
0.949347
0.753081
0.968133
0.937805
0.617247
0.940232
1.32069
0.569392
1.6432
1.63879
0.85104
0.869573
0.679448
0.889614
0.956856
0.946642
1.44609
0.900824
0.747765
0.945783
0.747594
1.02175
0.859453
0.819121
1.41443
0.617024
0.914643
0.87324
0.740259
0.712482
0.538921
1.5478
0.999221
0.758142
0.677297
1.06739
1.40896
1.8506
0.700034
1.03559
0.95967
0.887655
0.770387
1.51133
0.869329
1.29475
0.523452
0.548788
1.19247
0.667115
0.888899
0.892666
1.00704
0.62846
1.12488
0.48581
1.25065
0.671961
0.359236
0.782673
0.932925
0.659152
1.00343
1.16306
1.48843
1.59767
1.41829
0.931163
1.13392
1.54433
1.33093
1.72336
0.771778
1.04787
1.14555
1.2733
0.647005
1.07405
0.919269
0.601422
0.441046
0.619663
1.56421
0.86225
0.579039
0.699505
0.817339
1.04634
1.10509
1.22101
0.721911
0.657366
0.917354
0.772513
0.973136
1.37033
1.28286
0.787451
0.90606
0.798479
1.58699
1.75173
0.890609
1.44775
0.832627
0.912667
1.00895
1.24104
0.734299
1.05428
0.904591
0.817656
1.34389
0.730493
0.938698
1.78143
1.19559
1.10559
0.759495
0.960171
0.668926
0.862912
1.05759
1.02622
0.852635
1.01623
0.745447
1.11284
0.650734
0.737736
0.954926
1.01294
1.07145
1.13905
1.12179
0.804197
1.27563
1.06878
0.856165
1.21027
1.18125
0.77602
0.790073
1.61892
1.09241
1.02617
1.28531
1.00925
0.71694
1.08353
0.659463
0.747187
1.46267
1.38568
1.11935
0.514009
0.395921
0.792406
0.721836
0.949621
1.11531
0.754385
0.63563
0.959431
0.833511
1.1374
0.949558
0.93789
1.2163
0.767369
0.901975
0.961644
1.10924
0.644866
1.60258
1.75874
0.663449
1.60564
0.694041
0.622762
1.45895
1.55377
0.95553
1.10944
0.775615
0.92938
0.814482
0.640492
1.18268
1.49238
0.559548
0.946653
1.4044
0.776644
0.731874
0.930194
1.07601
0.923951
0.633733
0.835243
0.933567
1.18451
1.66218
0.741727
0.830928
0.855873
1.38337
0.540115
0.6691
1.70419
0.945553
1.5502
1.10168
1.58249
1.17509
1.25586
1.05092
1.00562
1.60151
0.819538
0.577339
0.657721
1.47196
0.893824
1.25617
1.10693
0.498288
1.20964
0.503713
1.52755
1.39732
0.96986
0.805977
1.49854
0.889061
1.28026
0.862417
0.862872
0.747086
0.84466
1.14325
1.22688
1.21226
0.981111
1.05881
1.14475
0.93154
1.05276
1.16934
0.960169
0.688135
0.984124
1.56218
0.906842
0.766713
0.861592
1.08979
0.99732
1.18731
0.914401
0.562891
1.19187
1.79879
1.08224
0.878562
0.873318
1.39778
1.0949
0.82493
1.2755
1.2816
0.834269
1.02928
1.33227
0.71893
0.96511
0.79455
1.60174
1.11539
0.988426
0.873993
1.41084
1.07609
1.02206
0.90035
1.35625
0.724836
1.48833
0.557767
0.683194
0.673582
0.748001
0.941061
1.42178
0.776237
0.96178
0.529113
1.42429
1.32761
0.922467
0.803023
1.84631
1.04555
1.89948
0.658712
1.02995
1.00728
0.952314
1.11647
0.810189
1.46446
1.37943
0.926542
1.02513
1.29038
0.858302
0.998147
1.12915
0.807451
0.606497
1.38915
0.805156
0.962308
1.21745
1.04454
1.14459
0.575125
0.698433
0.440002
0.741942
1.16243
0.945156
0.897881
1.30669
0.935531
0.932276
0.833162
0.835823
1.05757
0.84271
0.455548
1.773
1.25004
0.986013
1.16463
0.820365
1.13283
0.591568
0.632568
0.556396
1.31183
0.825983
0.632378
1.45608
1.26951
0.390796
0.738963
1.1712
1.59559
0.862999
1.76862
0.452101
0.571841
0.990179
1.10252
1.80104
0.897832
1.14119
1.24748
1.32582
0.53724
1.00852
0.519182
0.974614
1.18622
0.966909
0.673391
0.918608
1.05729
1.08231
1.17763
0.702709
0.776457
1.30856
1.26397
0.777482
1.43554
0.631174
0.887742
0.741907
1.01723
0.527137
0.84072
1.69476
0.516076
0.64576
1.17377
1.37953
1.36237
1.38198
0.756611
0.561192
1.36885
0.677964
0.918331
1.09844
1.2985
0.943699
0.805758
1.48934
0.494101
1.03235
0.964226
0.945931
0.404978
1.10718
0.955308
0.741164
1.02302
0.569694
0.79739
0.560881
0.88114
1.3377
1.84013
0.606544
0.798153
0.739619
1.09312
1.32589
1.10119
1.13085
0.808553
1.38166
0.794623
1.41114
0.894302
1.22008
0.748652
1.55502
0.783146
1.08142
0.872042
1.11751
0.642986
1.03468
1.31238
1.07763
1.20669
1.63576
1.12856
1.35618
0.709891
1.19459
0.954124
0.49652
0.679735
1.04057
1.0487
0.650714
0.52355
1.48532
1.36882
0.750824
1.19872
1.978
1.19055
1.08442
0.713906
0.900318
0.556522
1.04206
0.564513
1.38043
1.34174
0.59314
0.827373
1.21061
1.1597
1.31384
1.14847
0.736213
1.00295
0.756942
1.18997
1.45495
1.23097
0.638765
1.4824
1.00948
0.865464
0.663296
0.956071
1.13838
0.688414
1.34389
1.55228
1.06666
1.28365
0.68787
0.763467
1.49816
1.46055
0.938395
1.14527
0.829775
1.67583
1.32378
1.27484
0.50208
0.872745
1.04186
0.599794
0.369243
0.731099
0.829485
0.883034
0.530707
1.08821
1.0751
1.20298
0.534267
1.24392
1.01301
0.811346
0.742046
0.981286
0.981141
0.506848
0.996977
0.711108
0.732729
1.30214
1.22506
1.29331
0.921967
1.1555
1.11275
1.6441
1.74061
1.0545
1.41368
1.0427
0.767889
1.35601
0.970971
0.472314
1.03037
1.17412
1.10321
0.899357
1.17248
1.14639
0.847077
1.37495
1.15925
0.977281
0.929916
0.859177
1.42371
0.785169
1.2879
0.899429
0.898251
0.938966
1.16057
1.05564
1.34573
0.836983
1.42596
1.2833
0.427735
0.532887
1.29282
0.748983
0.948963
0.724835
1.19427
0.944634
1.6845
2.15813
0.664836
0.857985
0.760476
0.646532
0.642807
0.86903
0.700654
0.756248
1.11279
1.34312
0.76936
1.78909
0.964769
0.859057
0.938688
1.15657
1.32096
0.923573
0.858913
0.481945
1.33702
0.859195
0.569604
0.838256
0.712261
1.18479
0.821646
0.961069
0.980304
1.12689
0.894254
1.32446
0.829059
0.967924
0.503078
1.61585
1.18114
1.48828
0.940096
1.14105
1.02279
0.88011
1.49611
1.14215
0.951932
1.31007
0.728412
1.93691
1.03356
0.898813
1.0841
1.04372
1.03442
0.609189
1.00158
0.97239
1.21869
0.894883
0.688814
1.41029
0.634165
1.26473
1.04372
0.986832
0.771784
0.713865
1.11456
1.04481
1.15734
0.991699
0.918158
0.687593
0.872321
0.820415
1.81504
1.41788
2.19047
1.22179
1.09835
1.06988
0.628918
1.21672
2.2029
0.959093
0.859774
0.775986
0.868995
1.34044
1.34822
0.891807
1.24102
0.908825
0.997966
0.887599
0.882231
0.803728
0.642703
1.50474
1.129
0.87853
1.39492
1.19634
0.742174
1.24288
1.17158
1.07805
1.35358
0.930697
0.925932
1.73783
0.694845
0.938117
0.795368
0.932749
0.920339
1.40453
1.11765
1.16663
1.37414
0.854851
1.10434
1.33012
0.649151
0.984088
1.70199
0.96134
0.766204
1.05803
1.19235
1.16003
0.547747
1.08441
0.423189
0.698385
0.784369
0.831193
0.670836
0.831825
0.681959
1.08527
0.577176
1.44212
0.803489
1.4278
1.42626
0.236663
0.732996
0.515183
0.652094
1.09103
1.69714
0.740906
1.05236
0.684734
1.20054
0.892437
0.761918
1.006
1.19111
0.502467
0.916348
0.959985
0.866777
0.675682
1.34644
0.604962
0.689916
0.829887
1.34415
1.39777
1.31805
0.483342
1.25094
0.918632
0.712877
1.03173
1.00502
1.31252
1.24872
1.13198
0.896842
0.473719
0.872203
1.06407
1.50997
1.10761
1.16069
1.09643
1.11805
1.04818
0.960573
1.30225
0.553828
1.20969
0.433638
0.903657
0.911545
0.746577
1.06136
0.725595
0.766156
1.30004
1.47419
1.00698
0.803138
1.39567
0.961027
0.552738
0.824968
0.589275
0.629243
1.9079
1.31371
0.918766
0.6931
1.44202
0.878714
1.45691
0.605433
0.92845
0.795868
0.765727
1.25642
0.88864
0.713654
0.77239
1.49727
1.60344
1.40361
1.50456
0.919719
0.794516
0.966307
1.89418
1.09767
1.04465
1.42238
0.578511
1.30297
1.69948
1.29195
1.00983
1.3335
1.49305
0.773693
0.513191
0.642737
0.952984
1.75425
1.63866
1.11199
0.448331
0.557285
1.45531
0.649392
1.01762
1.63537
1.1194
0.842087
1.09126
1.29569
1.03545
0.798756
0.943287
1.42758
1.42004
1.08216
1.04347
0.910967
0.850446
0.576067
0.91437
1.07603
0.565101
0.748085
1.44527
1.06034
1.08861
1.00891
0.921173
0.719508
0.721478
0.782833
0.826998
1.31761
1.46498
1.52094
0.865762
0.887812
1.20379
0.814635
0.980836
0.817896
1.03127
1.22968
1.13696
1.05391
0.999887
0.303874
1.33196
1.37642
0.86091
0.823097
1.12772
1.35148
0.610682
1.10779
0.548839
0.997676
0.984727
1.50505
1.1974
0.850402
0.973299
0.724799
1.83159
0.832246
1.02803
1.30703
1.09471
1.22555
0.581645
1.10036
0.599534
0.891379
0.796013
0.998559
1.66123
0.799354
0.916747
0.841121
0.609246
0.852769
1.5241
0.413257
0.92821
1.45892
1.36432
1.15835
0.787589
1.64176
1.78677
0.723846
0.868603
0.449401
1.18034
0.937933
0.535592
1.02227
1.43832
0.489346
1.12154
1.11075
1.20385
1.1487
1.28179
2.01101
1.15224
1.12182
0.619131
1.06727
1.02783
1.0064
1.33377
0.582713
0.735489
1.2948
0.910172
0.843285
0.761011
1.23026
0.621591
1.18581
0.958511
1.14062
1.2997
0.933883
0.575463
1.25357
0.80334
1.11808
0.937251
1.79077
0.959739
0.937817
0.97732
0.875323
0.943523
0.790062
0.972231
0.83735
0.597838
2.01858
1.11509
1.05464
1.10659
0.737676
0.859541
0.71942
1.14184
0.703368
0.630041
1.21035
0.627335
0.735326
1.31084
1.47362
0.679171
0.506033
0.728125
0.658311
0.473964
1.02215
1.24627
0.852262
0.552235
1.01496
0.897686
1.35932
1.32886
1.63311
0.76949
0.91008
0.924812
0.777141
1.34102
0.955632
0.935053
0.818706
0.98362
0.541261
0.764074
0.750732
1.90275
1.07182
0.87723
1.19637
1.46196
0.787277
0.865938
0.775178
0.340803
1.10068
0.874101
1.01327
0.72734
0.963007
1.05645
1.49768
1.10326
1.02688
1.20169
1.54685
1.29174
0.520459
0.738336
1.11296
1.3723
1.33851
0.859196
0.803892
0.944529
1.44452
0.531341
0.954711
0.636649
0.779645
1.09244
1.02147
0.789088
0.835943
0.937858
0.912823
1.07068
0.438127
0.635181
0.545334
0.633961
0.784999
1.11257
0.630364
0.70371
0.92283
0.835149
0.88878
1.22733
1.15857
0.626977
1.40019
1.11108
0.886148
0.657494
0.807538
1.13958
0.740475
0.695312
0.962271
1.05651
0.63533
1.1576
0.654136
1.09256
1.56623
0.608348
1.76072
1.18907
1.85051
0.842045
0.72531
1.19603
1.02579
1.00343
0.831039
0.920797
1.26747
1.17695
0.643418
1.17391
0.827664
1.02159
0.916397
0.752389
1.27037
1.08846
0.879476
1.45573
0.924979
1.19234
1.20558
0.764105
1.85156
0.802729
1.22181
1.35865
0.738428
0.944992
1.4218
0.535803
0.658251
1.14325
0.664571
0.969239
0.771952
0.494884
1.60638
0.454667
0.744985
0.9046
1.31035
0.655471
0.693475
2.00039
1.29847
0.793858
1.00167
1.02374
1.01264
1.50851
0.673952
1.60739
0.945359
1.10771
0.772634
1.15757
0.8273
0.649646
0.384276
1.34223
0.592561
0.927536
1.20392
0.608818
0.787327
0.67407
1.19639
0.792139
1.29289
1.57655
1.29818
1.06168
0.567614
0.880444
0.672558
0.958238
1.91719
1.1128
0.896503
0.9783
0.977113
1.50353
1.05644
1.74733
0.739007
1.10755
0.749796
0.924796
1.21151
0.760233
0.552039
0.860608
1.18019
0.865586
1.29047
1.13062
1.17286
1.03371
1.06624
1.26517
0.874035
1.05817
0.751131
0.901719
0.881219
1.14632
0.755596
1.40705
1.02354
0.567844
1.41636
0.563821
1.44823
1.67093
0.953856
1.30624
0.960643
1.79701
0.710648
1.07421
0.90978
1.62767
1.20781
1.19511
0.731581
0.899253
0.97161
1.02494
1.74654
0.56592
1.23427
0.920691
1.13902
0.620483
0.937217
1.11058
1.57715
0.945419
0.976397
1.29042
0.960519
0.559357
0.880414
1.87963
0.762891
1.29188
1.18076
0.747432
0.843953
1.15449
1.09699
0.77528
1.598
1.09289
0.94443
0.997514
0.673556
0.755045
1.85269
0.965301
0.713501
0.908314
0.79698
0.829607
1.28729
1.18517
1.24724
2.15873
0.821906
1.0732
1.09336
1.11659
0.633335
0.752155
1.03427
0.800505
1.37487
1.45394
0.798786
0.441288
0.705734
1.46849
1.17601
0.973018
1.04237
1.23594
1.47584
1.37153
0.703315
0.828245
1.03918
1.24052
1.41506
0.851962
1.09091
1.05671
0.884735
1.15446
1.00806
0.689405
1.50643
1.22676
0.935809
0.93073
0.673091
0.774773
1.13691
1.51379
0.622229
1.16613
0.959795
0.910042
0.612752
1.15299
0.850589
1.17141
1.98023
1.03261
0.746266
0.510948
0.829999
1.45916
0.739995
0.727577
0.860727
0.614921
1.20773
1.84013
1.43958
1.69794
1.08128
0.69046
0.901585
0.469784
0.914889
0.782121
0.798897
0.817105
0.89248
0.486568
1.20022
1.10655
1.07343
0.324158
0.806608
0.820534
0.750808
1.04847
0.670738
1.15705
1.12131
1.24664
0.802407
1.6181
0.745615
1.09064
0.719664
0.731641
0.669938
1.26418
1.05977
0.93488
1.63773
1.48058
1.11282
0.704486
1.16472
0.980764
1.40707
0.865818
1.48912
0.921167
0.532168
0.590949
1.4831
0.589536
0.692621
0.63675
1.01877
0.479524
0.922024
0.693596
1.03088
0.942358
1.00728
0.954966
0.462948
1.08384
1.12063
1.68537
1.24785
0.836769
0.6522
1.07705
1.86489
1.40132
1.02378
0.645677
1.30731
0.807117
1.26655
0.93396
1.27274
1.15532
1.183
1.41283
1.01894
0.915892
1.02434
1.51502
1.11952
0.926105
0.938341
0.836047
1.62642
1.32785
1.16852
1.16824
1.53604
0.913815
0.54292
1.19186
0.627129
1.02728
0.904434
0.389903
0.515014
0.817496
0.804455
1.34272
0.895769
0.628461
0.997721
0.828356
0.965526
0.512765
1.02588
0.927075
0.880771
1.06431
0.91661
1.00469
0.368429
1.10655
0.617453
0.640647
1.53857
0.86785
0.907185
0.988839
1.52039
0.841087
1.35481
0.934931
0.668134
0.871672
1.25321
0.712086
1.21511
0.822322
1.26694
1.0488
0.598276
0.795048
0.986114
0.795704
1.01461
1.16968
1.10526
0.892063
0.660695
0.686375
1.01873
1.01654
0.621699
1.17477
0.582042
0.718381
1.3171
1.1554
1.13216
1.83317
0.905261
1.13675
1.3523
0.581202
1.14801
0.840879
1.17501
0.746604
1.82084
0.729774
1.02137
1.3113
1.27175
0.568252
1.32191
1.18883
1.12624
1.03318
0.678274
0.511475
0.77658
0.93426
0.749007
0.978084
0.370681
1.07549
1.24279
0.765232
1.17282
1.09339
0.631425
1.1009
1.14639
1.45784
1.11363
0.783105
1.20333
0.449632
1.36057
0.850885
0.523263
0.871824
0.852794
1.50406
0.738072
1.31691
0.817075
0.651149
1.08909
0.858261
0.776204
1.41159
0.563328
1.06085
0.942739
1.29946
1.24554
0.535877
1.3141
0.659322
0.567965
1.04029
0.791489
0.911248
1.03504
1.35694
1.19978
1.04352
0.763687
0.888786
1.02129
0.9538
0.643974
0.276248
1.15683
0.69281
0.640322
1.01402
1.41704
0.548401
1.25467
0.783526
0.721964
1.00911
0.655515
1.45665
0.877505
1.0953
0.737429
1.35052
0.68628
0.87556
1.0792
1.05914
0.70353
1.32156
0.633053
0.645661
1.27358
0.890414
1.10684
1.5949
0.796018
0.62418
0.971777
0.806156
0.73015
0.895202
1.30035
0.775013
1.31132
1.27906
0.881597
0.579556
1.14724
1.03207
1.56779
1.07234
0.779631
0.869674
0.752591
1.35549
1.14924
1.3871
0.980491
0.480876
1.1201
1.07333
0.871212
1.46333
1.02794
1.41328
0.485359
0.947792
1.31543
1.07508
0.920176
1.22768
0.891962
1.06469
1.02925
0.607449
0.622248
1.59625
1.02151
0.444972
0.90918
0.887638
0.446317
1.26797
1.24447
1.04993
1.01594
1.26981
1.34911
0.78526
0.820449
0.594177
0.851494
1.30512
0.909339
1.05341
0.980785
1.02511
1.23101
1.37962
0.776731
1.02411
0.912637
0.732677
0.950883
0.862055
0.882502
1.47235
0.773804
0.604077
0.539911
0.67531
0.84492
0.985395
0.842528
1.73346
0.892114
1.14891
1.49435
1.33419
1.36523
1.26583
1.03687
1.00955
0.393102
1.13508
0.689332
0.476575
0.611365
0.828077
1.32807
0.628656
0.663197
0.740353
1.53962
0.986768
1.14087
1.58835
1.1365
1.17922
0.492391
1.409
1.01722
0.938097
1.48177
0.813959
1.30924
0.73826
0.839841
0.945309
0.746189
0.973947
1.01451
1.09487
1.93022
1.01489
0.727441
0.693943
1.64189
0.498891
0.920233
1.23039
1.80617
0.760255
1.05441
1.1432
0.778143
1.23149
1.02744
1.18836
1.27433
1.28925
0.736605
1.03284
0.408497
1.60063
1.0982
1.38541
0.404202
1.30156
0.790765
0.727001
0.694459
1.70751
0.800769
0.697546
0.917395
0.941328
0.794377
1.1379
1.41611
0.706536
0.942663
1.12483
0.922751
1.91505
1.37491
1.00332
0.404111
0.59434
0.720173
0.789933
1.41339
1.01597
1.01826
1.02521
0.963114
0.602105
1.34635
0.566974
0.944732
0.951949
1.07445
0.834838
1.67939
0.426496
0.628905
0.964819
1.3857
1.46808
0.693498
1.02561
0.919424
1.58027
1.68759
0.432582
0.671714
0.955177
0.939339
1.70471
1.49275
0.831932
0.625559
0.939733
1.3137
1.15766
1.01868
1.32316
1.05723
1.43228
0.845299
1.16827
0.920729
1.1048
0.812376
0.802556
0.593386
1.16429
0.984257
1.10821
1.09878
1.36595
1.41524
0.680969
1.74934
1.32686
0.915502
1.28136
0.948544
0.602279
0.699761
1.43025
0.597877
1.23372
1.00019
0.633568
0.494417
1.13931
0.410745
1.04586
0.907167
0.927819
0.792637
0.848385
1.3962
0.859879
0.852031
1.01154
0.979953
1.09671
0.695198
1.41825
0.491232
1.2735
0.675121
1.16118
0.996665
1.23629
0.550799
0.578136
1.3066
0.734092
0.4367
1.02977
0.954928
1.0334
1.05654
1.18226
1.20613
1.10263
1.62568
0.806235
0.695443
1.04296
1.1119
0.837819
0.791886
1.03025
0.774655
1.18149
1.01182
0.901193
1.27891
0.959024
1.11385
1.54344
1.0734
1.00404
0.9949
1.16582
0.565729
0.964417
1.40526
1.01512
1.03841
1.09181
1.00804
1.0945
1.11045
1.14405
0.743618
0.747794
1.34446
0.953597
1.06289
0.888454
0.69904
1.43696
0.719171
0.818235
0.532421
1.25987
0.916193
1.30404
0.723654
0.507122
0.889855
0.785346
0.869634
0.523144
1.4426
1.25742
1.08517
1.40296
0.630699
1.16404
0.447642
1.05825
0.694729
1.617
0.805984
0.809519
0.720212
0.595236
0.917688
0.673158
0.953572
0.900153
1.25781
0.635001
1.15649
1.03781
0.600462
0.901869
0.851422
1.54223
1.20811
0.422313
1.20006
0.882395
0.975158
0.862225
1.05169
0.922937
1.29404
0.807004
0.670586
0.773066
0.437665
1.19503
0.97515
1.64587
0.854323
0.954847
1.48624
1.80388
1.30295
0.823957
1.01891
0.814283
0.779474
1.39784
1.47066
0.690941
0.864004
1.16595
0.551572
1.1428
0.970341
1.40884
0.851103
1.19155
0.73796
0.685546
0.822303
0.964767
0.774277
0.74649
1.33645
0.93757
1.33223
1.16167
0.946556
1.37804
0.787056
0.630022
0.82457
1.10867
0.704917
0.64277
1.05192
0.944456
1.61626
0.689405
1.397
0.742319
0.932296
1.32791
0.822347
1.20428
1.16805
1.45762
0.441051
0.884313
0.753597
1.28745
1.45931
1.01338
1.44069
1.29749
1.35159
1.21804
1.81203
0.804839
0.758466
0.284067
1.21074
0.806664
0.83192
0.829765
0.775759
0.80358
0.6234
1.03335
1.06735
0.796433
0.766335
0.806837
0.940188
1.26653
0.669521
1.25969
0.753299
1.27338
0.859242
1.04015
1.78958
0.462775
1.85482
1.32765
1.09567
0.947374
0.560625
0.915182
1.17424
0.958924
1.14089
0.763358
1.44163
0.986324
1.30049
0.715332
1.49986
0.942527
1.05534
0.490733
1.95169
0.696079
1.29997
1.02496
1.33625
1.06526
0.51203
0.926584
1.12943
0.873535
1.23576
1.0642
0.845105
0.975799
0.767277
1.11119
0.576217
0.906687
0.627742
0.618573
0.624219
0.441037
0.600771
0.652541
1.03111
1.51429
1.50662
0.881195
1.02636
0.675543
0.86048
1.2313
0.875727
1.03532
0.915108
0.831112
0.957989
1.17041
1.64125
0.968105
0.764886
0.793098
1.10648
0.654861
1.65221
0.864112
1.02274
0.881132
0.721943
0.867149
0.658582
1.33453
0.588674
0.674742
1.02122
0.885791
1.04184
1.96663
0.705745
0.872388
0.82329
0.748428
1.10776
1.34794
0.648022
0.963637
1.13086
0.672689
0.745938
0.629472
1.1727
0.468504
1.61426
1.50056
0.847085
0.897438
2.04249
1.19689
1.11577
1.16905
1.0157
0.553942
1.11475
0.926592
0.608253
0.798694
1.06186
1.66776
1.12144
0.647629
0.869211
0.65513
0.512203
1.37821
1.55675
0.808325
1.25029
1.21508
0.863978
1.59667
1.38564
1.26564
0.841309
1.2451
1.41613
1.09262
1.10991
0.977594
0.842115
1.00319
0.616625
0.546209
0.47892
1.11556
1.40866
0.880211
0.898386
0.748979
1.4169
0.369746
0.564731
1.64342
1.37174
1.01034
1.2483
0.887042
1.47278
0.983298
0.871322
0.685454
1.30249
1.02306
1.58227
0.8648
1.32791
0.723882
0.983754
0.679523
0.584943
0.697981
0.769959
0.869843
0.898115
1.33722
0.751388
0.763913
0.762447
0.749079
0.591789
1.00362
1.29318
0.788653
0.820092
0.930153
0.890848
0.574547
0.921993
1.38116
0.741222
1.07823
0.411094
0.86441
0.94042
0.855322
1.35794
0.620371
1.2692
0.635611
0.873446
0.735033
1.42216
1.09346
0.975314
0.820866
0.564682
0.62615
0.968398
1.10113
0.742159
0.848629
1.02862
1.13678
1.20632
0.935569
0.836197
0.902643
1.11017
0.551489
0.601412
1.23285
0.807966
1.40091
1.49496
1.68746
1.04504
1.6672
1.11064
1.06172
1.71844
1.24666
0.635468
0.903486
1.1191
0.814734
0.782838
1.20064
0.971593
1.0619
1.71681
0.46955
1.16708
0.800316
0.917198
1.06254
0.702125
1.0454
0.92842
1.13154
0.664112
0.934721
1.23419
0.529981
0.903634
1.65686
0.938479
1.1881
1.11381
0.824824
0.771962
0.71383
1.19186
0.66079
1.2564
0.747315
1.03213
1.04609
0.709379
0.801056
1.00564
1.35206
1.5348
0.847526
0.681732
1.24674
0.941149
0.969882
1.04243
0.640517
1.32873
0.811001
0.834379
1.02306
0.90797
1.07327
1.32257
1.21843
1.15505
0.861814
1.59552
0.834104
0.747903
1.18281
1.67268
1.06232
1.13151
1.17924
0.723508
0.742584
0.650166
0.674716
1.03125
0.590328
1.23001
1.35833
1.6226
0.956346
1.20109
0.869604
0.877355
0.603885
0.907971
1.25486
0.927034
0.745786
0.896553
0.800497
1.55181
1.08171
1.04264
1.07733
1.48977
1.22619
0.815246
0.933124
1.15593
0.713637
0.596622
0.974306
1.5087
0.592327
1.49097
1.04066
0.588806
0.809997
1.49907
0.673285
0.928429
1.13958
2.02513
1.28654
0.597908
1.08482
0.796597
1.1557
0.736655
0.559492
1.18966
1.16333
0.519047
0.580626
0.749876
1.03349
0.865688
0.361046
0.756497
0.565957
0.723787
1.31881
0.806106
0.846846
1.09953
0.763475
1.12179
1.53474
1.50982
0.857882
0.518556
0.752574
0.697548
1.00724
0.67169
1.56665
1.16014
1.4703
1.16133
1.14883
0.528576
0.597651
0.988114
1.15708
1.3967
1.16768
1.17126
1.09849
0.945165
0.746161
1.06437
2.21966
1.68357
1.07531
1.20786
1.05689
1.27538
0.84413
0.806397
0.825604
0.667615
0.65709
1.19659
0.563208
0.967863
0.718647
1.59431
0.76166
1.0107
1.19829
1.14757
1.07278
0.891535
1.27505
1.21496
0.875767
0.793221
0.425914
0.731629
0.840312
0.520485
1.09658
0.748122
0.749412
0.910203
0.706674
0.698601
1.36672
1.10787
0.488182
0.971711
0.724367
1.35286
0.799645
0.807456
1.84124
0.914046
0.852552
1.3298
0.809441
1.05691
0.937746
0.636064
0.871783
0.968189
0.868474
1.54704
1.18598
1.13817
1.00026
1.44865
0.456747
1.19528
0.754625
0.633389
0.611559
1.34423
0.902672
1.14657
1.08781
0.788619
1.02961
0.57625
0.52202
1.00294
0.552596
1.06692
0.795897
0.824927
1.3361
0.869966
1.41728
0.672021
1.79852
0.855301
0.691757
0.870039
0.952852
1.03842
0.68516
0.750478
0.95844
1.08825
0.707463
0.861581
1.26252
1.21506
0.930555
1.78295
1.19071
1.34063
0.929552
1.29359
1.34241
0.689261
0.91783
0.520046
0.805601
0.812894
1.03228
1.2407
1.22357
0.948434
1.7978
0.769975
1.00714
1.09508
0.78495
0.9864
0.569572
0.805273
0.731833
1.25458
1.08892
1.66744
0.846975
0.964135
0.679196
1.08651
1.61088
1.66181
1.29567
1.93335
1.00171
0.83247
1.45783
1.33906
1.85266
1.06796
0.873906
0.959954
1.78986
1.05026
0.593225
0.697152
1.20847
1.15975
1.17588
0.865965
1.08725
1.12361
0.786305
0.458757
0.692875
1.21416
0.678684
1.01872
1.07743
0.89026
0.474755
0.986587
1.29336
0.997254
0.872883
0.728426
0.595687
1.58563
1.51524
0.908947
1.10531
1.55221
0.766648
1.25197
0.545759
1.03661
1.08373
0.627622
1.42829
0.744775
1.284
1.00391
0.911754
1.86019
0.686153
0.641279
1.37659
1.00746
0.70874
0.747919
0.97205
1.00242
0.774071
0.610754
0.995242
0.609649
0.69026
0.813299
0.775619
0.889574
0.920144
0.522521
0.942525
0.846556
0.361537
1.06214
0.671336
1.21176
0.811949
1.32174
1.47876
1.08384
0.65886
1.8938
0.734743
1.12025
1.15908
0.766629
0.75787
0.659901
1.4333
0.569368
1.13414
0.913039
1.03665
0.761245
0.804419
1.27017
0.68257
1.48973
1.12926
0.98599
0.954813
0.770375
0.659694
1.69017
0.550276
0.937776
1.53133
1.4723
0.740518
0.664344
0.651143
1.28439
0.880806
0.569104
1.6779
0.69842
1.45133
0.671499
1.13872
0.909093
1.0401
0.897871
1.34066
0.85248
0.691816
0.606552
0.954542
0.938166
1.26146
0.980418
1.10762
1.03483
1.46794
0.939163
1.21156
1.28182
0.620547
0.606278
1.09738
0.821807
0.830173
0.539895
0.636645
1.50361
1.11582
1.18212
0.80993
0.923293
0.625471
0.734598
0.874763
0.776286
1.53168
1.34955
0.784967
0.564374
1.14869
0.753413
0.997485
0.957633
1.07621
0.846192
0.521321
1.03503
1.27205
2.03446
1.01523
0.963688
1.45109
1.69083
1.08585
0.71433
1.18718
1.63212
1.198
1.22614
1.07206
0.96774
1.00597
1.2799
0.93336
1.47224
0.825492
1.0381
1.08394
1.13313
1.37897
0.633978
1.90756
1.10168
0.809697
1.35584
1.01537
1.45491
1.12474
0.719442
0.60833
0.594053
0.852878
0.859456
0.86245
0.978138
1.28345
0.765152
0.926607
1.28789
0.754385
0.607048
0.655541
1.08847
0.670079
0.946788
0.890649
0.592398
0.537227
1.22944
0.946515
1.13737
0.833602
0.831193
1.56896
1.38815
1.03173
1.29729
0.894267
1.22514
0.882369
0.828412
1.76267
0.348537
0.699452
0.672777
1.21115
1.09763
0.849729
0.921454
1.03315
1.22141
0.561452
1.11251
1.39197
0.782492
1.09321
1.19749
1.11702
1.25749
0.391023
0.845147
1.52234
0.957417
0.923818
1.01308
0.584911
1.41056
1.76674
0.78045
0.766449
0.677469
0.762641
0.854304
1.01755
0.983073
0.803239
1.28299
0.569043
0.862142
1.67265
0.870609
0.836705
1.13333
1.07836
0.908125
1.24857
1.19118
0.968153
1.1956
0.593953
0.631551
1.29432
1.12141
1.43007
0.735563
0.809169
0.722473
0.9699
1.08745
0.633243
0.950849
0.761958
1.21513
0.817484
0.918969
1.24507
0.62588
0.91041
1.15938
0.842139
0.548001
1.17037
0.629575
1.23112
1.26979
1.0525
0.89768
0.596157
0.602007
1.0877
0.848146
1.73659
1.42163
1.09496
0.7301
1.24247
0.927271
1.55451
0.867107
0.480565
1.00579
0.714623
1.03513
1.02359
0.495877
0.790935
0.592146
0.945723
0.994986
1.2473
1.5756
0.919394
0.528985
1.11581
1.6541
0.648058
0.77577
1.12454
0.853566
1.52156
1.17727
1.00382
0.83565
0.941398
1.05585
1.40563
0.987791
1.32091
0.923574
0.522279
0.876477
0.549843
1.07434
0.83125
1.31066
1.04707
0.813491
1.18439
0.728547
1.39261
0.568309
1.34451
1.21475
0.510182
0.688263
0.603191
1.09555
1.41205
0.817007
1.26967
1.42689
1.04048
0.377529
1.22679
0.461464
0.74328
1.44074
1.31941
1.24441
0.873371
1.18821
1.07913
1.40556
1.15826
0.799466
0.665262
0.94645
0.631588
1.24217
1.3018
0.709094
1.0059
0.729951
0.993509
1.11292
1.45242
0.780008
1.49842
0.511766
0.86564
0.696097
0.583847
1.25358
0.896398
0.921274
0.998005
1.23645
1.50343
0.863714
0.75416
1.25426
1.12452
0.735066
0.970486
0.899407
1.14196
1.19565
0.83832
0.639852
0.573852
1.24455
1.19354
1.13276
0.695359
0.653873
0.736484
0.681068
1.57971
0.468503
0.766693
1.30632
0.901077
1.04399
1.11039
1.05353
0.771223
1.52143
1.18995
0.521394
1.33029
1.20659
1.39406
0.976311
1.02513
1.02483
1.31316
1.0189
1.14444
0.792816
0.521195
1.90375
2.04445
0.658083
0.244503
0.956629
0.765433
1.28561
1.17716
1.08584
0.541197
1.4052
1.80749
0.998445
1.22976
0.793645
1.49635
0.881364
0.686938
0.931475
0.796186
0.656343
1.43256
0.582556
0.785524
1.2734
0.387109
0.605195
0.562845
1.0145
0.925994
1.2663
1.27439
0.5451
1.01873
0.672189
1.31824
0.841559
0.619504
0.980453
1.13038
0.762172
1.23064
0.846136
1.28034
0.602266
1.06201
1.34723
0.629561
1.90204
0.600239
1.68895
0.894671
0.511424
1.20953
0.527544
1.01858
0.96796
1.43186
1.10431
0.887003
0.850991
1.0154
0.922144
0.446833
1.05008
0.386344
0.909704
0.907421
0.963398
0.725906
1.14456
1.00076
0.693248
1.45493
1.91263
1.61047
0.416634
0.401965
1.79622
1.55595
0.761011
1.36555
0.823351
0.61908
0.923757
2.16777
1.15153
1.03574
1.41295
0.995696
0.99898
0.745789
0.830273
1.07307
0.928926
0.784434
0.387344
1.51117
0.916342
0.71371
1.24677
2.03674
1.01672
0.717969
0.866883
1.27794
0.796706
0.866121
1.06338
0.538219
0.976729
0.665342
1.13684
0.719811
0.792379
1.59045
0.910095
1.1685
1.56607
1.22796
0.945016
0.564573
0.862075
0.758777
1.08251
1.068
0.56992
1.22427
1.12467
1.02444
0.487079
1.4926
0.995247
0.896469
1.27979
0.477268
0.998644
1.84107
0.91876
0.782567
0.749923
0.642834
1.10514
1.01565
1.66234
1.2401
1.40885
1.173
0.668945
0.876055
1.72703
0.742337
0.65678
0.822747
0.71698
0.968368
1.25011
1.08275
0.919661
1.14515
0.450516
0.922438
0.613324
0.92638
0.446833
1.5213
1.50582
1.28857
1.27542
0.917198
1.121
1.64267
0.749897
0.694324
0.583342
1.3802
1.72684
0.926606
1.08072
1.04218
1.16045
0.728605
0.832656
0.857261
0.686944
1.40704
0.76349
0.753001
0.670853
0.670029
1.25609
0.907671
0.835579
1.28822
0.46334
0.86513
0.592295
0.693479
0.765491
0.552864
0.647807
0.751784
1.12057
0.977785
0.596315
1.39832
1.17902
0.888851
1.68028
1.01953
0.861269
0.793511
1.23495
1.15658
1.24296
0.856514
0.781016
1.1405
0.920886
0.78144
1.12667
0.850775
0.70862
0.839556
1.20865
0.952385
0.72825
1.49955
0.962102
0.980915
0.797761
1.13221
0.937162
0.788877
0.977752
1.3046
1.32838
1.19693
1.03428
0.93616
1.09284
1.14147
1.44273
1.21924
1.01045
0.613129
0.868115
1.05686
1.08306
1.25094
0.930917
0.756576
0.6375
0.92483
0.881813
0.577646
0.864892
1.35689
1.20956
0.728202
1.00634
1.50969
1.10682
1.52119
1.15452
1.05466
0.864351
0.817124
1.51145
0.905695
0.653673
1.07167
1.1978
1.21455
1.06117
1.1916
0.799037
0.651936
0.743216
0.76485
0.938755
1.34886
1.293
0.882949
1.597
0.891144
0.666803
0.64651
0.966308
1.09928
0.596486
0.693939
0.992464
0.723644
1.21794
0.767312
0.895596
0.993536
0.729062
1.80115
1.09567
0.899308
0.867818
0.721676
0.537828
1.03489
1.05171
0.879068
0.769134
1.04649
0.993718
1.47943
1.08764
1.37269
1.27504
1.14267
1.58899
0.965014
0.856751
1.0041
0.731102
0.709617
1.07037
1.02611
0.829898
0.876548
0.574378
1.04697
0.959825
1.00216
0.910564
1.01006
0.658356
0.929287
0.901407
1.28788
1.79603
1.17857
1.09044
0.871093
0.936805
1.21479
0.70911
1.39273
1.40636
1.53776
0.655571
1.10943
0.623267
0.925085
0.947926
0.832648
1.24038
0.647322
1.13975
1.15082
1.1964
0.834156
1.00187
1.65045
0.920833
0.726237
0.885287
0.971179
1.30344
1.53653
1.12343
1.08086
1.24861
1.2052
0.783503
1.10706
1.21527
1.29089
1.26039
1.07359
0.969954
0.783671
1.24026
0.705007
1.46109
0.978698
1.39679
0.813382
1.34047
0.92051
0.93101
0.687638
1.00293
0.865289
0.505664
0.740151
0.878849
0.951572
0.604096
0.750395
1.21014
0.973307
0.830452
0.621168
1.88111
0.85559
1.22225
0.622006
0.831573
1.0563
0.97845
0.627786
1.35471
0.841546
1.21807
0.841616
0.405328
0.911431
0.669025
0.877773
0.608001
0.8375
1.16672
1.43656
0.930352
2.03121
1.17128
0.931051
1.09131
1.11901
1.06553
0.986218
1.004
1.39717
0.903086
0.935507
1.13752
1.23681
1.17078
1.41345
0.704237
1.06813
1.4574
0.681253
1.07644
0.789339
1.07609
1.16148
1.25145
1.05642
1.22946
0.919065
0.466407
1.10503
0.876981
1.18719
1.28303
0.881001
0.865168
0.661141
0.473249
0.571515
0.815913
1.0418
1.90551
1.60724
0.845587
0.609919
0.791321
0.651375
1.24498
0.61913
1.57811
1.19203
0.888038
0.971077
1.4413
1.05202
0.657202
0.822295
1.14663
0.845276
1.06606
1.01499
0.607079
1.25716
1.29283
1.30123
1.00781
0.940015
1.08792
0.965642
1.0242
0.946891
1.08994
0.600688
0.52252
1.16694
1.03581
0.660633
1.24238
0.448747
0.370836
1.81623
0.667956
0.763748
0.519925
1.07407
1.17034
1.00379
1.74968
0.838302
0.968584
1.26408
0.780668
0.959616
0.779551
0.616056
1.26691
0.64535
1.08757
0.96941
0.668789
1.07969
1.24469
0.588624
0.439138
0.769724
1.1055
1.00439
1.19822
0.9193
1.0994
0.585655
0.743445
1.21178
0.882212
1.07469
0.533687
1.00195
1.02165
0.709137
0.925938
1.1637
0.309183
1.19857
0.36741
1.05878
1.06339
0.81168
1.51616
1.21337
0.646152
1.21329
1.10172
0.70667
1.08575
0.720317
1.16986
0.976476
1.04043
1.23409
0.998304
1.01086
0.635806
1.04664
1.27736
0.996157
0.927461
1.18589
1.11177
0.726337
1.36047
1.08806
0.50785
1.25982
1.29992
0.828224
1.17289
0.644288
0.890071
0.609144
0.950274
1.39173
0.803901
0.970949
1.50191
0.929269
1.04314
0.830613
0.623059
1.02828
0.652601
1.19637
1.23255
1.90079
0.580771
1.17212
0.598674
0.9894
0.710287
0.755324
1.51074
0.844234
0.937151
0.431388
1.12975
0.954353
0.93373
1.41942
0.573216
1.35397
0.619356
0.993624
1.63347
1.08571
1.00512
0.669861
0.746654
1.26294
0.966528
0.990972
0.841486
0.832653
1.10146
1.61719
1.01421
0.868949
1.32758
0.684966
0.653814
1.53958
0.948075
1.06491
1.28215
1.7576
1.08596
1.4351
0.891061
1.24326
1.28702
0.819173
0.705257
1.15889
1.24976
0.886969
0.230088
1.23483
0.899221
0.892056
1.466
0.59135
1.37164
1.27667
0.661537
0.804799
0.891104
1.15417
0.928068
1.40337
1.28621
0.624577
1.81278
0.538954
1.6927
0.545241
0.835108
0.699917
1.11642
0.952833
0.701492
0.799737
1.12768
0.876132
2.15137
1.54404
1.38993
0.746735
0.750746
1.45374
0.816582
1.22785
1.02782
1.22643
1.0821
1.07415
0.664828
0.821591
0.614116
0.907853
0.889475
1.2679
1.00983
0.958717
0.765983
0.762204
0.730807
0.753149
0.903977
1.19575
1.30987
0.718386
0.917909
1.42108
0.889829
0.944743
1.33179
0.682966
0.724187
0.777158
0.862557
1.36073
1.26772
0.715956
1.41147
0.349725
0.921858
1.26215
1.01884
1.15953
1.04735
1.24459
0.942229
1.46965
1.35385
0.66537
0.969595
0.591049
1.06375
0.917631
1.13659
0.875857
0.99964
0.934171
0.962406
0.633993
1.20261
0.839615
1.20143
1.14151
0.759581
1.12951
1.17225
1.26813
0.637946
0.656348
1.12788
0.840649
1.44785
0.774719
1.2179
1.03391
1.13068
0.78103
1.28475
0.770821
0.748466
0.734163
0.749053
0.923499
1.40557
0.815053
0.861649
0.939045
1.08521
1.46264
0.962233
0.949074
0.635571
1.20424
0.884816
0.849154
0.934591
0.755627
1.20562
0.982334
0.719147
1.24784
0.960044
0.641775
0.590613
1.24085
0.817279
1.69403
1.08466
1.41087
1.02117
1.57105
1.05828
0.796888
0.787618
0.936593
0.43553
1.08207
0.995761
0.870515
1.11783
1.13347
1.43567
0.943886
1.29002
0.928792
1.11844
0.802538
0.884302
0.686542
0.9296
1.3043
1.06815
1.12423
1.52425
1.75583
0.798131
0.732297
0.894532
0.98879
0.933853
0.951947
1.09803
1.30612
1.09843
1.21542
0.786948
1.03301
0.889393
0.976246
1.45006
0.544941
0.987466
1.3226
0.783796
1.44702
0.563686
0.785496
0.504758
1.64501
1.0278
0.653821
1.00522
1.26372
0.520072
1.17813
0.834241
0.951828
1.63889
1.93069
0.608793
0.574295
0.544949
0.874036
1.26295
0.798562
0.86056
1.68887
0.574718
1.054
0.725572
1.4271
1.60958
1.23026
0.87598
0.769016
1.08297
0.605737
0.606581
0.861674
1.15533
0.28253
1.01282
1.16806
1.05264
1.31219
0.713101
0.901169
1.04009
0.77866
1.60449
0.549088
0.578936
0.479029
0.774628
0.484226
1.0497
1.16602
1.48286
0.965803
1.66284
1.37499
0.987034
0.630502
0.859394
1.09138
0.391929
0.945449
0.356577
0.932767
1.23744
1.25672
1.42469
0.878823
0.965009
0.739746
1.07054
0.896028
1.04874
0.607325
1.25538
0.585727
1.25923
1.30743
1.1329
0.912789
0.739013
1.69202
0.877064
0.369785
0.915248
1.25869
2.4161
1.01078
0.895365
1.2834
1.01269
0.852418
1.15623
1.26677
0.713786
1.00091
0.899288
0.993802
1.46835
1.14109
0.952485
0.692066
0.574923
0.772484
1.15182
1.56596
1.35748
0.552088
0.799369
1.31316
0.868513
1.10492
1.64358
1.62108
1.45749
0.758285
1.19104
1.04787
1.07361
0.587112
1.65252
0.690862
1.21138
1.10606
0.692045
1.23221
0.82686
0.795998
0.512364
0.587091
0.644751
1.72198
1.25809
0.497821
1.1636
0.908803
0.89158
0.606113
0.541013
0.711887
0.677954
1.30024
0.515478
0.962923
1.41394
1.09916
0.518443
1.54372
0.879168
0.836195
1.0127
1.2396
1.03539
1.18726
1.05732
0.98959
1.44508
1.00702
0.606406
0.591623
0.912886
1.0324
0.993261
1.25474
1.19289
0.95767
1.30022
0.452977
1.65224
0.985701
0.882842
0.756115
0.864176
0.92855
1.41755
1.48883
1.6762
0.816133
1.30957
1.07255
1.30078
1.35577
1.40625
0.556486
1.43935
1.63778
1.00867
1.08316
0.866139
0.436691
0.850893
0.687322
0.702295
1.05243
1.39127
1.07913
1.16461
0.933046
0.61342
1.09122
0.912459
1.54935
0.712804
0.881621
1.36034
1.11235
0.558104
1.05109
0.743159
0.675305
1.02382
1.12377
1.16578
1.21042
1.20672
1.15083
0.453338
1.22765
1.59155
1.20115
1.03249
1.5297
1.28723
1.74921
0.825178
1.05132
0.701513
0.9805
0.475774
1.16537
0.952838
0.736674
0.710793
1.10545
1.26547
1.15183
0.971915
1.00264
0.722691
1.12913
1.19668
0.438204
1.30173
1.40361
0.968143
0.9517
0.496946
0.693201
0.999445
0.714175
1.86128
1.0499
1.02303
0.854767
1.23705
0.946804
1.53666
0.539466
1.20302
0.385965
1.33955
1.00232
0.881435
0.917525
1.31874
1.0854
1.22359
1.27343
0.914536
1.0264
0.997881
0.353758
0.984729
1.50311
1.30484
1.36454
1.19598
0.927823
0.744747
0.466339
1.04916
0.702579
1.4272
0.973672
0.766143
1.42893
1.56485
1.51704
0.625085
1.12763
1.53366
1.03277
0.812
1.13211
1.00287
1.68653
1.26644
0.843725
0.95871
0.707066
1.04843
0.927243
0.518838
1.97645
0.763565
1.08067
1.61337
0.876249
1.89062
1.25257
0.798221
0.634111
1.2715
1.77594
1.01634
1.34314
1.66351
0.677675
0.990797
0.802133
0.992153
1.10802
1.46454
0.744028
1.01929
0.84514
0.557201
1.07924
0.884898
0.948048
0.655804
1.34507
0.987244
1.05901
1.6639
0.312164
0.989841
1.12515
0.87715
1.12747
1.38593
1.31799
0.968284
0.908777
1.11527
0.583807
1.15694
1.29969
1.17536
0.806355
1.03025
1.18837
1.64184
0.738353
1.05193
1.64566
1.2736
0.833754
1.36834
0.741914
0.788114
1.36081
1.47509
1.26573
0.555286
1.18324
1.42711
1.60818
1.24867
0.472683
1.09696
1.04384
1.27765
0.602429
0.56386
0.871126
0.546257
0.528158
0.573536
0.947493
0.902171
0.667505
1.24354
1.37579
0.94948
1.9223
1.25351
1.04599
0.953028
0.873041
0.905405
1.33546
1.14292
0.748819
0.996912
0.848703
1.21989
1.00008
1.0812
1.08112
0.896397
1.53823
1.26512
0.871411
0.862681
0.816251
1.44621
0.837412
1.59564
0.853909
1.16495
0.767835
1.63513
0.721322
0.91666
1.30663
0.790298
0.877054
1.56159
0.973675
1.11772
0.663385
1.52794
1.05499
1.13904
1.19487
0.980279
1.18915
1.73581
0.936279
1.21107
1.45803
0.753287
0.800076
1.19822
0.920482
0.999017
1.3142
0.399912
0.997658
0.958346
0.852025
0.820667
0.735599
0.970916
1.05273
0.880744
1.11524
1.06559
1.53574
0.841818
0.971836
1.23297
0.716758
0.731163
1.28582
0.808614
0.968762
1.05544
1.09025
0.851939
0.544445
0.999389
0.904199
1.44542
0.374101
0.871208
1.0862
1.27832
0.729101
1.36861
0.865629
0.918709
0.798469
1.636
0.688924
0.645682
1.03575
1.28321
1.04325
1.72186
1.06177
0.757348
0.543437
1.21115
1.07793
1.1119
0.923906
0.83956
0.548722
1.01954
1.81315
0.734392
0.692718
0.867723
0.962123
0.734922
0.680875
1.48328
1.36053
0.86775
0.784752
0.855945
0.977059
0.462195
0.703222
1.27977
1.20107
0.633355
1.20941
1.50994
0.618485
0.941556
0.950089
0.400217
1.97899
0.92806
0.801516
0.923766
0.944297
0.730874
0.530913
0.872823
1.8613
0.538004
1.38085
1.15801
0.517093
1.15983
0.997963
0.985755
1.05115
1.36095
1.20496
0.619308
1.22024
1.30378
0.943146
1.02535
1.0037
0.894645
0.91773
0.832919
1.25322
1.04091
0.87767
1.04227
0.662702
1.12937
1.05352
1.32602
1.05361
1.20735
0.900257
0.972015
0.765262
1.09681
0.937808
1.49177
1.49125
1.10542
1.00375
0.803612
2.03159
1.37
1.31746
0.884213
1.73671
1.05232
0.591373
0.989314
0.708039
1.62666
0.515073
1.136
1.18606
1.05653
0.668336
1.15589
1.12618
0.635488
0.940151
0.745754
1.45067
0.809766
0.674658
1.46228
0.665673
0.691137
0.668741
0.898528
0.718055
0.935011
0.564007
0.824542
0.619116
1.02391
1.43182
0.951473
1.33088
1.72146
0.799559
1.13456
1.23871
1.1381
0.817313
0.784005
1.16557
1.52728
1.52626
1.31786
0.997614
1.02192
0.684162
1.70185
0.676855
1.09584
1.2412
1.21203
0.690649
1.16584
0.738455
1.74888
1.27669
0.914225
1.09042
0.703645
1.06949
1.49408
1.11133
0.573502
1.22803
1.28219
0.992446
1.57762
0.87334
0.91853
0.70865
1.38401
1.06244
0.838672
0.956505
0.935218
0.78685
0.587272
0.940683
1.19022
0.878106
1.17547
1.76804
0.556066
1.04214
0.908848
0.528189
1.13962
0.661605
0.871836
0.981328
0.946278
1.30559
0.920129
0.93338
0.371092
1.13325
0.412404
1.24012
1.45211
0.550482
1.62145
1.15614
0.875978
0.724805
0.941789
0.682254
0.857281
1.51743
1.09226
0.633174
1.11055
1.53494
0.699537
0.841095
1.16278
0.339455
0.747108
1.02211
0.944049
0.678298
0.904142
0.805298
0.826942
1.36948
1.1276
0.520352
1.29645
1.00659
0.744005
0.609408
1.20645
1.03186
0.963118
0.900053
0.803708
1.26568
0.745398
1.31864
1.21235
1.0452
1.06094
1.13321
0.4089
1.14616
1.01545
1.06268
0.925067
1.68447
0.626004
1.21234
0.525569
0.739143
1.0862
1.51263
1.08
0.702582
0.401594
1.09318
0.654878
0.959541
1.15258
1.09574
1.32048
0.861689
0.861587
1.2174
1.57061
1.03292
1.3795
0.98754
1.38229
1.10586
0.801236
1.37433
1.226
0.971846
0.976428
0.912887
1.11886
0.858194
1.40193
0.81804
1.04602
0.755095
0.681649
1.016
0.935979
1.0128
0.844089
0.723121
0.919756
0.747086
0.609011
0.788753
0.717115
1.3321
0.979151
0.859105
0.903414
1.1141
1.10196
1.16232
1.19529
0.631105
0.873796
1.7827
2.1708
1.49214
0.632899
1.13261
0.587525
1.32874
0.654661
0.878982
1.27154
1.07346
1.20826
1.03843
1.03339
2.0673
1.05713
1.18905
1.92068
1.08175
0.817738
0.884338
1.17418
0.70974
0.803826
1.06274
1.32207
1.53189
1.06866
0.824104
1.00611
1.3498
1.0131
0.851983
1.06336
0.716598
0.851693
0.99189
0.886454
0.608913
1.14498
0.809897
0.899112
1.07372
1.42581
0.94594
0.855622
0.935501
0.525464
0.558884
1.10306
0.40695
0.812543
1.63732
0.961049
1.05838
1.79469
1.47077
0.692299
0.963582
1.30303
0.866645
0.921364
0.875029
0.489337
0.770113
0.86946
1.6644
1.12204
1.08644
0.366066
0.483656
1.00253
0.775354
1.24439
0.813289
0.665573
0.821239
0.986029
1.08091
0.801327
1.38423
1.03877
0.916665
1.01154
0.815527
1.18724
1.63879
0.400162
1.39783
0.887941
0.959408
1.06137
1.47834
1.3385
1.39832
0.59035
0.970348
0.796851
0.920968
1.22838
0.878649
1.27119
1.2169
0.917562
0.533372
0.766279
1.23694
0.855089
1.322
0.43789
0.734452
1.10085
1.21383
0.947261
0.953964
0.754214
0.272332
1.11062
0.890405
1.2669
0.932962
1.03001
1.88837
1.18784
0.628405
1.27024
1.14829
1.2208
0.522704
1.58296
1.63895
0.936179
1.53421
1.59003
0.700319
0.820815
1.2736
0.798081
0.888103
0.426873
1.51556
1.01976
0.305341
0.772089
1.93009
0.684924
0.494361
0.52648
0.947109
1.48589
1.26022
1.42929
1.02707
0.895749
1.14977
0.726453
0.873598
0.574658
1.5946
1.82158
0.458812
0.793935
1.49991
1.16294
0.70754
0.977248
1.24226
0.442542
1.44305
1.04818
1.23704
1.2552
1.10306
0.810686
0.92183
1.13485
0.469551
1.11896
1.09991
0.448451
0.796781
1.19956
0.832472
1.12405
1.15473
1.19475
0.430172
1.1968
0.800394
1.17172
1.03716
1.41026
1.31641
1.52307
1.03462
1.09125
1.22477
0.468299
0.501031
1.28341
1.05428
1.21041
0.89974
0.696514
0.99559
0.736314
0.853729
1.16533
1.66858
1.30715
0.803147
0.76098
1.32139
1.02447
1.10951
1.35285
1.16139
0.757966
0.699644
1.59231
1.06136
0.722332
1.01964
0.998908
0.690883
1.11233
1.36349
0.993267
1.17256
1.1397
1.27053
0.947711
1.50463
0.95697
0.782612
1.71141
0.810525
1.1281
0.930133
0.93708
0.812643
0.984479
0.859685
0.843944
1.00731
1.52357
1.19713
1.01997
1.71115
0.666183
1.42762
1.08054
1.14913
0.558294
0.760333
1.07898
1.3499
1.35891
0.493859
1.44289
1.1838
1.33559
0.841157
1.06664
0.431788
1.06118
0.767778
1.02438
1.24951
0.774994
0.45598
1.44967
1.19112
0.642873
1.21717
0.81544
0.743551
1.01584
0.212645
1.23686
1.10162
0.844666
0.689428
0.704419
0.524971
0.874677
1.31907
1.04821
1.42262
1.07738
0.48387
0.766005
0.964771
0.489097
2.00712
1.54755
0.918676
1.17885
1.48957
1.13799
0.950351
1.00116
1.01018
0.849547
1.41882
0.923855
1.59465
0.905244
1.05133
0.696772
0.761165
1.31145
0.858047
1.27639
0.551581
1.16983
1.47998
0.498018
1.3606
0.82505
0.68482
0.861959
1.08798
1.06825
1.64443
0.582123
0.596616
1.20552
1.5914
0.836695
1.10812
1.37797
1.32274
1.1929
1.16147
0.901632
0.73628
1.16592
1.54095
0.778306
0.960557
0.90394
1.0969
1.04401
0.926627
1.24674
0.822498
1.23993
0.910386
2.06814
0.832658
1.03953
1.15836
0.513619
0.636108
0.951284
0.913501
1.14458
0.967306
1.54572
1.15817
1.71599
1.15952
0.964585
0.792324
0.957899
0.445421
1.08298
1.48014
1.30875
0.84253
1.33807
0.465336
1.62252
0.626627
1.195
1.00579
1.67752
1.4103
0.749834
0.533809
1.53647
0.369074
0.581902
1.13179
0.498578
1.1638
1.377
1.17683
0.563177
1.25309
0.923965
1.23286
1.38449
1.08855
1.16318
1.33934
0.655753
1.30543
1.07607
0.659521
0.930686
1.02152
0.870005
0.52456
0.823866
0.764378
1.2559
0.677403
1.09326
0.967943
0.587898
1.09284
0.409836
1.19007
0.936451
1.02049
0.730479
1.25904
0.935053
0.656242
0.776642
0.584046
0.888628
0.837017
0.833042
0.995246
0.673864
1.00187
0.91201
0.243478
1.39031
1.3977
0.895456
1.2911
1.42362
1.27606
0.821157
1.15173
1.67214
0.974655
1.19948
1.4791
1.28407
1.0297
0.819939
1.29423
1.28441
0.900616
0.711052
1.23933
0.932989
0.753552
0.891118
1.03614
0.819012
0.862827
0.727369
1.07207
0.803014
1.27915
1.16121
1.13762
1.23019
1.44863
0.501051
0.707517
0.638446
0.886964
0.553596
1.25241
1.00186
0.546985
1.65728
1.5822
0.624723
1.03278
1.31782
0.797166
0.643575
1.02444
0.801653
0.79067
1.43863
0.847976
0.81913
0.874911
0.763637
1.59917
1.45031
0.573945
0.642347
0.729799
1.75717
1.22251
1.17932
0.552015
1.01206
0.446931
0.950357
0.856378
0.709452
0.989119
0.877125
1.05549
0.963557
1.08317
1.11298
0.879641
0.651061
1.02886
0.706095
1.22524
1.1526
1.02847
1.76722
1.17417
0.912737
0.462571
0.615338
0.854826
0.354488
1.3545
0.968752
0.545304
0.613631
1.29484
0.974234
0.913641
1.047
0.792319
1.30358
0.842716
0.922769
0.709453
0.865483
1.53209
1.23958
0.86096
1.1148
1.25833
1.03705
0.433596
1.20858
0.529463
0.938158
1.05428
0.665512
1.15429
1.0989
1.22405
1.20249
1.81415
1.01989
0.363153
0.977039
0.735799
1.2887
0.987861
1.05743
0.543416
1.73969
1.05547
1.13213
0.556686
0.491256
0.941671
1.08149
1.44588
0.794168
1.40471
0.922814
1.4282
0.839632
1.23016
1.20761
0.985262
1.66323
0.985792
0.738133
1.46424
0.633055
1.11446
0.526474
1.02042
0.569886
1.11921
0.723402
1.31291
0.799763
1.1356
1.37533
0.556494
0.45144
0.881916
1.12145
0.942983
1.05059
0.907974
0.661141
1.04934
0.508532
1.33576
1.2245
1.32215
0.867338
0.996516
0.834214
1.24782
0.519722
0.946391
0.945142
1.42239
0.808893
0.873228
1.09638
1.08102
0.752517
0.973384
0.858308
0.750985
1.29923
0.935453
1.31901
1.02133
1.35353
0.850056
1.05727
1.10902
0.600197
0.861338
0.604672
1.09058
1.17627
0.802434
1.06664
0.673367
0.488994
0.698466
0.906722
1.46528
0.864252
1.12401
0.664733
0.980772
0.930446
0.544064
0.977664
1.18354
1.3465
1.02382
0.865941
0.805105
1.32547
0.458406
0.858909
1.2227
1.00579
0.953795
0.725392
0.971559
1.07093
1.43069
1.11337
1.22741
0.541437
1.08615
0.652688
0.808035
0.821655
1.58074
0.965584
1.13921
0.630369
0.842946
1.18336
0.856408
1.47692
0.49583
0.537594
1.35421
0.686405
0.953764
0.762606
0.812896
0.887352
0.635223
0.92552
0.695184
0.706236
0.913266
1.26275
1.12287
0.75207
1.62153
0.960724
1.12562
0.778943
1.73867
1.00895
0.891313
0.910624
1.22492
1.457
1.29298
1.12614
1.0659
0.901292
0.895586
0.81354
0.626888
1.83073
0.651245
1.43921
0.995214
1.17285
0.916956
0.927276
1.21139
0.439485
0.98381
1.20905
1.15739
1.0387
1.05944
2.3237
1.04881
1.39136
1.5996
1.13578
0.618401
1.16569
1.2579
0.963267
1.53872
0.870397
1.31441
1.00381
0.847557
0.53467
1.05861
1.52996
0.656907
1.26366
1.00065
0.868833
0.694762
0.92345
0.624067
0.824707
1.99527
1.43454
0.817303
0.971291
1.02913
0.989769
0.812791
0.773631
0.995262
1.28679
0.55437
1.28426
1.37742
0.941322
1.20416
1.15108
0.757727
0.974438
1.33729
1.3558
0.717376
0.966506
0.678906
1.38997
1.58623
1.36571
0.545793
1.2211
1.01347
1.45479
0.880972
1.29732
0.917195
0.823602
0.870068
1.14776
0.571841
0.96134
1.01833
1.09083
0.733973
0.916688
0.89468
0.535515
0.670546
1.20776
1.04263
1.50474
1.44889
1.46439
1.06448
1.26129
0.580459
1.51942
0.721649
1.38943
0.951137
0.385502
1.51764
1.20055
1.35365
1.38353
1.30917
0.473885
0.914513
0.721229
0.716727
0.745352
0.535036
0.937236
1.34998
1.40768
0.933566
1.33944
1.40676
0.756259
0.836656
0.902349
0.728709
1.08227
1.13106
1.39001
0.807532
1.51905
1.32566
0.703799
1.24223
0.402442
1.14614
1.82171
1.31282
0.72341
0.798188
0.672699
1.06149
0.950236
0.569477
0.838504
0.959391
1.44357
0.846855
0.773214
1.19139
1.81154
0.846775
1.00831
0.994313
0.906817
1.28544
0.623778
0.802654
0.918925
1.18995
0.989343
1.25858
1.18679
0.55285
1.04429
0.828544
0.732989
0.786371
0.734324
0.799204
1.38932
1.14427
0.881366
0.850088
0.873751
0.868419
0.639894
0.7508
1.49494
1.35812
1.13418
1.29992
0.476257
0.772938
1.2783
1.20338
1.55626
1.44584
0.646899
0.721469
0.769975
1.75839
0.880108
1.12747
1.00534
1.47322
1.87726
1.40167
0.987428
1.26166
1.06854
0.802724
0.999198
1.444
1.12191
1.19189
0.954932
0.385264
1.28317
1.46852
0.562593
1.22758
0.852681
0.636198
0.816896
1.01252
1.29994
0.855708
1.20462
1.46541
0.946656
0.723704
1.00147
1.04307
0.590693
1.41773
0.905044
0.762985
1.16216
1.12244
0.941143
0.805248
0.588538
1.44649
1.37971
1.00899
1.00611
0.709447
0.772677
1.85321
0.900742
1.52449
0.943302
0.73339
1.63599
0.781385
1.45442
0.976721
0.845215
1.57833
0.546788
0.465795
0.796568
0.513339
1.53519
0.799075
0.890438
0.397353
1.1603
1.61939
1.25222
2.10435
1.12406
1.15191
1.23998
1.03694
0.951503
0.733082
1.02079
0.835908
1.5909
0.740885
1.04422
1.18473
0.731017
0.67053
0.986798
1.02197
0.815869
0.685449
1.56728
0.91982
1.29029
1.31081
1.10035
0.93503
1.07942
1.32246
1.15069
1.31822
0.678481
0.540096
0.57469
0.697019
0.806967
1.20473
0.824602
0.807197
0.674426
0.936513
0.881167
0.956751
1.15179
1.02977
0.75396
0.562268
0.871393
1.22126
0.520309
0.869025
0.839677
0.915136
1.17532
0.800309
0.807415
0.6365
0.956842
1.07452
0.861448
1.3798
1.11069
0.560657
1.18252
0.775009
1.38902
1.28739
0.945948
1.13874
1.05944
0.793416
0.875735
0.761304
0.563306
0.88741
1.24116
0.822178
0.853588
0.547154
0.783377
0.997838
0.589781
0.625148
0.806874
1.01559
1.49347
0.748072
0.87515
0.710652
1.63682
1.28337
1.13224
0.647128
0.823857
0.85123
0.761645
1.14414
1.24758
1.19512
0.88055
0.909834
1.10536
0.607116
1.29465
1.08189
1.03043
1.15312
1.15342
0.864226
0.665831
1.33083
1.17553
0.613964
1.43622
1.33458
0.756511
0.983458
0.522745
1.25224
1.07379
0.547015
1.07211
0.939117
1.02398
0.8949
0.794724
0.690148
0.545208
0.554557
1.71072
0.938144
1.62526
0.915148
0.904446
1.05593
0.718953
1.34765
1.6443
0.955424
0.793268
0.638868
1.0917
1.3304
0.68697
1.2227
0.556635
1.18764
1.09194
1.19159
0.818423
0.609936
0.931282
1.13268
0.667946
1.74291
1.15033
2.04171
0.986357
0.757636
0.933611
1.45346
1.03408
0.916498
0.472293
0.682145
2.07916
1.16828
0.412147
1.50006
1.17667
1.26399
0.572546
1.1015
1.0825
0.581212
0.894635
1.42915
0.684579
0.482335
0.786899
0.663208
0.865011
1.06503
0.839721
0.850999
1.10323
1.24434
0.768988
0.889362
1.44139
2.24771
0.679151
0.900197
1.55899
0.564705
0.6315
0.929999
1.32262
0.67043
0.882016
1.09914
0.702438
1.02205
1.20273
1.02448
1.39117
1.47839
0.611917
0.813816
1.134
1.05916
0.98934
0.905511
1.19625
0.411259
1.81222
0.838836
0.614487
1.2194
2.04773
0.95104
1.1696
1.07407
0.804474
1.29867
1.22331
0.626237
1.26786
0.941023
0.952587
0.967403
1.17331
1.24393
0.768805
0.972272
0.492361
0.517689
0.91966
0.813037
0.823303
0.752879
1.27663
0.85416
0.851473
1.35411
0.832902
1.85697
0.462512
1.35121
0.472937
0.834577
0.994473
1.18761
1.72804
1.11469
1.21601
1.66212
1.0156
0.916833
0.962415
1.00715
1.01681
0.9047
1.28826
1.46189
0.94823
1.17023
1.45491
1.07941
1.25307
1.16011
1.10526
0.948756
0.704171
1.66933
0.836577
1.02669
1.04074
0.980823
1.49072
1.6423
1.10295
0.642491
0.883266
0.856146
0.942432
0.754374
0.475606
0.706613
0.7646
1.29025
1.01516
1.22327
0.910944
0.531165
1.96794
1.30831
0.937367
1.8459
0.729358
1.26199
0.820668
0.916797
0.857076
0.69009
0.528301
0.83758
0.84029
0.828202
0.68182
1.17674
0.847187
1.0461
1.14639
0.815309
0.663243
1.47822
0.948723
1.2615
1.00648
1.24405
0.605088
0.879898
0.512543
1.06604
0.986953
0.818565
0.635781
0.864776
1.06291
0.73959
0.912152
1.14418
1.67934
0.967651
0.590038
0.947412
0.640324
1.03731
1.0591
1.17294
1.66254
1.03224
0.943745
0.959901
0.753998
0.759844
1.35049
0.553999
1.04108
0.973387
1.10087
1.23717
1.33408
1.42519
1.50724
0.765488
1.31073
0.609725
0.775992
1.17592
0.556537
1.06641
1.16963
0.561724
1.19938
1.07725
0.914147
0.738824
0.826945
0.983863
0.698832
0.920897
0.995767
1.52333
0.679057
0.686627
0.771189
0.638542
1.04395
0.522534
0.862544
1.26663
0.852779
1.02244
1.26781
0.760769
0.381957
0.890581
1.05346
1.98112
1.03822
0.78994
0.747668
0.812592
1.00251
1.14101
0.941546
0.706925
0.967193
1.30328
0.432704
1.17895
0.979956
1.14264
0.953137
1.3041
1.29025
1.18688
1.4988
0.45324
1.18751
0.628181
0.933041
1.3153
0.680619
1.08024
0.406165
0.970839
0.96307
1.2815
0.814482
0.811807
0.982373
0.629533
1.01857
1.27795
1.02889
1.04136
1.62519
0.699055
1.40798
0.889314
0.788112
1.27189
0.713464
0.404039
0.755056
0.682343
0.919245
1.74186
0.928503
0.824842
0.612401
1.62106
0.581937
0.870348
1.0255
1.21324
0.453708
0.694009
0.621146
0.936871
1.10047
1.50448
1.38704
1.06331
1.07692
0.973093
0.837806
0.727954
0.813918
1.11408
0.79583
1.01091
1.24306
1.06823
0.754919
1.52196
1.3949
1.01765
1.19688
0.760414
0.770453
0.865552
0.850215
1.09406
1.0932
1.21429
1.04633
0.995002
1.56526
1.0905
1.4644
0.52613
1.01535
1.17706
1.16117
0.979662
0.607268
0.470038
0.613811
1.08257
1.07283
1.10397
0.986829
0.515079
1.4498
1.64614
0.494702
0.920873
1.17677
0.714386
0.871619
1.41589
0.680948
0.663074
1.11544
1.00693
0.995632
0.733186
1.23994
0.898641
1.10939
1.22963
0.814603
0.917804
1.36771
1.21556
1.14517
0.64015
0.517364
1.50914
0.945314
1.10858
0.589995
0.899738
0.619235
1.26416
1.34884
1.62875
1.03077
1.52181
0.59935
0.837634
0.739983
0.902493
1.20449
0.958194
0.767532
0.522461
0.956063
0.88117
0.724703
0.46843
0.793152
1.32494
1.46464
1.00817
1.24656
0.618554
1.53388
0.912714
0.873691
1.34397
0.605023
1.17882
0.794219
1.07967
0.701252
0.806658
1.58654
0.378411
0.716221
0.910287
1.46732
1.41984
0.61393
1.00658
0.529236
1.11897
0.68122
1.763
1.25846
1.80732
1.70733
1.69897
0.842596
0.770405
0.680649
0.770826
0.956686
0.932427
1.16883
1.26729
1.10203
1.10966
0.887683
1.08517
0.545544
1.03986
1.43411
1.11428
0.905974
0.630445
1.18084
1.27055
1.03976
0.566527
0.858415
1.12254
1.1958
0.531651
0.777574
0.963868
1.01731
1.20644
1.31439
1.23973
0.848203
0.881519
1.18179
0.994938
1.28027
0.943184
1.28505
1.27643
1.17316
1.07536
1.04821
1.2822
1.00815
1.13744
1.17919
0.601699
1.01492
0.60968
0.704473
0.764547
0.55848
1.1862
0.82398
1.09129
1.26286
0.921959
0.689812
0.852784
0.820555
0.696939
0.606475
1.37153
1.02683
1.21974
1.0247
0.785405
1.03316
0.998201
0.988736
0.902715
1.57226
1.1418
1.59913
0.676453
1.22744
1.35449
0.838176
0.299785
1.76971
1.42214
1.00624
1.23256
0.92204
0.894803
0.941282
1.18809
0.835634
1.4256
1.16596
1.33233
1.09277
0.63827
0.644322
1.37852
1.03121
1.02474
1.12104
0.835133
0.786296
0.527326
0.650976
1.2642
0.777365
1.13635
0.875773
1.33904
1.24956
1.00172
0.88958
1.82047
0.699016
0.849985
0.641104
1.25329
0.579801
0.708065
0.482127
1.09103
1.31062
1.00494
0.643877
1.13947
0.485136
0.800993
1.4523
1.27303
0.686291
0.647457
1.11029
0.631157
0.96265
0.631409
0.592875
0.692206
1.20202
0.899715
0.881311
0.939825
1.38266
0.937449
1.19912
1.07607
1.05906
0.822075
1.21941
1.15497
1.08193
0.260242
0.591537
0.940704
1.03999
1.00529
1.60784
0.736914
1.39974
0.912053
1.19515
0.58521
0.931316
1.76575
0.581805
1.10785
1.14555
1.7941
0.497958
1.4149
0.559952
0.777274
0.767087
0.830614
0.799808
1.3854
1.48241
0.367022
0.804556
1.19883
1.17636
0.924503
0.527454
0.519762
1.40414
1.02305
0.662019
0.947503
0.759345
0.833305
0.67199
1.3014
1.08372
0.755591
1.03002
0.726652
0.75629
0.94605
1.13668
1.33822
0.666306
0.886224
0.675869
1.03656
1.04118
0.904426
1.0246
1.03843
1.21437
1.31719
0.894085
0.833383
0.906523
0.650285
1.09831
1.2696
0.894355
0.626803
1.11593
1.03379
0.887687
0.806001
0.989863
1.2952
1.21546
1.08338
0.557763
1.32844
0.999392
1.30422
0.771081
1.41907
0.961594
1.03954
0.665697
0.707165
1.51356
1.06272
0.897171
1.65158
1.25104
1.36614
0.933063
0.641838
1.22916
0.846828
1.26793
1.61833
0.848579
1.73281
0.443184
0.657741
0.846753
1.3694
1.62829
0.91241
1.3735
0.942548
0.768908
0.929211
0.689577
0.896883
0.950504
1.31192
1.06807
0.49414
0.595061
1.16981
1.04784
1.29145
0.744111
1.27322
0.510013
1.00746
1.00748
0.825733
0.896499
0.927088
0.563989
0.803966
2.23521
0.963451
1.4837
1.29741
0.8964
1.23216
1.47947
0.815086
1.03124
1.05499
0.641597
0.638155
0.59305
0.724128
0.384464
1.07845
0.841759
0.663432
1.2444
1.37324
0.858854
0.730524
0.637288
1.10329
0.970174
1.53682
0.784299
1.28957
0.699985
1.28655
1.71375
0.759093
0.922937
0.539546
1.05368
1.10289
1.6471
0.710605
0.853856
2.56143
0.56431
0.923068
1.4741
1.28396
0.886762
0.532554
0.984521
0.840072
1.02129
0.856389
0.568868
1.06606
0.653333
0.571715
0.642509
1.38558
0.738022
1.42703
1.53708
1.35779
1.17434
0.982475
0.852399
0.927044
1.42627
0.558026
1.57903
1.20277
0.936493
0.713612
1.29888
1.13003
1.48482
1.40928
0.540844
0.993041
0.606058
1.10028
1.45277
0.948294
0.490671
0.860581
1.18804
1.01686
0.531561
0.39226
1.26665
1.2182
0.747767
1.04654
0.649681
1.40419
1.42917
0.905455
1.09021
0.878222
0.95013
1.43159
0.791641
0.648382
0.586923
0.838556
1.05572
0.388487
0.719826
0.922584
0.839623
1.00091
1.07677
1.10846
0.86646
0.798122
1.24924
0.949239
0.47955
1.12536
0.547099
0.954807
0.648583
1.36817
1.01654
0.836269
1.62255
1.1697
1.16625
1.38796
0.669081
0.810963
1.31163
1.4116
0.793576
0.854325
1.2801
0.806684
1.09031
1.30372
1.12282
1.44703
1.12287
1.38175
1.17829
1.21567
0.942012
0.61181
0.961078
1.4919
1.24959
1.10462
0.50922
0.871909
0.862595
1.31247
1.08467
1.20427
1.2896
0.946865
0.662113
1.16742
1.44293
1.00245
1.28334
1.31028
0.792701
1.28642
1.16265
0.853009
0.377444
0.793385
0.893092
1.17931
0.68335
0.608602
0.861441
0.511619
0.890006
0.855482
0.682259
0.600014
1.53014
0.880914
0.555608
0.78846
0.934192
1.13893
0.681664
0.49118
0.977709
0.766486
0.611369
2.08113
1.50565
0.632435
0.906829
1.15242
0.775109
1.28119
0.975075
1.08772
1.01115
1.00936
1.00643
0.464571
1.04546
0.32724
0.925023
1.07345
1.63518
0.595116
0.882152
0.338823
1.01523
1.53481
0.847177
1.21055
1.35896
0.828248
0.794778
1.01595
0.750704
1.26003
0.559454
0.851071
0.955399
0.662606
1.77337
0.946147
1.01224
0.88976
0.958096
1.84304
0.422333
1.29647
0.547103
0.637009
0.934701
0.972933
0.734398
0.931934
0.987342
0.94574
0.950761
0.507183
0.674871
0.760749
0.681242
1.3228
1.93907
0.671808
0.927304
1.24277
0.635959
0.641239
0.844448
1.30659
1.29572
0.51255
0.809556
1.31155
0.869826
1.04606
1.05838
1.01408
0.336518
0.962417
1.16549
0.93858
1.22564
0.930271
1.33679
1.21129
1.80153
1.14321
0.727328
0.983633
0.704025
1.33398
0.725345
1.18555
1.9787
1.15705
0.802797
1.1185
1.14549
1.09255
1.02217
0.708829
0.716278
0.844097
0.740823
1.17223
0.69758
0.939219
0.785954
0.829799
0.962344
1.46909
0.659409
1.14299
0.970186
0.910489
1.08684
1.6783
1.09564
1.06899
1.4099
1.15739
0.582006
1.48501
0.882698
1.19858
1.30295
0.68162
1.06826
0.919618
1.0185
1.24356
1.30255
1.28481
1.4507
0.741256
0.710628
0.713266
1.14851
0.782637
0.788786
0.388634
1.6849
1.62442
1.64051
1.01278
0.682269
1.09326
2.83748
0.910874
1.11618
0.704052
0.637359
1.43733
1.25171
0.847488
0.863917
1.8172
1.06267
0.652385
0.453147
1.20419
0.855708
0.89408
0.858817
0.989769
1.0628
1.05938
0.954849
1.51344
1.66779
0.52717
0.949727
0.956845
1.41369
1.05545
1.01921
1.03102
0.978106
1.01166
0.955313
0.835367
0.791929
1.2216
0.933318
1.39341
1.66728
1.44082
0.603937
2.4584
1.15283
0.95003
1.1518
0.532033
1.13637
0.570695
1.20387
1.3458
0.657415
0.965647
1.0115
1.22903
1.02252
0.729748
0.774955
1.28237
1.08395
1.01064
0.64082
0.831357
0.870522
0.588325
1.24466
1.39744
0.634778
1.20536
0.978784
1.23168
1.3381
0.397117
0.964145
0.682366
1.38177
1.76648
0.620099
0.849124
0.754095
1.55711
0.943067
0.681302
1.07096
1.04326
1.34531
1.10281
0.706649
0.59948
1.32111
0.973356
0.977583
1.33992
0.709003
0.617452
1.6612
1.09085
0.935825
0.764053
0.652972
0.618069
0.820023
0.85042
1.24196
0.648358
0.806821
1.43604
1.2189
0.739401
1.00184
1.25883
0.831673
0.485645
0.594593
0.668623
0.321108
0.796131
1.16746
0.73136
0.884388
1.05052
1.0698
1.03273
0.756172
1.38895
0.826343
0.651466
0.60774
1.3384
1.61886
0.704281
1.28233
1.05652
0.48004
0.960694
1.24704
1.2996
1.40774
1.1441
1.16366
1.18246
0.626274
0.968283
1.37715
0.872649
0.755921
1.23912
0.874069
0.874692
0.96882
1.74261
1.18945
1.00931
1.18402
1.17153
0.947304
0.613019
0.810432
0.996059
1.19565
1.02128
0.930997
0.732271
1.56172
1.11896
1.03367
0.395699
0.940692
1.3065
0.900532
0.842533
0.781709
1.18969
0.832439
1.07447
1.01035
0.796266
1.00637
0.950472
1.00975
0.737863
1.357
0.562237
0.786316
1.14765
1.13134
1.05055
0.830275
1.28226
1.69989
0.703099
0.671509
0.459312
0.470417
0.440899
1.53999
0.795215
0.75073
0.742864
1.01892
0.987024
1.34294
0.611987
1.10116
0.972428
1.79541
0.52668
0.480225
0.670826
0.93209
1.11623
0.902725
1.41368
0.977384
0.964599
1.3235
1.41686
1.30459
0.606083
1.25554
0.701967
0.604509
0.796409
0.868301
1.15793
0.724074
1.33908
0.999853
1.02638
1.42049
1.0165
1.65913
1.74209
0.736734
0.740623
1.01589
0.974006
1.13332
0.795908
1.04649
1.23788
0.524051
1.24174
0.955955
0.656976
0.472171
0.729576
1.07255
0.715769
0.89755
0.982064
1.16199
1.09247
1.30615
0.762715
0.836491
0.472728
1.11772
1.34059
0.933757
0.647184
1.05431
0.591258
0.803828
1.16905
1.16178
1.79089
0.766921
0.968042
1.17233
0.569827
0.984271
0.794769
0.54536
1.26086
1.0344
1.25265
0.955325
1.18531
0.880056
0.901971
0.784963
1.16496
0.753179
1.07323
1.0747
0.635843
0.98031
1.72579
0.527973
0.667565
0.708144
0.983714
0.843553
1.02135
0.79525
1.17198
1.47599
0.922102
0.923995
1.25554
0.8868
1.20014
0.637243
0.848704
1.25449
0.575628
1.20446
1.64247
0.702051
1.76204
0.717163
0.661002
0.801896
0.895248
1.16724
1.49724
1.30226
1.09207
0.977522
0.69107
0.957551
1.25047
0.922271
0.748553
0.850746
1.43157
0.944724
1.50892
0.992037
1.0099
0.589317
1.10723
0.689782
0.618472
1.28475
1.24465
0.817283
1.19602
0.688979
1.08072
0.825584
1.13701
1.81773
1.27964
0.572844
1.6655
1.07646
1.26108
0.700127
1.84829
0.563524
1.12624
1.18048
1.10437
1.32735
1.47786
0.480283
0.934916
1.2005
1.485
0.877932
0.780551
0.65045
0.987618
0.695034
0.958541
0.755304
1.34943
0.621446
0.995773
1.20364
0.745814
0.817944
1.08104
1.09143
1.20678
0.373766
0.87685
0.57216
0.839721
0.888216
1.30501
0.641214
1.06479
1.12473
1.01899
1.08883
1.01848
0.898864
1.03973
0.664407
1.64374
0.982578
1.49372
0.911366
0.996833
0.874474
1.20401
1.24108
1.0172
0.747993
0.728112
0.976075
0.905764
0.95077
0.841315
0.992481
2.04626
1.08174
1.53617
1.13411
0.882672
1.19347
0.400541
1.36683
0.837894
1.0837
0.787271
0.842784
0.959364
1.32203
0.874536
0.994174
1.16957
0.495091
1.10748
0.565617
1.06772
1.11199
0.793146
0.854493
1.14022
0.928794
0.910881
0.892235
1.67338
0.997481
0.679019
0.952978
1.41897
0.680392
0.900524
0.740424
1.14101
0.524043
0.720748
1.13202
0.75428
1.21626
1.02935
1.43966
0.589896
0.403631
1.01174
0.941421
1.3351
0.748004
1.62523
0.846587
1.03192
1.50801
1.19992
0.703467
1.0161
0.502235
1.59528
1.06555
0.536044
0.724226
0.853131
1.21186
1.05949
0.654258
0.971504
1.38913
1.05481
1.23866
0.955507
1.32946
1.09176
1.33911
1.60376
1.50867
1.36698
0.922202
0.706435
0.703688
1.47253
1.34828
0.532386
1.05197
1.2498
0.95277
0.720101
1.71994
0.567901
1.22032
1.47537
0.663844
0.657755
0.770421
0.74624
1.23867
0.923339
0.480192
0.662476
0.820877
0.984885
0.973738
0.959057
1.52663
1.07321
1.03852
0.684782
1.39892
0.841518
1.38616
1.18155
0.901905
0.814469
0.999558
1.2015
1.94334
1.35575
2.21133
0.90258
1.10105
1.35789
1.39352
0.452182
1.47909
1.09697
0.752892
1.19092
1.07636
0.889848
0.994905
0.614816
1.21951
1.07388
0.712576
1.13209
0.977275
0.870453
1.16367
1.13432
1.06328
1.11969
1.24295
1.12129
0.922589
0.499667
1.30396
0.622458
1.19908
0.825329
1.0517
1.3646
0.995083
1.38394
0.74752
1.03616
0.789919
1.07324
2.21736
1.26924
0.788806
0.930683
0.817344
0.824567
1.52965
0.82386
0.817649
1.23508
1.38984
1.08868
0.77896
1.04177
0.70723
0.991286
0.587195
1.18895
0.885517
1.57276
0.755141
0.954438
0.952666
1.08816
0.840752
0.824483
0.709807
1.15042
0.471559
0.53396
1.00001
1.44237
1.36533
1.60346
0.75194
1.26105
1.05469
0.817457
0.978903
1.51257
1.1561
1.24434
0.908486
1.55215
1.05812
0.542118
0.532036
0.945126
0.56731
0.871787
1.27283
1.26914
0.381739
0.337058
1.93382
0.775395
1.09751
1.1001
0.81623
1.0309
0.6282
1.05308
1.29664
1.2773
1.10893
0.958769
0.752923
1.768
1.06959
1.51247
1.53991
0.621149
1.08969
0.718482
1.6827
0.694823
1.21745
0.629497
1.23942
0.706394
0.958093
1.36436
0.747418
0.803836
0.632955
1.09322
1.06986
1.21727
0.871843
0.899601
0.92422
0.980382
1.08646
1.36723
1.14747
1.0799
1.25634
1.51273
0.843022
0.403044
0.71388
1.1634
0.766533
0.832738
1.14091
0.958969
0.711478
0.902788
1.12008
0.91493
1.10452
0.803582
1.45576
0.844099
1.23046
0.874699
0.688252
0.441347
0.745334
1.32268
0.669372
1.07203
1.33468
0.999486
0.567381
1.34974
0.805063
1.28329
1.6128
1.06661
0.917456
0.798538
1.10964
1.56534
0.934607
1.18921
0.807603
0.855314
0.633424
1.06428
1.23716
0.706051
1.01777
1.26425
0.63389
1.01197
0.536182
0.714709
1.91372
1.04787
0.800923
0.691161
1.02735
1.22327
0.67928
0.616094
0.971409
0.794159
1.13376
0.418163
1.45323
1.22069
0.833796
0.951168
0.592959
1.0289
0.963058
0.606527
0.70916
1.58039
0.863331
1.50016
0.753669
0.826471
0.937299
1.37711
0.783315
0.935926
0.853961
0.882196
0.854376
1.63543
1.1085
1.16806
1.43534
1.29459
0.440988
0.691254
0.967976
1.24879
0.71344
1.16009
1.38044
1.59265
0.748551
0.771472
1.21811
1.36487
0.65542
0.96775
1.26299
1.32157
0.748076
1.30078
1.18215
0.964858
1.03701
0.588968
1.25918
0.983747
0.819533
0.753465
1.23447
0.837003
1.10162
0.845217
2.02105
1.14442
0.594996
1.65038
0.759251
0.86719
1.06729
0.975208
0.754667
1.17227
0.895696
1.45167
0.764743
0.982819
0.658662
1.22264
1.23371
0.813819
1.14853
0.86447
1.20946
0.741133
1.36088
0.781396
1.00631
1.41987
0.866855
1.21536
0.987187
0.868093
0.832289
1.12985
1.44115
0.819106
0.55852
1.02853
0.932108
1.47533
1.0611
1.46857
1.01794
1.24011
1.49705
0.587168
1.23698
1.02455
0.704793
1.04496
0.767874
0.703435
1.65511
0.973566
0.943644
0.962099
1.42603
0.93008
1.34448
0.820889
1.07737
0.769099
1.08377
0.801901
0.86948
0.767904
1.20816
0.943253
1.0983
0.615425
0.455991
0.94799
0.923851
1.29309
0.686638
0.500952
0.422936
0.842233
0.870583
1.21368
1.48538
0.908847
0.880158
1.30647
1.07136
1.16917
0.833352
0.992102
0.613182
0.79257
0.753684
1.12044
1.70506
0.601386
1.1766
1.29625
1.28471
0.762185
1.9323
0.760276
0.930015
1.26815
1.38446
1.11495
0.657362
1.67094
0.799121
1.26355
0.728672
0.896477
0.614248
1.09356
0.912031
1.24388
1.12725
0.426759
0.816775
0.705183
0.946003
0.794461
1.04939
1.03449
0.64205
1.24339
1.35281
0.506374
0.739888