0.966979
1.13725
1.08511
1.00794
0.984494
1.26035
1.09013
0.973127
1.04331
0.890261
1.05845
0.975297
0.950227
1.11081
1.00942
0.910699
1.15463
1.20961
0.908012
0.927529
1.02079
0.982668
0.930991
1.15976
1.03967
1.02246
1.06608
0.984737
0.992037
1.14039
1.19638
0.91129
0.923828
0.990796
1.18159
1.2522
0.952631
0.975242
0.922435
0.938964
1.14976
0.806639
1.09511
1.1094
1.16578
1.05396
0.880141
1.02948
1.25594
1.07036
0.977203
1.00517
0.948731
1.04719
1.17445
1.06676
0.883445
1.05283
1.00787
0.788008
1.0017
0.982518
0.957192
1.16686
1.01014
0.954119
1.01138
0.867758
1.00148
1.05319
0.917159
0.870823
1.04496
0.991835
1.03499
0.89804
1.05013
0.999698
1.1151
0.986183
0.83401
1.03571
0.958972
0.942173
0.739857
1.03653
0.951834
1.01688
1.12781
1.18109
0.874569
1.08753
0.996206
0.999609
1.04192
1.17178
1.05156
0.985924
1.07014
0.983319
0.957626
1.14985
0.896869
0.854414
0.926037
0.97732
1.01888
0.943215
1.07736
1.00233
1.00237
1.1551
0.979885
0.934439
1.00376
0.949727
1.08067
0.999177
1.09276
0.889908
0.973115
1.03775
0.943565
0.935927
0.981236
0.848766
0.944102
0.972393
1.02464
1.113
1.17477
1.05809
1.07968
0.97144
1.09719
0.917125
0.935602
0.978902
1.00571
0.91119
1.14645
1.10272
0.971445
1.04509
0.995643
0.963641
1.0461
0.982635
1.03122
0.930638
1.02034
1.01154
0.871574
0.872689
0.960198
0.986997
1.00078
0.938263
1.01188
1.03749
1.2754
1.10291
0.91776
1.03626
1.19128
0.828194
1.00741
1.01932
0.991726
0.858782
1.15913
0.965257
0.824693
1.01298
0.900494
0.955664
0.947986
0.989891
0.979963
1.08951
0.967342
0.78581
1.12429
1.02029
1.08035
1.1017
1.07852
0.939101
0.971671
0.955248
1.10486
1.01442
1.10634
1.13332
1.21556
0.959276
0.875828
0.881076
1.0372
0.926837
1.03281
1.13663
1.13597
1.12976
0.913547
1.09732
0.912112
1.08864
1.03409
0.944742
1.01747
0.772314
1.26779
0.919676
1.0173
1.01198
1.06427
1.0087
1.02816
1.03653
1.19968
1.01381
0.906419
1.26857
0.897202
0.918113
1.18941
0.934967
1.20481
0.93635
0.861219
1.18091
1.08489
1.06299
0.938698
0.992504
0.961799
0.932784
1.00381
1.01692
0.989132
0.913373
0.991771
1.05094
0.961729
1.01818
0.95074
0.906881
0.913918
0.958526
1.04491
0.844894
0.972124
1.07323
0.912924
0.917768
1.1419
0.999147
1.02828
1.04757
1.02592
1.00342
1.04462
0.94919
1.12273
1.03129
0.970237
0.84929
0.934216
1.01203
1.10487
1.05306
1.21511
0.90317
0.985492
1.00799
0.902217
1.18919
0.946757
1.03887
0.872312
1.09374
0.886002
1.0246
1.0364
0.989096
0.970457
1.01728
0.9986
0.952266
0.866241
0.973787
1.0287
0.992197
0.93562
0.958225
1.09984
0.962677
0.971608
0.906564
0.983424
1.06185
0.871144
1.01213
1.07817
0.993372
1.19754
0.994721
0.88653
0.918757
1.11994
1.11535
1.00301
0.962105
0.991544
0.865935
1.11433
1.09287
1.12296
0.985428
1.06414
0.986778
1.07221
0.956007
0.94466
0.928348
0.862244
0.992125
0.951312
1.05014
0.958461
0.740177
0.988113
1.16461
1.10338
1.08569
0.941432
1.03576
0.968056
0.982463
0.920012
1.0121
0.997626
0.959316
1.037
0.822069
1.04683
1.17377
0.997774
0.993854
0.934257
1.1738
0.918951
0.997116
0.998444
0.856614
0.945379
0.921193
1.01024
0.80993
1.09841
1.08711
0.968513
0.911653
0.812611
0.928087
0.881825
0.784675
0.803168
0.902233
0.999107
1.09148
1.04844
0.945744
0.964331
1.10399
0.853468
0.858335
0.990594
0.806788
0.788947
0.943655
1.00999
1.1029
0.775031
1.20888
1.02241
0.940307
1.05088
0.961012
0.860749
0.932351
0.952841
0.897587
0.963331
1.00153
1.08537
0.90104
0.923682
0.979582
0.90645
0.986761
0.910239
0.786123
0.969998
1.0164
0.886915
1.05806
0.898743
0.96271
0.972027
1.08832
0.793076
1.09752
0.905391
1.04792
1.22551
0.982607
1.02583
1.13031
1.01899
1.09574
0.995557
1.15945
1.00046
0.997721
0.874335
0.891531
1.01088
0.929348
0.968844
1.13188
1.06842
0.914337
1.1967
1.14055
0.964786
1.0452
1.03549
1.01292
0.817067
0.951017
0.997817
0.928199
0.764442
1.10088
0.868119
0.921407
0.948037
1.07591
0.937189
0.95745
0.902839
0.973567
0.838407
1.1891
0.926673
0.801528
0.924301
1.13098
0.964012
0.985724
1.02889
1.10414
1.05747
0.987291
0.98083
0.93009
1.09509
1.04864
0.874843
0.988091
0.91343
0.991257
0.96327
1.11894
0.919018
0.889982
0.966059
0.883546
0.927259
0.974117
1.03478
0.911144
0.976289
1.09526
1.11317
0.973253
1.07199
1.13346
1.02927
0.945726
1.05734
0.970102
1.06201
0.973841
0.974824
1.09656
0.989478
0.923165
0.966725
0.949594
0.932913
1.01047
1.03627
1.05541
1.06056
1.054
0.974825
1.0469
0.990106
1.0354
1.03831
1.08695
1.08821
1.2516
1.0498
1.108
1.03552
1.04142
1.09513
0.963641
0.907514
1.11821
1.11378
0.921221
0.915541
1.04091
0.91301
1.05049
0.945133
0.865492
0.871674
1.05918
1.13757
1.02354
0.948071
0.782719
1.19582
1.11675
0.97487
0.970672
0.86581
0.967057
0.935766
1.12875
1.16192
0.982985
0.864757
1.00402
1.0967
1.10238
0.870348
0.911783
1.07617
0.953946
0.953968
1.03268
1.03325
1.05671
0.918087
0.865569
0.96656
1.01655
1.24651
1.01714
1.00621
1.32753
1.04047
0.916307
0.976167
0.867148
0.920135
1.16045
0.975146
1.02996
1.03639
1.03846
0.878522
1.00171
0.871843
1.11468
0.985977
0.966263
1.12424
1.08302
0.960081
0.997077
1.06004
0.953685
1.21294
0.924459
0.924405
1.16315
1.10389
0.945718
1.11465
0.971425
1.14327
1.19606
0.875023
0.916358
1.10438
0.945206
1.13294
0.955065
0.952145
1.12655
1.13949
1.23635
0.953296
1.03701
0.858537
1.01636
0.91647
1.0337
0.872327
0.819627
0.85018
0.847942
0.848745
0.929181
0.895497
0.979221
1.108
0.989937
0.931099
0.914107
1.00037
1.03999
1.054
1.08274
0.845685
0.75538
1.11178
1.01174
0.812947
1.06625
0.996118
1.27878
1.0921
0.792827
1.09244
0.943671
1.19074
1.10722
1.03406
0.850026
0.914855
0.922302
1.06444
0.908126
0.996518
1.01149
0.852195
1.05536
0.856909
0.891026
0.96741
1.01801
0.888062
1.07183
0.972743
1.05733
0.781007
1.01921
0.930576
0.931914
0.8653
1.05988
1.07169
1.09926
1.02802
0.88617
0.930907
0.947476
1.01566
0.921625
1.07168
0.917977
0.913301
0.938319
1.07329
1.1834
1.02807
0.972957
1.02794
1.1172
1.09895
0.947107
0.922777
1.10579
1.06284
0.82213
1.08091
0.845111
0.936901
1.09821
1.03229
1.0502
0.991072
0.898852
0.941998
1.11829
1.02013
0.980081
1.01232
0.926799
0.966518
0.978137
0.972734
1.07534
1.1256
1.02068
1.00509
1.04796
0.935568
0.969451
0.98422
0.99379
1.02722
0.899158
0.884852
1.0048
1.07231
1.11637
1.08256
1.06392
0.932369
1.02763
1.12939
1.07409
1.00902
0.799792
1.13027
1.08236
1.0497
0.95262
1.06846
1.18033
0.936522
1.105
0.87655
0.95607
1.02967
1.01737
0.909864
0.889282
0.980799
1.07558
1.17701
1.08362
0.868748
1.03185
0.994861
1.05955
1.02586
1.18203
0.980888
0.883968
1.06829
1.00147
0.909688
0.957843
1.1053
0.974418
0.925384
0.892616
1.06219
1.09563
1.0204
0.908746
1.01952
0.738945
0.970222
0.862019
1.23846
1.13363
0.962394
1.01489
0.909578
1.11585
1.02718
1.06708
1.2137
1.00231
1.00451
0.937855
0.858601
0.874016
1.21241
1.25268
0.859843
0.95744
1.15022
1.03315
1.00575
0.932605
1.00283
1.01451
0.832458
1.14085
1.09715
1.02684
0.91371
1.07052
0.990305
0.900645
1.01974
0.856107
1.15893
1.0022
0.99357
0.913565
1.18567
0.926777
0.967855
0.911808
1.14017
0.964614
1.01722
0.998649
0.947803
0.960183
0.96216
0.820658
0.896343
0.821042
1.01784
1.04111
0.923635
0.799032
0.972208
1.25711
0.861994
1.05132
0.919797
0.946706
1.01567
0.853118
0.914238
1.05139
0.951298
1.07738
0.872469
1.14898
1.18163
0.967339
1.12944
0.994595
1.00756
0.832478
1.04916
0.94669
0.857001
1.05094
0.87537
0.991669
1.02515
0.888986
1.1316
0.945262
0.869254
1.10508
1.19749
0.944408
1.07154
0.99072
1.0503
0.975221
1.04222
0.989693
1.04641
0.764816
1.15762
1.01495
0.918491
0.959744
1.09856
0.995112
0.953989
0.935474
1.04724
0.87678
1.13016
0.983277
0.862354
1.00042
0.851585
0.982964
0.881785
0.968126
0.969173
0.970151
0.924242
0.882017
1.07166
1.13364
1.00693
1.17306
1.2054
1.06398
0.948953
0.962984
0.972219
1.1388
1.10511
1.30848
1.097
1.13806
0.985592
0.839947
0.989517
1.13318
0.886761
1.02356
0.957881
1.04252
0.850491
1.14393
1.07631
1.11891
1.0129
1.00395
0.932465
0.920933
1.08313
0.976672
0.89892
1.0226
1.0052
1.04362
0.918587
0.944027
0.864442
0.969136
1.1736
1.1699
0.871186
0.963114
0.85595
1.06537
0.959325
1.00275
1.04722
1.00013
0.989075
0.89024
1.11191
1.05203
0.930176
1.18584
1.1044
0.994034
1.0696
1.02205
1.04846
0.90842
1.20729
0.872948
0.836523
0.710193
1.0773
0.95386
1.13469
1.07995
1.06466
1.18974
1.08085
0.99465
1.00435
1.16048
1.04342
0.861211
0.891178
1.03907
0.962498
1.02613
0.934827
1.05186
1.11998
0.91254
0.950302
1.33021
0.96084
0.965332
0.942769
0.993443
1.03603
0.910442
0.959294
0.963624
1.1268
0.879766
0.960768
1.05803
0.966727
0.862293
1.06787
0.891302
1.06907
0.968469
1.01094
0.980027
1.22252
1.01525
1.06958
1.01676
1.08903
1.00769
0.903132
0.948424
0.944788
0.993169
1.25403
0.990267
0.9307
1.08482
0.929804
0.978605
0.857939
1.07819
0.879021
0.964466
0.887615
0.955726
1.2509
1.07804
1.05114
0.963932
1.03695
0.867497
0.810473
1.10927
0.771952
0.866623
0.892389
0.937918
0.793688
1.03848
1.06216
0.861538
0.895504
1.03735
0.963748
1.02454
0.94597
0.974398
0.993448
0.991379
1.09462
0.96371
1.08026
0.970122
1.03176
1.03084
0.885122
0.980811
0.954081
0.897208
1.0118
0.963743
1.18374
1.09568
1.02619
1.09157
0.984799
0.8925
0.958132
1.00759
1.21009
1.01504
1.22084
1.10007
0.943259
0.99744
1.00712
0.998579
0.803674
1.04621
1.21368
0.810217
1.04458
0.933903
1.12738
1.06061
1.13481
0.987754
1.37105
0.975302
0.941897
0.941296
1.11259
0.963191
0.898541
1.10637
0.885018
1.07095
1.1448
0.919203
0.919321
1.08018
0.954483
0.940787
1.15425
0.85765
1.13128
0.909338
1.02132
0.917266
0.94138
1.15947
1.11315
0.889723
0.838427
1.12318
1.00954
1.11164
1.23667
0.884577
0.951817
0.990425
0.866668
0.928228
0.965115
1.01895
1.06738
1.10875
0.996086
0.951058
1.08949
0.949118
1.06915
1.14637
0.996093
1.05185
1.22505
0.996515
1.1739
0.989646
1.20163
1.01744
1.01235
1.13973
0.986933
0.918426
0.810579
0.947208
0.902764
0.74285
0.815157
1.00355
1.06137
1.18281
1.0058
0.806167
0.868477
0.928577
1.05144
0.96294
0.951616
1.02362
0.920689
1.01525
1.02051
0.994884
1.11506
1.04681
0.98834
1.05917
1.02293
0.836621
0.788219
0.934725
1.0526
1.16005
0.968633
1.02961
0.944841
0.864989
0.687139
1.14186
0.993118
0.984837
0.989133
0.925025
0.868229
1.11932
0.963092
1.15799
0.981574
1.11394
1.02846
1.03944
1.01594
0.866419
1.02118
1.05969
0.922556
0.945653
1.01489
1.01783
0.957188
1.01797
0.95718
1.15174
1.01237
0.999108
0.942646
0.881655
0.918243
0.874835
0.856523
0.945615
1.007
1.23949
0.892897
0.907317
0.923225
0.995842
0.834652
0.949559
1.17836
1.05841
1.07453
0.80231
1.0087
0.697157
0.979177
1.06387
0.88972
1.03081
0.917363
1.10465
0.880794
0.881047
1.03544
0.975509
0.976413
1.01451
0.859312
1.10715
0.928622
0.992265
1.04819
0.97036
1.0069
1.10692
1.07426
1.08495
0.968495
0.888368
1.08872
0.86856
0.855624
0.964225
1.07544
0.927781
1.14433
1.05668
0.982474
0.91866
1.06711
0.756463
0.898365
0.904527
0.79614
1.08062
0.939316
1.00889
1.08652
0.844347
1.06591
0.921749
1.06739
0.919091
0.891793
1.11566
0.999
1.15142
1.14875
1.04495
1.18341
1.061
1.07439
0.867958
1.0624
1.10286
1.0735
1.17911
0.973208
1.04116
1.05061
1.13707
1.00569
1.16052
0.856338
0.82905
1.18295
0.985783
1.00676
1.23807
0.968744
1.00865
0.96118
0.891432
0.958975
1.04249
1.02575
0.974221
0.890582
0.967703
0.955732
0.862669
1.04191
1.11883
0.880635
0.983593
1.11541
1.0157
0.941281
1.05615
1.18292
1.00484
1.14173
0.995679
1.00537
0.920861
0.948475
0.979335
0.862149
1.00302
0.950919
1.06858
1.15514
0.817172
0.857729
0.901517
1.02343
1.10401
0.972853
0.881766
1.00354
1.00262
1.02752
1.0739
0.87605
0.942691
1.01102
0.914399
0.920825
1.09288
1.04466
0.811029
1.18021
0.967622
1.01431
1.00274
0.865606
1.02146
1.04389
1.02634
0.928238
0.818702
0.843839
1.07708
0.901628
1.01177
1.00001
0.849997
0.864861
0.959594
1.04166
1.04355
1.06757
1.1525
0.953463
0.967588
1.06631
0.966723
0.90749
0.881968
1.0523
1.17358
1.06583
0.952368
1.01683
1.08187
0.927513
1.04529
1.13055
0.944309
0.836307
1.07013
0.857895
1.04671
0.850765
1.03064
1.10524
0.877298
0.942328
1.0652
0.925214
0.902788
1.03005
0.979588
1.05884
1.12252
1.18336
0.940406
1.00101
1.25336
0.909314
0.923074
0.825548
1.06974
1.05064
1.01637
0.948094
0.995668
1.03571
0.92643
1.06129
1.03921
0.772212
1.01245
1.09538
1.05914
1.0373
1.19744
0.977859
1.1476
1.11507
0.985021
0.899513
0.936719
1.10769
1.00537
1.06937
1.03728
0.999539
0.867971
1.02467
0.94396
0.996039
0.897311
1.06758
0.894899
1.13516
0.953328
1.22757
0.885212
1.05499
1.0764
0.727532
0.932379
0.927394
0.954528
0.880789
0.918459
1.05202
1.21852
0.916076
0.930226
1.0195
0.908793
1.05529
0.979737
0.861008
0.925086
1.01929
0.974176
0.93357
0.903606
0.952018
1.12948
1.02273
1.14432
0.891184
0.815124
0.973469
1.0158
1.04138
1.00401
1.01035
1.1906
0.852652
1.13928
0.983612
1.02903
0.976852
0.917452
0.95188
0.961637
0.95724
0.986118
0.858083
1.23698
0.961919
1.0094
0.952331
1.05148
0.966102
0.968652
0.967914
1.10909
1.23061
0.956034
1.11844
0.853061
0.991067
1.02275
0.853883
1.08801
0.944258
0.947181
1.06909
0.954152
1.05482
0.926139
0.94856
0.94855
0.865524
1.16219
0.95508
1.01594
0.988923
0.975019
0.852563
0.99608
1.13186
0.982539
0.950524
0.894257
1.1404
0.934623
0.991901
0.99606
0.953276
1.06974
1.13351
1.07095
1.0752
0.993111
0.864977
0.912694
0.918059
0.910573
1.1338
1.02764
0.948721
1.21428
1.14546
1.07052
0.944296
0.964068
1.16703
1.00375
1.00627
1.07384
0.933242
1.07582
1.02282
1.17084
1.04822
1.0342
0.891357
1.02868
1.17999
0.805684
0.953
1.02705
0.801239
1.04879
1.13403
0.951555
1.00205
0.944515
0.982438
0.907996
0.947559
1.00998
1.04693
0.873617
1.24043
1.05138
1.07455
1.07792
0.96862
0.958655
0.866426
0.947561
1.04204
0.876475
0.837286
0.933126
1.12617
0.780434
0.990606
0.916496
0.918
0.950544
1.05768
0.990815
0.978906
0.93177
1.03943
0.860871
0.946578
0.998249
0.967244
0.966974
1.03939
1.13741
0.954342
1.05617
1.14468
1.13107
0.948698
0.8911
0.917143
1.09714
0.97044
1.03594
0.825993
0.955473
0.94657
0.973615
0.996212
0.909323
1.08386
1.03881
0.965931
1.26024
1.0383
0.96803
0.913543
1.08431
1.01107
1.16777
1.13605
1.0827
1.00135
1.12106
0.996105
0.970822
1.02692
0.988292
1.14163
0.872741
0.93611
0.81902
0.981161
1.15713
0.967085
0.767875
0.827597
0.906005
1.10032
0.911712
1.14369
1.09138
1.03715
1.11992
1.16242
0.913944
1.04446
1.01411
0.996107
1.10675
1.0945
1.03911
0.989072
1.0431
0.903875
0.825108
0.972081
0.893841
1.03815
0.900268
1.05336
1.05406
1.06123
1.10757
1.16734
0.930247
0.893759
1.09002
0.950643
1.08352
0.964505
1.01799
1.04627
0.812232
0.821654
0.953931
1.24724
0.803744
0.963911
0.924469
0.855862
0.971242
1.01063
0.815033
1.06732
1.10735
0.928518
1.07103
1.03435
0.862536
0.973042
1.02168
0.960369
0.983874
1.1998
1.12711
1.08949
1.05119
1.04253
1.0586
0.924985
1.06155
1.10814
0.813917
0.915956
0.84163
0.910394
0.858681
1.01376
1.1583
0.965414
1.01987
0.952526
0.916322
1.09353
0.978393
1.02387
0.919604
0.832665
0.879367
0.926112
1.0128
0.97249
0.999696
0.952277
1.02276
1.10667
1.07083
1.17521
0.866218
1.09711
0.982476
1.06218
0.899998
0.90913
0.97421
0.968395
1.12019
0.979341
0.969889
0.97872
1.0297
0.853041
0.965091
0.876432
1.04846
1.01311
1.07033
1.14836
0.984522
1.07635
0.935358
1.04199
1.1326
0.929434
0.872784
0.87394
1.0935
1.04073
0.933277
0.823949
1.09175
0.98448
0.945672
1.01545
1.06778
0.992021
0.964519
0.871906
0.845558
0.942414
1.15726
1.10132
0.936126
1.1523
0.954223
0.976191
1.00387
1.07118
0.905474
1.03708
0.952908
1.02631
1.06259
1.01641
0.88076
1.0124
0.896823
0.871289
0.913264
0.913392
0.887954
0.952691
0.934234
1.19719
0.999501
1.10873
1.04873
1.20024
0.85973
0.912001
0.960032
0.986441
0.882216
0.92098
0.974652
1.15062
0.950019
0.996637
1.06798
0.986759
1.18327
0.894118
1.03371
0.905341
1.13693
1.28932
1.05402
0.999371
0.963645
1.13259
1.04048
0.935901
1.27789
1.08488
0.972331
0.840769
0.819302
0.995821
1.04388
0.896044
1.04048
0.842745
1.16178
1.009
1.01891
1.04065
0.920744
1.11319
0.987205
0.819042
0.901951
1.05512
1.01172
0.880099
0.912859
1.02653
1.00902
1.17869
0.86414
1.0118
1.06649
1.00398
1.08558
1.12933
1.1618
0.830534
1.00905
0.934922
0.991397
0.983635
1.01056
1.19585
0.909929
0.888024
0.980247
0.968241
1.0027
0.922766
1.12619
1.08016
1.2002
0.888853
1.00931
1.0715
0.910562
0.919754
0.908199
0.994526
1.00586
0.951363
0.799629
1.08319
0.93553
1.15453
1.14255
1.07014
1.14623
0.939325
1.09368
1.09989
1.07318
0.983219
0.994344
0.798204
0.844628
1.01772
0.809189
0.920921
0.909422
1.00112
0.978165
1.15553
1.08034
0.88705
1.0946
1.26475
0.971529
0.954051
1.09167
0.955979
0.984892
0.943655
1.06357
1.05132
1.04798
1.14368
0.906253
0.978259
1.07805
1.02561
0.967416
1.22508
0.756783
0.982617
0.959746
0.941231
0.981426
1.02517
0.866711
1.15577
0.92525
0.923298
0.983897
0.993111
0.874028
1.04119
1.1329
1.04489
0.896491
0.882497
1.00662
0.937486
0.951879
1.18001
1.00471
0.993362
0.943382
1.15033
0.920744
1.13061
0.958974
1.01581
1.23035
0.967435
0.912763
1.09904
0.988576
1.06201
0.907971
0.949265
0.889326
0.962501
0.928676
0.917853
1.01451
1.11527
0.976614
0.934245
1.12328
1.10154
0.964395
1.01478
0.95552
1.02058
0.922316
1.14009
0.941707
1.07269
0.9064
1.08345
1.00153
1.04254
1.02416
1.16088
1.06021
1.15
0.860572
1.06957
1.05572
0.928721
0.948658
0.882385
1.08071
0.865097
1.00389
0.921006
1.04201
0.974421
0.910375
1.05007
1.0488
1.01146
1.02603
0.970505
0.947494
1.06362
1.14175
0.899041
0.97698
1.08482
0.94545
1.10769
0.909042
1.13885
1.00565
0.94721
0.922791
1.06254
0.914679
0.976651
1.01066
0.99455
0.940817
0.977108
0.953319
0.90658
1.09676
0.903389
1.05381
0.997448
0.818775
1.07548
1.00109
0.888128
1.15466
1.03891
1.21743
0.997778
1.12842
0.907136
0.922665
1.07469
0.979316
0.856736
0.918193
0.947901
0.85319
0.864927
1.01325
1.16049
1.23213
0.932722
0.816899
0.921635
1.01723
1.06994
1.11163
0.971929
1.16108
0.950321
1.14382
0.979797
1.021
1.03142
0.963059
1.06681
1.14517
0.923599
1.01703
0.893487
1.02437
1.09755
0.954706
0.991318
0.929275
0.825373
1.18701
0.981165
1.00234
1.06292
0.902495
1.02857
0.816177
0.986867
1.10465
0.816253
1.10726
1.0035
0.948403
0.938024
0.890145
1.13451
0.783123
0.933251
1.16183
1.14515
1.11737
0.955566
0.998834
1.05103
0.933873
0.908329
0.990958
1.17685
0.984783
1.04106
0.955663
0.744271
0.948248
1.09718
0.96955
0.925054
1.13855
1.22498
0.959136
1.08918
0.93512
0.993447
0.879468
0.834878
0.960662
0.981314
0.872796
0.961133
0.772623
1.04073
1.12177
1.07036
1.09553
0.954682
1.03385
0.909414
0.904628
1.0436
1.03915
1.03347
1.06067
1.0065
0.853756
1.08687
1.05992
0.792916
1.01568
1.05712
0.944976
0.917859
0.959068
0.987351
0.897268
1.00215
1.07385
1.08612
1.03683
1.01364
1.04551
0.964775
0.971148
0.942437
0.854726
0.87986
1.26639
0.965102
1.04957
1.05477
0.966623
0.980976
1.01145
1.01225
0.975355
1.10305
0.865491
0.905227
1.15562
0.957274
0.959748
0.834055
1.06762
1.03475
1.19236
1.09832
0.906954
1.12838
0.933773
0.939947
0.931494
0.861024
1.22093
1.00333
0.995972
0.901856
0.911521
0.895028
0.962271
0.925637
0.839975
1.037
1.14342
1.09398
0.819337
0.994349
0.979776
0.999653
1.10322
0.931025
1.0435
1.0774
0.970034
1.02346
1.14385
0.935909
0.826931
0.891108
1.05086
1.01214
0.918502
1.10486
1.10779
1.11216
0.972011
1.11273
0.995261
1.05189
1.12602
0.963101
1.0756
0.908185
1.04997
0.870317
0.937005
0.793916
0.948042
0.888981
0.885275
1.23932
0.853061
1.05309
1.20253
1.02867
0.939021
1.03542
0.907897
0.94969
1.07931
0.928275
1.03992
0.944797
1.01402
0.992182
1.16864
1.11154
0.914718
0.822228
1.08363
0.891203
1.05112
0.970075
1.05702
0.934109
0.946947
0.949884
0.962999
0.994454
0.881856
0.842622
0.97032
1.10133
1.11495
0.966292
0.845743
1.03238
1.0616
1.06138
0.891114
0.947072
1.23683
1.15584
0.939458
0.932021
0.918625
1.04999
0.990677
1.0723
1.00806
0.791338
1.02386
1.09162
1.074
0.959966
0.921224
0.99136
1.02813
0.900848
0.895328
0.99071
1.03228
1.01155
0.954843
0.967931
0.919756
1.08185
1.04132
1.00477
1.25321
0.966616
0.876869
1.10786
0.967667
1.07221
1.03992
1.09793
1.05684
0.926956
0.983283
1.04966
1.10574
1.15745
0.929888
1.06032
0.854868
1.03168
0.842837
1.02903
0.944265
1.04886
0.976313
1.11334
0.849209
1.11078
1.01733
0.998006
0.859393
0.982309
0.957798
1.0937
1.07809
0.916853
0.971805
0.912513
0.999745
0.897064
1.12867
1.03648
1.03099
0.789499
0.975181
1.07307
1.16174
1.23773
1.02001
1.11619
1.04498
0.909533
0.86097
0.933159
0.983378
0.957572
1.08179
0.935258
0.929464
0.989069
1.12672
1.12822
0.962621
1.0029
0.919063
0.946517
1.02795
1.09748
1.02285
0.952668
1.17538
0.94201
1.01448
1.01554
0.995438
0.933233
1.12653
1.077
0.914845
0.953366
1.17788
1.02263
1.03257
0.996534
0.950708
1.08554
0.875586
0.960875
0.962362
0.938311
0.945705
1.08794
0.928168
0.996671
0.952375
0.873758
0.999126
1.03912
0.892947
0.987298
0.987178
1.07585
0.940491
0.965797
0.998646
1.11499
1.03825
1.12247
1.14862
1.10267
0.97936
0.942454
1.03259
1.03693
0.851602
0.935804
1.17409
0.946252
0.946689
1.02044
0.916561
1.10551
0.936019
1.04769
1.18121
0.929292
0.987101
1.04784
0.897479
1.10542
0.895099
0.994509
1.01467
0.930739
1.13286
0.962327
0.832258
1.00313
1.21288
0.949302
1.09643
0.955889
0.975583
0.926456
1.07505
1.03257
1.03249
0.934743
1.16239
0.880493
1.10956
0.959798
0.926535
0.907961
1.03958
1.1666
1.26029
0.920762
1.15949
0.958509
1.21663
1.04576
0.842854
0.878772
1.09569
0.903519
0.997793
1.16831
0.953428
1.02789
1.10371
0.99674
1.04663
1.02687
1.01776
0.971085
0.927803
1.04542
0.965509
0.952715
1.00188
0.96212
0.9997
0.829504
1.01385
1.14079
1.12295
0.95565
1.10369
0.964591
0.907372
1.07157
0.964867
1.18828
0.884617
1.01163
0.979132
0.920434
0.873258
1.02942
1.2465
0.911717
1.22283
1.1299
0.98082
1.19897
0.933903
1.10964
0.934669
0.815005
1.03425
1.1877
0.893429
1.08062
0.951985
1.04223
1.13477
0.969082
1.0014
1.10974
1.00132
0.979285
0.968541
0.953182
1.14488
0.926754
0.938341
0.972437
0.99776
1.04258
0.903135
1.19697
0.939218
1.17558
0.933533
0.809901
1.13078
0.864138
0.826226
0.896331
1.00263
0.982168
0.993809
0.797476
0.846237
0.892798
0.989856
0.873968
1.09633
1.04499
0.950449
1.20386
0.979813
1.08933
0.970817
1.07387
1.12664
1.02541
1.00283
0.925846
0.991901
1.10257
1.05545
1.10593
1.16141
1.03033
0.949754
0.922809
1.10187
0.928914
0.936723
0.90426
1.01098
0.976618
0.827041
1.0099
0.923287
0.912794
0.9731
1.04842
0.948719
0.997492
0.957056
0.977236
0.846954
0.930923
1.11065
0.969295
1.01733
0.930911
0.835204
0.838023
1.00006
0.884816
1.05996
1.05759
0.952244
0.876405
0.940569
0.987803
1.20715
0.976379
1.15811
1.05312
0.959426
1.04788
1.12126
0.996359
0.937143
0.929551
0.97652
0.989698
0.979302
0.976417
1.02059
0.988398
0.849753
1.09965
0.996952
0.961959
0.973971
1.09982
1.05885
1.05482
0.897558
1.23753
0.955826
1.0251
1.06385
0.998659
0.940833
1.05385
1.03858
0.846508
0.860485
0.848607
0.958187
1.09942
1.21442
0.837001
0.909356
1.16974
0.889379
1.12584
0.989929
1.01386
0.959203
1.12112
0.962008
1.01215
1.0092
1.02155
0.946138
0.881406
1.00381
0.955037
1.21777
0.94575
1.08565
1.16852
1.14013
1.06194
1.00804
0.969296
1.04946
0.911173
1.05885
0.930445
0.898229
1.0626
1.00034
1.04871
0.945506
0.999922
1.07224
0.854646
1.11712
1.00188
1.09952
1.02501
0.94987
0.871853
1.07444
0.827559
0.869683
0.85571
0.96988
0.934111
1.065
0.978945
1.08988
1.12864
1.12169
1.01989
0.955197
1.03539
1.07682
0.995628
0.86806
1.03079
0.888955
1.07648
0.95296
0.846551
0.863832
1.1512
1.09597
0.87947
0.893003
0.909175
0.793656
1.17319
1.0653
0.8739
0.816501
0.938766
0.922883
0.958067
0.726781
0.824782
0.997014
1.03278
1.30176
1.0113
0.991292
1.08656
0.974974
1.02959
1.15102
1.13928
0.87764
0.994716
0.894055
1.07144
0.834123
1.10985
1.13027
0.871624
1.27333
1.08945
1.09835
1.08664
1.12789
1.08514
0.890361
1.10779
0.868763
1.20934
0.962411
0.846038
0.975786
1.00405
1.01613
1.23794
1.01683
0.903551
0.811024
1.03303
0.88776
1.20485
1.00993
0.880669
1.06995
0.954213
0.999537
1.10877
1.03249
1.20352
1.04435
0.935372
0.958307
0.952207
0.96227
0.817764
1.30708
0.764153
0.998363
1.16525
1.04756
0.949348
0.828746
1.00464
1.05093
0.877012
0.966849
0.849456
0.891679
1.11823
1.07205
0.807755
0.973457
1.05826
1.07519
0.770502
1.01958
0.908961
1.04118
1.04029
1.00101
1.09492
0.843028
1.11519
0.887368
1.0005
1.01329
0.849573
1.28275
1.05423
0.918064
0.854613
1.05765
0.916004
0.995416
1.0089
1.08605
0.921499
1.02392
0.931894
1.08144
0.949245
0.939185
0.952682
0.950525
1.02679
1.04919
0.982737
1.04057
1.07301
0.829586
1.05554
0.900409
0.992675
1.14253
0.982309
1.05742
0.984052
0.991862
0.952387
0.908612
1.00675
1.02897
1.11078
0.830774
1.09939
1.02863
0.975814
1.09317
1.17634
1.05382
0.957563
1.03588
0.947575
1.13892
1.04573
0.915796
0.991805
1.08242
1.07879
0.968592
1.0646
1.06674
0.966801
1.02311
0.990161
1.1072
1.06652
1.01277
0.883564
0.910253
0.9111
1.10036
1.05819
1.02115
1.14643
1.20494
0.971284
1.08037
1.08638
0.943644
0.887647
1.19042
0.929781
1.03156
1.05697
0.969611
0.982072
0.913718
1.08236
1.06158
0.983041
1.15563
1.13542
1.18151
1.03233
1.01821
1.07067
1.14552
1.06903
1.05044
0.942195
0.908579
0.939959
1.08395
1.17886
0.93264
0.781849
1.03379
1.05481
1.04397
0.80913
0.978567
1.09977
0.983126
1.09451
0.88649
0.929637
0.929455
1.00929
0.810911
1.19894
0.85451
0.992159
1.08249
1.03457
1.01943
1.09816
1.18384
0.917897
1.04295
0.980474
1.06636
1.16122
0.918718
1.06485
1.03111
0.900873
0.9139
0.896586
1.07236
0.939357
0.875053
1.15595
1.01775
1.09396
0.938332
0.971521
0.994211
1.20128
0.991908
0.935475
0.993466
0.977776
0.861202
1.1076
0.98283
1.21608
0.828056
0.985801
0.808085
0.938169
0.994677
1.08752
1.15527
0.978829
1.06141
1.01843
0.906089
1.09234
0.966411
0.927611
1.06537
0.796261
1.03277
1.05439
1.01751
0.940316
1.07339
0.950197
0.860106
0.951677
1.00835
1.03562
1.01844
1.01353
0.842128
0.853365
1.04435
1.19332
1.1453
0.889499
1.04766
1.11779
0.960817
0.807052
0.929696
0.953645
1.0115
0.797117
0.800455
0.931198
1.13503
0.957262
1.04328
0.881924
1.09774
1.02202
0.949117
0.855529
1.01522
0.940074
0.899726
0.997165
1.00416
0.928641
0.991398
0.984079
0.882983
1.22925
1.2181
1.09596
1.10414
1.02217
1.01793
1.14553
0.930873
0.847839
0.995012
0.917388
1.04063
0.953471
1.00579
0.974585
0.920085
0.975328
0.984485
0.946009
0.831791
1.05634
0.831844
1.15316
1.07765
1.11056
0.919272
1.00263
0.950685
0.899265
0.823003
1.04132
0.956652
0.979505
0.899424
0.88089
1.22693
0.905561
0.890165
1.0397
1.20736
0.818547
1.04331
1.04868
1.06244
0.891974
1.00712
0.914516
0.902643
1.05541
0.960888
0.979289
0.93269
1.07786
0.881868
0.939387
1.02943
0.936709
1.07571
0.904819
1.04489
1.13003
1.10487
0.729259
1.19978
1.01546
0.89416
1.04855
0.934054
0.968257
0.964568
1.0508
1.06906
1.12678
1.0372
1.02355
1.08227
0.991142
0.911658
0.900041
1.09945
1.09795
0.947921
1.06813
0.985669
0.89577
1.0813
1.26039
0.922065
0.861203
1.02215
0.994681
0.997756
1.0173
1.00281
0.906645
0.788827
1.02809
0.899811
0.917509
1.04983
0.930692
0.805987
0.927275
1.08508
1.2225
1.10778
1.01362
1.04137
1.01057
0.974386
0.9682
1.07005
0.918567
1.02253
0.937711
0.940807
1.02686
1.06988
0.917222
1.03474
1.1284
0.940784
0.810922
1.02716
1.1287
1.06013
1.00257
0.90463
0.883166
1.10759
1.09291
1.09013
0.982361
1.13514
1.05095
1.04113
1.09682
1.10407
0.993061
1.10242
1.03653
1.07287
1.01564
1.05184
1.03679
0.986258
0.903458
0.826767
1.25888
1.11328
0.935128
1.01114
0.927548
0.967631
0.939421
0.884027
1.14494
0.974017
1.15487
0.992637
1.0134
1.00998
0.982201
1.04606
0.955963
1.10067
1.07408
1.10474
1.12712
0.973942
0.84568
0.900367
1.10428
0.84217
1.22734
0.909284
1.14217
0.957135
0.939058
1.09149
1.0038
1.08204
1.03093
0.886202
0.95939
1.16536
0.843202
0.872266
0.885207
0.998177
1.0196
1.09163
1.22678
0.963958
0.897406
1.0421
0.962097
0.981558
0.955515
0.857018
0.943008
1.16697
1.04342
0.903509
1.03151
0.826013
0.920042
0.951565
0.979809
1.04786
0.874861
0.825573
1.11104
0.88321
0.944661
0.994712
0.928661
1.01603
0.856808
0.996368
0.897959
0.839594
0.846738
0.870791
1.055
0.76264
0.785323
1.061
0.802781
0.856381
1.17074
1.14181
1.12363
1.00804
1.17765
1.00397
1.06476
1.08329
0.742902
1.09095
0.940768
1.04371
1.05717
1.07121
0.992462
1.00602
1.06753
1.13094
1.21778
0.887296
1.06342
1.00002
1.01031
1.0769
1.10939
1.01249
0.993673
1.01831
0.97478
1.08088
1.00662
1.01997
0.908669
0.917016
1.103
1.06951
0.953867
0.94656
1.17856
1.14127
0.932778
0.990357
0.97265
0.973327
0.986467
1.03343
1.09015
1.02951
0.975574
1.05184
0.793294
0.841535
0.900958
1.20944
1.15456
0.937121
0.983786
1.08409
1.08759
1.04497
1.00489
1.02267
1.28584
1.16243
0.812392
0.973254
0.905141
0.857527
1.17871
0.933435
1.00487
1.02456
1.21794
0.986114
0.935549
0.939916
1.14744
0.921648
0.979047
0.826536
1.12269
0.984407
1.05466
0.90008
0.841154
1.07701
0.899462
1.12904
1.09108
0.940159
1.16928
1.08754
0.967903
0.979197
1.13588
0.93336
1.15088
1.07189
1.06356
0.963655
0.853281
0.82562
0.994778
0.974734
0.920903
1.11636
1.04201
1.10807
1.07598
0.902878
1.05362
1.18286
1.06618
1.00051
0.917568
0.942478
0.938002
0.994545
1.28138
0.985699
0.910128
0.868061
0.801654
0.991239
1.04817
1.27087
1.05957
1.07176
0.990479
0.85398
0.968819
0.987288
1.03137
0.906667
0.988863
1.043
0.893536
0.86316
0.93529
1.11646
0.833721
1.00432
1.20224
0.794059
0.934053
0.879902
1.07095
1.08799
1.15384
0.933879
0.978273
1.08009
1.05657
0.845268
1.05424
0.986984
0.963274
1.00743
1.0671
0.829672
0.980051
0.956583
0.815381
1.02715
0.998036
0.922443
0.920167
1.15718
0.980393
0.945686
1.03699
1.12849
0.914151
0.89914
0.88161
0.898447
1.10979
1.10769
1.22838
1.09352
0.883831
1.01292
1.11307
1.03104
0.873978
1.04445
1.00661
0.834054
0.956059
0.998044
1.00083
0.939653
0.961909
0.904605
1.13884
0.930649
0.966247
1.19617
1.03845
0.983194
1.18686
0.937434
0.979744
1.03728
1.02468
1.24687
1.05476
1.33282
0.982489
1.26912
1.19101
1.08551
0.873122
0.987038
0.948982
1.01221
1.17137
1.04081
0.942578
1.0026
1.10881
0.961482
0.906205
0.914083
0.874612
0.979092
1.07297
0.94208
1.1242
1.15332
0.797788
0.88726
1.0432
0.851937
0.947041
0.775202
0.948357
1.11616
1.09004
1.04453
1.06693
0.97931
1.06969
0.972765
0.925965
0.842598
1.02444
0.949956
1.13726
0.985903
1.0591
0.938493
1.03311
0.948273
0.9302
0.994615
1.12124
1.01235
1.10195
0.82796
0.964819
1.0241
1.05745
0.9897
0.912189
0.938458
0.794921
0.927868
1.11877
0.907606
1.10347
0.996637
1.15884
0.91316
1.11522
1.05627
1.12845
1.1848
0.812862
1.01421
0.933765
0.979757
1.1489
0.835988
0.957005
0.96168
0.89502
0.989204
0.969519
1.0693
1.10471
0.961833
1.02883
0.997583
0.817716
0.985733
0.881445
1.082
1.09341
1.27718
0.993986
0.961823
0.906321
1.03691
1.00374
1.01229
0.902962
0.894257
0.798522
1.00377
1.03439
1.15626
0.947522
0.877845
1.05356
1.13648
0.998653
1.07313
0.996545
0.982705
0.926854
1.03347
0.874352
1.11211
0.856378
1.07846
1.09941
0.894615
0.971326
1.10482
1.12933
1.20895
0.915734
0.928249
1.02947
1.05392
0.819377
0.961087
0.890343
1.26321
0.933294
1.1866
0.944402
0.869881
0.90683
0.958838
1.06492
1.07872
0.854204
0.984363
0.889933
0.874809
1.02028
1.01123
0.862042
1.17185
1.07301
1.05778
1.09649
1.10883
1.0754
0.968609
0.959984
0.972515
1.16673
0.943505
0.957401
1.00149
1.01483
0.957146
1.10046
1.16353
0.877275
0.907631
1.03835
0.842864
0.981458
0.998107
0.9178
1.1815
1.21374
0.956888
0.894053
1.08114
1.14007
0.98746
1.18716
1.03948
1.00572
0.909969
0.983472
1.12403
1.10693
1.11362
1.13362
1.07492
0.932651
1.18338
0.854996
1.06617
0.943689
1.07948
0.964553
1.16322
0.928178
0.806304
0.988595
1.01035
1.14388
0.927523
1.06055
1.13411
0.817377
1.07525
1.04516
0.901635
1.05009
1.12048
0.9945
1.19907
1.00968
1.07287
0.881802
1.07245
1.05977
0.929366
1.14494
0.930178
0.812694
0.882915
1.06794
0.929027
0.927075
0.836611
1.0475
1.00283
1.06339
1.04275
0.97239
1.17327
0.993687
1.02295
0.995579
0.998073
1.11088
1.01185
0.971507
1.03198
1.03606
1.04788
1.06157
1.08078
0.84422
1.03435
1.00455
1.09006
1.01292
0.749189
0.971376
1.06454
1.13434
1.15188
1.00943
1.05674
0.997709
1.01575
1.09792
1.07714
0.925847
0.858687
1.08935
1.14096
0.927184
0.813138
1.13949
1.15302
0.905548
0.844293
1.039
0.873516
1.08961
0.887747
0.922156
0.841853
0.992535
0.89788
0.938772
0.913546
0.87257
1.15237
0.974027
0.889255
0.912578
0.980304
0.987112
0.993637
0.964566
1.02782
0.906437
0.969051
1.06004
1.12484
0.814863
0.925442
0.982255
0.966442
0.912015
1.23922
0.865161
0.98101
0.862464
1.25682
0.92794
1.10829
1.10775
0.942636
0.939009
0.961499
1.01795
0.999962
0.878317
0.982755
0.887949
1.18139
0.972538
0.935403
1.18877
0.806193
1.05794
0.746197
1.02691
1.02591
0.976321
0.907244
1.13608
1.07533
1.02309
1.09438
1.09341
1.1147
1.01029
0.887403
1.29516
1.03505
1.15765
0.927621
1.03892
0.910994
1.02972
0.813987
1.0156
0.897255
1.02502
0.91566
1.0292
0.990829
0.989557
1.0427
0.982231
0.870501
0.893898
0.867214
1.02874
1.18634
0.952129
0.818198
0.884484
1.08675
1.02628
0.926243
1.11917
0.898472
1.11762
1.113
0.966841
1.15578
0.95978
0.98683
1.11024
1.02273
1.09917
1.01228
0.852386
1.0122
0.911316
1.07478
0.960344
0.981153
1.05421
1.13126
0.979241
0.964388
1.04837
0.86093
0.801127
1.16457
1.14546
1.01604
1.09106
0.88584
1.04057
0.93294
0.87136
1.09635
1.07827
1.18759
0.76566
0.963661
0.893468
0.954353
1.05458
0.962082
1.22441
0.977798
1.14564
1.09528
0.952826
0.932522
0.952514
1.03195
0.89742
1.02334
0.860264
0.802701
0.973684
1.15451
1.02363
0.83545
1.08741
1.00579
1.05694
0.836701
1.03371
1.12824
1.14568
1.22355
1.1485
0.981391
0.996471
1.03658
0.984652
0.924548
1.01264
1.09325
0.933286
1.20191
0.992866
0.82507
1.02582
0.900519
1.20016
1.08229
0.970868
1.11878
1.15689
0.757896
0.940522
1.15903
1.21393
1.10013
0.958035
1.02706
1.0671
0.992418
1.11514
0.96295
0.988453
0.925526
1.0246
0.979721
1.04786
0.901356
1.06574
0.796152
1.14591
0.942826
0.973933
1.03872
0.917906
1.01071
0.935064
1.08448
1.00103
0.979663
0.830711
1.06374
0.860728
1.02483
1.05555
0.877211
0.87153
0.91454
0.946477
0.900434
0.988946
1.09775
0.955903
0.937739
1.10342
1.24888
1.12151
1.12553
1.13702
0.968065
1.05024
1.0788
0.831074
1.04112
1.0209
1.09033
0.956107
1.11588
0.840103
1.05572
1.05355
0.999624
0.941173
0.922274
0.944003
0.769473
0.865839
1.14778
0.826447
1.01259
0.893291
0.96421
1.0094
0.981591
0.920048
1.01073
0.942726
0.897916
0.852254
0.971715
0.678063
1.02926
0.96379
1.1792
0.914688
0.910395
0.992111
1.22517
0.963872
0.946263
0.939991
0.920831
0.881475
1.06658
0.831534
1.25763
1.01352
1.07563
1.10708
0.886663
0.935908
1.05754
0.962153
1.11766
0.986088
1.06424
0.95302
0.894215
1.05781
0.948897
0.93933
0.93522
0.920732
1.00149
0.969945
0.978131
1.12288
1.00157
1.00518
0.950536
1.02849
1.12367
1.04202
1.12079
1.00836
0.952927
0.949236
0.99709
0.929819
1.15564
1.17362
1.02678
1.03088
1.05258
1.07117
1.01567
1.13108
0.983418
1.10282
1.08184
0.941499
0.990713
0.970087
1.03314
1.0903
0.904785
0.906894
0.925628
0.947958
0.973137
1.16617
1.07092
0.913102
0.960497
0.839508
1.00133
0.971519
1.01594
1.03335
0.947554
1.28603
1.04396
0.846522
0.956968
1.02551
0.846928
1.09083
0.983011
0.946608
1.0354
0.914257
0.802709
0.926907
1.10491
1.1005
1.0521
0.933835
1.07084
0.973248
0.74231
0.990765
0.922494
1.02486
0.933167
1.06022
1.05093
1.08243
1.05806
1.2509
0.994637
1.02014
1.00102
0.981821
1.06679
1.13452
1.04322
0.851805
1.10205
1.02681
0.950614
1.12359
1.13999
1.09925
1.19068
0.999982
0.974841
1.03114
1.0024
1.09531
1.03763
1.09211
0.925491
0.922008
1.03951
1.01067
0.784995
0.91615
1.03516
1.03181
1.07955
1.02003
0.973719
0.839264
0.84158
0.941392
0.815715
0.870757
1.09896
0.988305
0.853495
0.994471
0.932364
1.10888
1.22196
0.978501
1.20772
1.08752
1.07521
0.888915
0.973875
0.952947
1.02096
1.01754
1.0448
1.00439
0.842224
1.08489
1.26041
1.06115
1.03192
0.970624
1.04743
0.788545
1.15752
1.06173
1.18519
0.883455
1.0764
0.890531
0.888174
1.11123
0.855539
1.24143
1.14255
0.979242
1.16748
1.04265
0.996081
1.21196
0.87525
1.01099
1.10102
1.06975
0.904201
0.894707
0.918525
0.925496
1.05782
0.924918
0.832206
0.895221
1.13501
0.938517
0.824274
1.13807
1.08088
0.938633
1.06172
0.954079
1.22033
1.09505
0.771181
1.05117
1.13535
1.05484
1.07506
1.2301
0.944609
0.994715
1.09603
0.929437
1.02286
0.895113
1.05702
0.950602
0.97659
0.908033
1.01418
1.13853
0.834928
0.891495
0.997353
1.00261
1.14766
1.08012
0.958751
1.05971
0.985682
0.918648
1.02153
0.933776
0.924645
0.914607
0.989225
1.02658
1.22602
0.96146
1.06949
1.06453
0.986512
0.969691
0.765126
0.952314
1.01595
0.909324
0.941454
1.09484
1.06102
0.92984
0.804028
1.10806
1.06647
1.0597
0.846384
0.906861
1.02452
1.05986
1.00427
1.08695
1.16785
1.03994
1.12542
1.10021
0.913221
0.959541
0.837323
0.8172
1.19937
1.03041
0.932793
0.803316
1.03748
0.977486
0.99098
1.20255
0.819373
0.900666
0.953287
1.08496
1.09011
0.87538
1.11342
0.873791
0.998178
1.0418
0.999566
1.02917
1.05511
1.19186
0.92043
1.14886
1.08495
0.926663
1.04059
0.875845
0.965623
0.918436
1.02948
0.999099
0.887137
0.756238
0.889857
0.975958
1.03194
1.16358
1.0868
0.792609
0.817504
0.867355
1.02346
1.05944
0.808563
0.994635
0.90205
1.10815
0.783588
0.860852
1.06536
0.924159
1.12857
0.950686
0.925534
1.10143
1.01658
1.08574
0.988767
0.819494
1.00572
1.00751
0.95689
0.985697
0.942455
1.00134
0.850578
1.05132
0.917031
1.08662
0.937006
1.06227
0.940752
1.09399
1.03026
0.989338
1.01145
1.06126
0.972643
0.999499
0.985763
0.937876
0.946747
1.02441
0.994661
0.928955
1.0409
1.00736
0.884451
0.922014
1.02603
0.939524
1.1468
1.10936
1.0098
1.0362
1.14042
1.01951
0.963005
0.952665
0.971279
0.966529
1.00101
0.964063
1.03686
1.01066
1.165
1.09166
1.01515
1.29252
1.11205
1.08117
0.939988
1.04263
0.892926
0.912642
0.946469
0.962294
1.02508
0.910254
1.00816
0.989473
1.07882
0.978083
0.876809
1.05863
0.996809
0.960674
1.06858
1.17834
0.915351
0.916779
0.841255
1.05425
1.09437
0.892472
0.977606
1.09322
0.8996
1.03611
1.10888
0.991142
0.968794
0.904897
0.915738
0.884746
0.961779
0.94696
1.14004
0.931786
1.01794
0.881296
1.08652
1.0021
0.955255
0.900853
0.977782
1.09873
0.789481
0.96403
1.18517
0.914385
1.01159
1.02797
1.18945
1.11438
0.870528
0.924465
1.09491
1.00172
1.05242
0.966314
1.02521
1.03455
0.794201
0.831075
0.923862
0.944669
1.03053
0.906058
1.00834
0.964964
0.895312
0.943451
1.02987
1.00108
0.954444
1.00596
1.14876
0.923241
1.0062
0.937686
0.955123
0.807871
0.882111
1.10731
0.878829
1.26056
1.04019
1.0268
1.10087
1.28889
0.971452
0.986542
0.982864
1.04296
1.04284
0.889535
1.04147
0.920418
0.960683
0.957131
1.0539
1.04296
0.967703
1.02311
1.00436
1.06226
0.947655
1.21383
1.24914
1.03351
0.982663
1.11621
0.946391
1.08028
0.885301
1.11194
0.970195
0.715366
0.986638
0.992048
1.02218
0.98531
0.927306
0.934411
1.10041
1.06103
0.974434
1.03592
1.10948
1.02344
0.830056
1.00392
1.0097
1.05746
0.970724
0.929628
1.13651
1.06284
0.926482
1.15396
1.16111
1.03992
1.00034
1.22099
0.963591
0.977804
0.95266
1.03519
0.950483
0.961259
0.895431
0.933283
1.12749
1.05752
0.991369
0.943877
1.074
0.887164
0.988797
1.12174
1.07634
0.966543
0.889585
1.06328
1.12545
1.00619
1.02258
1.033
0.994796
1.06782
1.02457
0.937168
1.03287
0.860419
0.935076
1.07481
0.93118
1.01246
0.874749
1.0956
0.947988
0.942112
1.02375
0.89494
0.938157
1.25076
0.862331
1.01323
1.01083
0.882708
0.990958
0.934155
1.00011
0.815953
1.03359
1.04018
1.14146
0.960478
1.08403
1.06082
1.01089
1.02422
1.1146
0.954233
0.828958
0.841288
1.1805
0.89813
1.05172
1.08594
1.0964
1.06191
1.01906
1.00906
0.823316
0.861132
0.937685
1.0077
1.06216
1.08893
0.872974
1.02694
1.16633
0.825723
0.945515
1.02993
1.01686
1.02225
1.04159
0.93534
1.10943
0.938415
1.05259
1.0351
0.951112
0.994912
1.03331
0.934886
1.0001
1.07923
0.881806
1.01454
1.00233
0.852819
0.977334
1.08078
0.934636
1.12051
0.917189
0.823168
0.988374
1.06756
1.02899
0.902772
1.2375
0.938279
1.02472
0.935716
1.08401
0.978926
1.04537
0.886485
0.798308
1.06021
0.945407
1.05387
0.990446
1.03177
0.941375
0.875272
1.05605
1.01625
1.14294
0.874356
0.95653
1.0541
1.02816
1.12742
0.939189
0.907212
1.06385
0.82613
1.1126
1.04201
0.901999
0.981989
0.912448
1.02206
1.11154
0.990073
1.12129
1.00665
0.890632
0.944257
0.918388
1.09587
1.05801
1.09138
0.90482
0.962434
0.903728
1.10391
1.06704
1.09441
0.918513
0.956714
0.963658
1.04499
0.9215
0.988953
1.00733
1.16624
1.24218
0.950401
1.0127
1.00024
0.914567
1.04821
0.88544
0.92616
0.975025
0.916064
1.01991
0.965594
0.977907
1.14672
0.914992
0.872995
0.951691
0.895624
1.04491
0.825345
1.08733
1.14717
0.815052
0.823028
1.00027
0.961436
0.853504
0.962157
1.09522
0.953163
0.967225
0.977204
0.965117
1.03283
0.92398
0.984272
1.00132
1.00084
0.961681
0.932128
1.01124
0.814502
0.840711
0.93567
0.848251
0.894446
0.954581
1.15285
0.983439
1.19895
0.980655
0.909255
1.01171
0.989119
1.15562
1.16087
0.866876
0.977576
0.931326
1.13687
0.955557
1.16339
0.912509
0.96699
0.895499
1.1346
0.862571
0.848457
0.936574
1.07366
1.17131
1.1187
1.02817
0.88591
0.691745
0.917193
0.957785
0.934385
1.02824
0.957631
0.984606
1.0416
1.03091
1.02992
0.903842
0.90456
0.973849
1.00088
0.918694
1.01729
1.23077
1.00603
1.11009
0.906395
0.872145
1.01176
0.900852
1.00641
0.89471
0.891179
0.948875
0.904034
1.33401
0.92248
1.2008
1.03277
0.823517
0.878469
0.879188
0.956917
1.08275
0.854314
1.03945
0.883702
1.06468
1.10832
0.992643
0.956404
1.02604
1.0344
0.818413
1.21552
0.937663
0.927517
0.958883
1.00243
1.19098
0.881236
0.887444
1.0852
0.821039
0.868045
0.995951
1.00517
1.11118
0.846089
1.29967
0.932886
0.873451
0.890993
0.85185
1.23295
0.951267
1.02068
1.08165
1.07628
0.921579
0.847868
0.938557
1.0599
0.966537
1.19789
1.17463
1.17858
1.04073
0.890442
1.07607
0.983561
1.1488
0.95269
1.15286
1.00774
1.03464
1.14993
0.902604
0.958269
1.14651
0.904374
0.909854
1.02371
0.999768
0.85845
0.924153
0.942013
1.02243
0.966058
0.936795
0.929189
0.953396
0.911883
0.909802
0.998065
1.14859
0.943779
0.970522
1.1079
1.03885
1.01472
1.04858
0.967075
0.916562
0.805875
1.2935
0.971513
0.982427
1.05978
0.883671
1.01273
0.93876
1.01887
0.963209
1.00977
0.854784
0.878525
0.863698
0.978929
0.945635
1.06727
0.876454
0.876432
1.17014
0.927211
1.08324
0.962721
1.16016
1.18434
1.08163
1.12417
0.914038
0.929646
0.811439
0.850265
1.05622
1.13407
0.946389
0.998322
0.911952
0.885603
0.927061
0.926031
0.937642
1.03547
0.981031
1.01308
1.02213
0.984227
0.976798
0.931242
0.960463
0.99539
1.20655
1.24448
0.901088
1.00022
1.09775
0.955205
1.00449
1.10419
0.886682
1.12361
0.96106
1.06084
0.743895
1.03268
0.867303
1.06564
1.09981
1.15346
1.07231
0.965145
0.879336
0.986066
0.964691
0.921368
1.0509
0.975183
0.777173
1.08213
1.04184
0.886977
0.750193
1.08759
1.03945
1.0453
0.945355
0.905333
0.910793
1.04196
1.0218
0.739643
0.99223
1.00613
1.09713
0.939021
0.889881
0.862341
1.09732
1.13668
1.09406
1.11247
1.23987
1.08573
1.12094
1.14886
1.06274
1.09951
0.922536
0.949155
1.1353
1.0887
1.03014
1.14518
1.074
0.952942
1.01693
1.06405
1.07968
0.94268
1.07677
0.903084
0.835049
0.95833
1.00065
0.881433
0.973021
0.799459
1.18095
1.03602
0.873432
0.956709
1.08518
0.905911
1.11677
1.11834
0.970739
0.894849
0.978764
0.933475
0.912444
0.83529
0.96914
1.09042
1.14601
0.914297
0.998605
1.07061
0.904561
1.17092
0.994928
0.944964
0.942093
0.928335
1.03162
1.00702
1.00654
0.9698
0.88985
0.875432
0.915578
1.10058
0.955646
1.277
1.14388
0.965396
1.13077
0.873614
0.986609
1.10203
1.07768
0.973409
0.905492
0.891675
1.08853
0.889015
1.0955
0.948736
0.822506
1.0881
1.1197
0.954687
0.904448
1.00798
0.904021
0.955993
1.05576
0.962591
1.02319
1.0316
0.975784
0.920944
1.02834
0.853373
1.02128
1.10846
0.858838
1.11501
1.04895
1.11503
0.997172
1.04769
1.03376
0.911389
0.872383
1.04459
0.906649
1.04416
0.988169
1.02127
1.0175
1.20073
1.07611
1.10883
0.919835
1.13782
0.925014
1.15195
0.866269
1.22602
0.971273
1.02002
0.919883
0.803999
0.904522
0.999664
0.934901
0.971355
0.816542
1.00628
0.862643
0.959824
1.12129
1.05093
1.07175
1.04409
1.08004
0.948088
0.817702
1.12134
1.16729
1.05397
1.0419
0.804594
1.20861
0.940821
0.930758
1.095
1.00994
1.04291
1.24831
0.97335
0.845942
1.01387
1.06612
0.946104
1.07882
1.13146
0.9863
1.0762
1.1384
1.00542
0.854167
1.06228
1.04553
0.923232
1.12016
0.917305
1.09829
1.15278
0.969965
1.20017
0.939216
1.07616
0.93126
1.11215
1.04999
1.01538
1.06752
0.877469
1.00082
0.966473
1.12561
1.23159
0.970643
0.947974
1.0405
0.867822
0.87328
0.915621
0.95815
1.03599
0.911463
1.07498
1.06355
1.04665
0.926046
1.22378
0.998415
0.968511
1.0251
1.12025
1.21689
0.784213
0.983458
1.15006
1.04405
1.16293
0.917332
1.01524
1.06288
0.98868
1.13488
0.819528
1.04013
1.06607
0.965634
0.839213
1.02989
1.131
1.01796
1.10523
0.924703
1.09016
0.892876
0.974011
1.25455
1.07201
0.939697
0.849639
0.991251
0.97578
0.949212
1.12639
1.02104
0.872365
1.09677
0.865956
1.07834
0.928558
0.926543
0.955671
0.910566
1.02034
0.851228
1.3131
1.04701
0.93067
0.941479
1.01999
0.9765
1.01685
1.20935
0.963916
1.13186
1.14823
1.08442
1.1231
0.944765
1.00134
1.20627
0.967426
1.1247
1.02934
0.934706
1.00838
0.877628
1.07709
0.956377
0.982376
1.00284
0.985363
1.12461
0.956919
0.901759
1.07614
1.19425
1.29184
1.09627
1.00174
1.04062
1.06728
0.778297
1.02088
1.04963
1.10362
0.816481
0.877212
1.12669
1.18368
0.815973
0.937508
1.02798
1.02637
0.933346
0.985057
0.97296
0.919742
1.08181
0.971088
1.26768
1.03927
1.00346
0.814413
0.976634
1.03624
0.771845
1.02507
0.92857
0.933911
0.99286
1.15506
0.923278
1.01147
0.930301
0.982546
1.09606
0.994231
0.995015
0.952978
0.946186
1.1714
0.99639
0.834418
0.957458
1.03547
0.983057
1.07854
1.15076
1.09609
0.802536
0.972501
0.993069
1.09032
0.993994
1.08742
1.10388
0.880377
1.24272
1.11066
0.919033
1.06231
1.0303
1.09622
1.09842
0.888563
0.985604
0.992193
1.10391
0.845913
1.19644
0.937159
0.992385
1.01185
1.06475
0.879327
1.22876
1.02304
0.920564
0.929203
1.01045
1.09301
1.1408
1.08261
0.874841
1.08771
1.03303
0.992934
0.945996
1.06134
0.926743
1.07501
0.730331
0.924897
0.902686
1.14203
1.08254
0.949854
0.945696
1.04202
1.01118
0.905635
1.25528
0.844241
0.934021
1.10832
1.22164
0.954595
0.86787
1.02271
1.09047
0.877645
0.998396
0.997334
0.949584
1.14895
0.972137
0.834105
1.00953
0.924861
0.989853
1.04398
0.967784
0.853133
1.01151
1.02924
0.846552
1.04939
0.916758
1.09335
0.97494
1.15317
1.13428
1.08093
1.02609
0.99612
0.886593
1.06549
1.20424
0.956316
1.00276
1.29257
1.06521
0.982391
0.977016
1.04227
0.914981
0.877226
1.02294
0.963483
1.08006
1.09424
1.06618
1.03394
0.920654
0.981372
1.11987
1.15978
0.941434
0.818987
1.17747
1.10196
1.19863
0.924239
1.0059
1.01064
0.953261
1.28761
1.02288
1.16376
1.08756
1.00482
0.850581
1.13858
0.92804
0.885755
1.08886
0.949551
1.05088
0.850739
1.07345
0.907353
1.02436
0.971865
0.981714
0.934091
0.982336
0.799647
0.898481
0.863568
1.02196
1.02177
1.0503
1.06658
0.909928
0.942974
1.15219
0.975633
1.06774
0.990546
1.04408
0.933
1.15324
0.881823
1.08243
0.836931
0.971485
0.985989
1.00499
0.956993
1.13762
1.09661
0.939097
1.17868
1.00421
1.01035
0.865422
1.03115
0.738906
0.913671
0.996531
0.948553
0.959861
1.00362
1.09108
1.07104
0.982509
0.94915
0.964989
1.0034
0.964715
1.00614
0.866035
0.96226
0.822014
0.998473
1.0387
1.12186
1.0017
0.763183
1.00451
0.969849
0.979584
1.03909
0.955455
1.10275
0.731253
0.910746
0.851044
0.998725
0.889034
0.863002
0.938999
1.02918
0.938847
0.871566
0.901086
0.964854
1.14519
1.28401
1.25077
0.990802
0.887345
1.02058
1.12504
1.03351
1.06554
1.13378
0.914378
1.02975
1.11235
0.85309
1.16197
0.990584
0.857517
0.844771
0.851364
1.11008
0.998
1.27365
0.920581
0.809544
1.14307
0.949956
1.02078
0.939932
0.971639
1.03124
0.895743
0.974942
1.12884
0.905583
0.930751
0.897594
1.13551
0.976552
0.878611
1.044
0.925881
0.920382
1.09764
1.00525
0.915078
1.19379
1.04015
0.94538
0.976731
0.991765
0.962233
1.05191
0.991992
0.927341
1.08876
0.952827
1.11245
0.936828
1.03204
0.982667
0.918071
1.0349
0.902216
0.904897
1.09428
1.12552
0.879465
0.875799
1.1877
0.898172
0.989285
0.918476
0.99111
1.11777
0.87936
0.942663
1.00855
1.06473
1.23602
0.961797
1.0338
1.08826
1.01921
0.841042
0.94067
0.936565
0.981235
1.0159
0.801934
1.14484
1.00739
0.925399
0.934541
1.07637
0.923976
1.03863
0.932635
0.99374
1.1395
1.11827
1.2748
0.986892
0.883168
1.00921
0.81294
1.10831
0.84642
0.857799
0.805786
1.06731
0.8851
1.14201
0.955383
0.827305
1.12692
0.944959
0.959669
1.09972
1.12181
0.90388
0.918255
1.27805
1.02703
1.11126
0.96678
0.95785
0.861527
1.04731
0.874831
0.921746
0.950691
1.03207
1.19179
0.971106
0.930944
1.22868
0.917585
0.959646
1.08638
0.999233
0.921261
1.09483
1.12068
0.920724
0.982901
1.01622
1.12174
0.95675
0.873392
1.06603
0.871909
0.928353
0.962681
1.0497
1.11499
1.14719
0.968258
0.958311
0.960673
0.898176
1.12144
0.951725
0.89321
0.995454
0.946903
1.04937
0.87099
0.876859
1.1201
0.954414
0.89371
0.995651
0.969721
0.853063
1.16614
0.947422
1.07993
1.06318
0.893689
0.987023
0.943462
0.938716
1.04499
0.931716
0.915581
1.04549
1.04072
1.16263
1.00945
1.05489
0.796231
0.862893
0.981269
0.837183
1.10306
1.02108
0.888183
1.01544
0.954341
0.870407
0.92112
0.924366
0.930898
1.14035
0.920895
0.861503
0.880283
1.1235
0.993888
1.06016
1.06701
0.953216
1.09275
0.902939
1.04931
0.856537
1.04665
0.821397
0.818833
1.07092
1.02226
0.991406
1.01681
1.03908
1.1112
0.933333
1.00498
1.01773
1.04708
0.870764
1.05199
1.17755
0.974525
0.911722
0.992844
0.942561
1.02558
0.964331
1.09585
1.08486
0.944587
1.03911
0.920122
0.975228
1.03015
1.1586
0.922296
0.999437
1.14408
0.936795
0.988429
0.952816
1.1424
1.07105
1.03793
0.96259
1.02833
1.24291
0.919394
1.0474
0.939677
0.982993
1.0325
1.0152
1.02197
1.10055
0.937195
1.02504
0.787563
1.12601
0.839101
0.955464
0.959759
0.847475
0.996128
1.10054
1.00579
0.923271
0.960816
1.02194
1.09077
0.911645
1.24658
1.08998
1.03846
0.87604
1.11341
0.883715
1.2622
1.03362
1.26919
1.06729
1.02354
0.933998
0.875723
0.957736
0.923739
0.983742
1.05592
1.13975
1.10345
1.05395
0.931303
0.964454
1.30964
0.976277
1.1173
1.12647
0.920937
1.02573
1.0264
0.979403
1.28542
1.16337
1.01974
1.11437
0.9671
0.777961
1.17851
0.996901
0.930323
1.14058
1.0424
1.05862
0.976147
1.03616
0.954721
1.0428
0.86751
1.28334
0.913679
0.87105
0.921002
0.932933
0.968613
0.954663
1.02214
1.0183
0.974467
0.936398
0.929912
0.928503
0.91148
0.874959
0.976823
0.966394
0.91526
1.07556
1.05112
0.887488
0.889842
0.976048
0.991582
0.940382
0.83335
1.00511
1.00511
0.795619
1.17654
0.776205
0.911458
0.968098
1.03889
1.03923
0.968273
1.04524
1.13531
1.1207
1.11848
1.02015
0.928411
0.973535
0.983638
1.02396
0.882603
0.914068
1.03837
0.776463
1.12261
0.985108
0.887252
1.05106
1.00118
1.05185
1.15052
1.00305
1.07034
1.15059
0.890813
1.12939
0.823764
1.03102
0.974714
1.10765
1.0295
1.06058
1.07253
0.969714
0.894773
0.932638
1.08699
0.863695
1.17926
0.890136
0.925206
0.938149
1.18309
0.794707
1.03743
1.08287
0.984252
0.999312
0.900368
1.08798
1.23692
1.08901
1.03997
0.922797
1.01074
1.11762
1.01318
0.994413
0.894217
0.938495
1.04637
1.00958
1.06634
1.05644
1.11469
1.1172
1.0915
1.30315
1.15125
0.962864
1.18229
0.962203
0.957393
1.19954
1.09526
1.1126
1.00596
1.06487
0.745677
1.11888
1.08602
1.0264
1.20596
1.11797
0.899917
1.0668
0.993628
0.834369
1.20231
1.00123
1.11095
1.27384
0.991617
0.924395
1.1046
1.03992
0.863648
0.939801
0.966151
1.02522
1.00119
0.99986
0.804552
0.941151
1.02539
0.892083
0.949857
0.878942
0.932033
0.954783
0.838328
1.03889
1.06588
0.89486
0.912019
1.28263
0.864749
0.912136
1.1134
0.850962
0.956161
0.910909
1.00333
1.04619
0.920318
1.19229
1.12496
0.966704
1.02141
1.10274
0.942578
1.20951
1.01076
0.927451
1.05012
0.939906
1.08756
1.07513
1.09219
1.05603
0.949326
1.09859
0.908048
0.936477
1.10907
0.917485
1.15521
0.962939
1.05602
0.811186
1.09566
0.788721
0.862466
0.853351
0.872813
1.09686
0.934121
0.822584
0.932869
0.965715
1.10892
1.14065
0.877594
1.08326
0.876612
1.16316
0.990473
0.918674
1.08229
0.967165
0.926579
0.889402
0.864149
1.06801
1.11711
0.856018
1.07543
0.830593
1.04011
1.05379
1.21936
1.0949
1.11416
1.01318
0.987624
1.02117
1.15226
1.06873
1.04864
1.07295
1.24646
1.09015
1.039
1.04931
0.921415
1.07492
0.928155
1.12554
1.15623
1.02205
0.787308
0.950311
0.881628
0.823065
0.993849
1.10684
0.915416
0.994888
1.21004
1.10843
1.25448
0.968999
0.981814
0.989426
1.05074
1.15435
1.00963
0.979315
0.863182
0.944059
0.884674
0.922001
1.03557
1.11562
1.02616
0.876817
0.946906
1.0803
0.863568
1.13841
1.01049
1.05229
1.11593
0.904356
0.953708
1.07894
0.93749
0.928046
1.01908
1.21124
0.999221
0.893988
0.946697
0.984187
1.03493
0.957512
1.16177
0.942883
0.98792
1.06524
0.844698
0.936953
0.979053
1.01359
0.981217
0.85753
1.01335
1.22084
1.08312
1.08617
0.902785
1.07217
0.936348
0.956058
0.958558
0.92999
0.966578
0.966544
1.1327
1.0021
1.05056
0.889953
0.826947
1.21653
0.937586
0.856293
0.963086
0.848609
0.959602
0.883696
1.01059
1.15194
1.0979
1.06712
0.903695
1.02587
0.894948
1.13552
1.15094
0.826867
1.11379
0.889392
0.907278
0.899212
0.989553
0.929833
1.06016
1.04224
1.06403
0.76026
1.12316
1.19949
1.13127
0.936517
1.14515
0.880152
1.09922
0.968234
1.02329
1.02255
0.961906
1.13279
1.14892
0.922013
1.02346
0.957256
1.06969
0.894946
0.987454
0.945763
0.993108
0.958034
0.966249
1.022
1.05739
0.822034
0.96954
1.08527
0.942257
0.994064
0.948627
1.05804
0.982239
1.00697
1.01068
0.952383
1.02
1.02063
0.901667
0.9818
1.05454
1.03047
0.96385
0.895658
0.847058
1.00302
0.88807
1.0419
0.971888
0.991523
0.936467
1.05764
0.934373
1.04914
0.920275
0.798384
1.03317
0.88576
1.09095
0.906601
1.01408
1.0391
1.15849
1.02373
1.08158
0.871608
1.2321
0.961246
1.12492
1.17258
0.862682
0.972807
0.928847
0.978497
1.0196
0.923259
1.02257
0.897992
0.956245
0.984403
1.33222
1.03865
0.948543
1.00869
0.849035
1.00999
1.29427
0.801332
1.15927
0.965288
0.892489
0.960458
1.14455
1.1634
0.996808
0.772429
1.20844
0.789374
0.849353
1.1026
0.963121
1.02095
1.10621
1.01974
1.01236
1.00545
0.996244
1.05504
1.01564
0.974238
0.841705
0.85
0.993233
1.10599
1.09924
1.01356
0.909772
0.879369
0.817286
0.874038
0.960981
1.12998
0.956656
1.32644
1.15853
1.10311
0.846356
1.06013
0.94485
0.999234
1.00769
0.966664
0.920012
1.07749
1.07492
1.05741
1.00037
0.989334
0.930526
1.13338
1.03788
1.03075
0.938579
0.93554
0.79064
0.912861
1.01943
0.951422
1.10669
1.02257
1.02655
1.06146
1.13911
0.908324
1.01963
0.98794
0.959288
1.01727
0.90454
1.05357
1.05544
0.964242
1.00475
0.943121
0.951666
1.07827
0.926203
1.01137
1.07771
1.16129
1.05488
0.88118
1.00096
1.13125
1.01386
1.08738
1.0033
0.987247
1.1218
1.04492
0.883498
0.822943
1.01608
0.921254
1.10562
0.960751
1.15424
0.843784
1.12204
0.914463
0.868282
1.016
1.00221
0.745425
0.991572
1.02647
1.20566
0.992308
1.03744
1.1976
1.03647
0.828089
0.960964
1.02627
1.08545
0.991747
1.09258
1.07982
1.06414
0.96066
1.00037
1.25682
0.987152
0.904095
1.01237
1.07027
0.89498
0.996144
1.04535
0.929089
0.922742
1.00262
0.949796
0.945047
1.0218
1.11396
0.980671
1.18362
1.16703
1.03863
1.00417
0.926558
0.922909
0.981217
1.06859
1.065
0.913197
0.904621
1.02842
1.04006
1.0411
0.827405
1.04797
1.02918
0.928309
0.994294
1.04596
1.02594
0.869791
1.02242
0.816197
0.948169
0.828461
0.942496
0.872265
1.08864
0.838494
1.01549
1.08626
0.957317
1.03288
0.855549
0.981429
1.03478
0.848044
1.04776
1.05555
0.729725
0.868241
0.996268
0.961941
1.06754
0.957543
0.955112
0.924461
0.827483
1.00105
1.10581
0.951043
1.09169
1.16867
0.86523
1.17597
0.8443
1.09713
0.949993
1.0321
1.04247
1.16692
0.825568
1.03771
1.07861
0.860337
1.16844
1.01099
0.959936
0.939895
0.992162
1.08974
1.1524
0.871915
0.890145
0.835174
1.09245
1.11408
0.835273
1.10271
1.11051
1.06483
0.892633
0.928112
1.14164
0.989725
1.11986
1.19408
1.05948
0.993147
1.19122
0.99604
0.978519
0.86813
1.04454
1.02366
0.858629
1.10431
1.05293
1.01927
1.21733
0.820681
1.06761
1.08284
1.04666
1.12432
0.964209
1.08848
1.15871
1.07629
0.965972
1.10793
1.00942
1.05739
1.16746
1.00065
1.09919
0.870233
1.17415
1.20747
1.14461
1.00484
1.00445
0.997347
1.00169
0.855584
0.9807
1.22843
0.868705
1.3178
1.20266
0.852014
1.05829
0.969141
0.950121
1.04212
1.09182
0.966682
1.05467
1.06499
1.05307
0.946646
1.05012
0.912435
1.09248
1.04042
1.04855
0.958452
0.838997
1.02278
1.03541
0.99559
1.06363
0.93105
1.12738
0.882509
1.1136
0.839104
0.906993
0.910818
1.07295
0.966803
1.03721
1.10874
1.02005
1.08995
1.11938
1.09704
0.98568
1.10307
0.901582
0.968482
0.933469
1.07713
0.885734
1.24836
0.934646
1.1991
1.01486
0.923712
1.16443
1.09309
1.03879
0.936823
1.11811
0.879146
1.08684
1.0604
0.897628
0.859197
1.08986
0.979056
1.27974
1.16547
0.948661
0.893304
1.05064
0.840135
1.10714
0.922354
0.873492
1.08518
0.976433
0.789867
1.0845
1.03916
1.19434
1.09101
1.10194
1.08047
1.03018
0.931237
0.888355
0.974913
0.884839
1.02718
1.14088
0.92497
1.10705
1.12182
0.970093
0.77616
0.947426
0.87988
1.03048
0.982539
0.881018
0.988977
0.922065
0.983438
0.974083
0.822864
0.993882
1.0742
1.18947
0.936999
0.879421
0.990387
1.17306
0.923207
0.935073
0.882751
0.84478
1.04603
0.998987
1.09648
0.883516
1.11807
0.898654
1.10623
1.06832
1.0261
0.934046
0.946715
0.860866
1.01995
0.995284
1.00487
1.07945
1.0196
1.12315
1.04974
1.02359
1.05218
1.11524
1.12628
1.09923
1.11679
1.01273
1.02637
1.04394
1.00868
0.943581
1.02328
0.993852
0.92245
0.891595
0.973407
0.882319
0.960716
1.31517
0.948259
0.906721
1.12199
0.955974
0.849246
1.12293
0.940168
1.06765
1.03689
0.992107
1.19429
1.21062
1.05039
0.893872
1.14799
0.970701
1.01993
1.2065
0.884486
0.885334
1.02723
0.945572
0.906929
1.0126
0.967897
1.03833
1.01811
0.898688
1.07629
0.947185
1.0466
0.994256
0.987461
1.00818
0.788231
1.09742
1.09007
0.908392
1.07884
0.851822
0.829873
0.891175
0.801239
1.01642
1.02776
0.846493
0.989943
1.24125
1.26314
0.991751
1.01205
1.09589
0.973302
1.03571
0.909543
1.14613
0.947265
0.855976
1.1645
1.10685
1.13257
0.914581
0.794166
1.13219
1.04688
1.03168
1.10307
1.03476
1.16357
0.898507
0.87296
0.912681
1.11252
1.23228
0.855698
1.06145
1.10914
0.99349
0.881738
0.944445
1.14556
0.92455
0.990829
0.89405
0.833663
0.875531
1.14371
0.811986
1.03934
1.14037
1.1681
1.045
1.03467
1.00103
0.951339
0.878716
1.04201
0.972965
1.03055
1.06788
0.878865
0.820552
0.863003
1.18213
0.942026
1.17629
1.06603
1.02751
1.01545
1.17363
0.994462
0.888171
1.09749
0.833458
0.964156
0.914117
1.12776
1.19025
1.02392
1.16817
1.02465
0.9358
0.883139
1.02637
1.09301
0.822615
1.02133
0.916519
1.08314
1.04395
1.06535
0.961485
1.04256
0.976028
1.06617
1.09372
1.01934
0.822291
1.03532
1.26285
0.877662
0.925023
0.943221
0.936104
1.11237
0.959489
1.10835
0.923761
0.813748
1.17215
0.790822
1.0641
1.05132
1.05637
1.02203
1.06169
1.01064
1.32053
1.10343
0.877136
0.983542
0.906693
0.911555
0.8448
0.944515
0.899358
1.05566
1.12284
1.09451
1.04222
0.926694
0.926119
1.01227
0.90295
1.07847
0.998235
0.887012
0.894059
1.00992
1.14116
1.17585
0.93259
1.02544
0.911325
0.829457
0.885067
0.90562
1.08529
0.982266
0.974199
0.931846
1.04302
1.14202
0.914959
1.21898
0.958584
0.950301
0.973856
1.1618
0.863548
0.952766
0.98896
0.95691
1.01101
1.12392
1.07854
1.17859
0.978355
1.02756
0.901717
0.989319
1.10168
1.10158
1.08729
0.895438
0.976563
1.01923
1.0109
1.07956
0.970028
1.05203
1.13392
0.958787
0.907377
0.96767
1.00497
1.07666
0.945833
0.847898
0.961283
0.990535
0.804168
1.07417
0.969907
1.13831
1.19589
0.825161
0.896157
0.923316
0.802426
1.06531
1.07693
1.05988
1.21656
0.951034
0.83126
0.877968
0.923742
1.09022
0.928312
0.941062
0.987868
1.02288
1.01776
0.968321
0.947677
0.936982
1.11732
0.922008
1.12258
1.06016
0.912691
1.00837
1.03879
0.813982
1.00745
0.922761
1.03119
1.20942
0.970616
0.940344
1.01987
1.15801
0.943743
0.962912
1.04441
1.15317
1.06949
0.990513
1.12361
0.999472
0.999742
1.00813
1.04161
1.08597
1.0447
1.07151
0.997282
0.942537
0.954532
1.12447
0.917658
1.05515
1.09012
0.956444
0.974028
0.936873
0.95206
1.19195
0.931907
1.00579
0.934626
0.908255
0.998793
0.907086
0.979018
0.935403
0.935439
1.07022
1.2518
1.01252
1.09024
0.995819
1.01743
0.869075
1.11645
0.93013
1.25303
0.924846
0.980363
0.996955
1.07021
0.886215
1.05471
0.807425
0.921782
1.16154
1.16167
0.889066
1.07423
1.0487
0.801165
0.74343
0.947082
1.05427
0.950643
1.11191
0.967876
1.15401
1.08613
0.878148
0.991111
0.982643
1.08251
1.0604
1.25731
1.00149
1.20189
1.07489
1.06749
1.14708
0.932888
1.10705
0.940822
1.06053
1.18872
0.984864
0.878241
0.875919
1.00561
1.02823
1.02714
0.838994
0.853699
0.982615
1.0571
0.971284
0.933235
0.985472
0.942395
0.887754
0.99307
0.901192
1.08037
0.944898
1.00137
0.982845
1.24907
1.36089
0.996413
0.936341
1.02274
0.875769
0.994024
0.998781
1.16554
1.1541
0.99926
0.833104
0.960476
1.00744
0.962824
1.06582
0.866284
1.04273
1.14238
0.875936
1.26849
0.974563
1.028
1.02161
0.927364
0.893374
0.977712
0.717865
1.00838
1.0051
1.05019
0.96763
0.884844
1.12214
1.06684
1.17306
0.827446
0.877977
1.00453
0.958746
1.0895
1.00803
1.03775
0.9794
1.03709
1.04974
0.936933
1.0721
1.13224
1.02956
0.873145
0.996901
0.782001
0.966539
1.02843
1.00064
0.972736
0.912881
1.04465
0.872118
1.14386
0.938192
0.966754
1.05447
1.03883
1.15653
0.823084
0.917963
1.02273
1.16599
0.892992
0.909698
0.849122
1.12745
0.875025
0.952853
0.812621
1.02291
0.993032
1.00942
1.05513
0.849859
1.01895
1.00205
1.11988
0.948065
0.993455
1.09616
1.05638
1.06794
0.848649
0.772936
1.07387
1.10696
1.10165
1.07039
0.976905
1.14072
1.05365
0.968419
1.17555
1.00211
1.04111
0.886007
0.979081
0.984013
0.911036
0.870158
1.04099
0.951789
0.901863
1.047
0.936334
0.835374
0.941708
1.06949
0.889322
0.904876
1.04375
1.04025
0.882948
1.11528
0.94471
0.935308
0.976247
1.00039
0.945393
1.08483
1.00565
0.959974
0.853465
0.982258
0.998608
0.956112
0.9743
0.865138
0.967998
0.916626
0.950937
1.00379
0.912867
1.02872
0.870852
0.926976
1.15442
0.888127
1.00226
1.16986
0.966473
0.908788
1.11069
0.890727
0.970472
1.09031
1.03275
1.12615
1.09418
0.96109
1.09692
1.01497
1.01247
0.914557
1.00992
0.935848
0.962154
0.881029
0.90751
1.09481
1.01819
0.961308
1.04256
0.962724
1.1991
0.94922
0.934633
1.0883
0.996092
0.910956
0.928224
1.11953
0.911218
1.17149
0.959896
1.07051
1.0902
1.04173
1.06983
0.881705
0.9862
1.02692
1.18814
1.03768
1.03743
1.03231
0.853459
1.0681
1.1319
1.04254
1.03407
0.98974
1.17348
1.07416
0.870125
0.834475
1.07039
0.955971
1.19323
0.885019
1.00766
1.00993
1.14907
0.81424
1.09211
1.14102
0.990768
0.920835
0.916576
0.943863
0.97257
0.938028
1.13619
0.985525
0.884206
1.08231
0.901056
0.928446
0.79995
0.939852
0.956143
0.992063
0.886049
1.08183
0.906221
0.940606
1.00211
0.990738
0.873737
1.13614
1.09692
1.09918
1.03896
0.97207
0.987303
1.00581
1.02242
0.958968
0.941026
0.939651
0.979282
0.995138
1.01411
1.05427
1.06061
1.04185
0.965788
0.931546
1.10719
1.03038
0.984589
0.966563
1.16165
0.920108
0.930839
1.05359
0.777375
1.07042
1.03879
1.00492
1.10297
1.21375
0.886132
0.95254
1.00148
0.875682
1.00994
1.26433
0.917748
0.887913
0.96974
0.890034
0.953219
1.04735
1.20885
0.774058
0.949313
0.924389
0.955442
1.09755
0.867852
0.890296
0.957212
1.01593
1.02779
1.03195
1.08055
0.901996
0.781041
1.09465
1.2044
1.02501
0.919437
1.17234
0.761469
1.21483
0.891643
0.956097
0.921889
1.06487
0.907183
0.863264
1.00737
0.88303
1.08701
0.968295
0.988458
0.967547
0.990383
0.916619
0.907246
1.03696
1.02719
1.1069
0.929322
1.01721
0.964865
1.04095
1.1213
0.929501
1.26081
1.08684
0.916911
1.07878
0.956626
0.991074
1.04928
0.996969
0.911329
0.872545
0.864665
1.09901
0.996169
0.839727
0.953081
1.06635
0.98436
0.923802
0.963451
0.959396
1.0482
1.1625
1.28694
1.06149
0.956141
1.05827
1.01575
1.10332
0.954123
0.845693
1.01772
1.0101
0.91175
1.04372
1.01679
0.935031
1.17711
1.05133
0.86144
0.966571
0.930144
1.13867
0.852264
0.883555
0.992056
0.93871
0.902107
0.922642
1.29301
1.13569
1.18575
1.06048
1.00476
1.08884
0.817665
1.05345
1.0007
1.1112
1.16495
1.22189
0.973474
0.883871
1.00891
0.969625
0.972368
1.0864
1.13735
0.896885
1.05354
1.01644
1.07835
1.14584
1.18085
1.11021
0.9999
0.942755
0.984768
0.870399
1.08046
1.21428
0.868089
0.958989
1.07312
0.987882
1.10535
1.04383
0.9568
0.995813
0.863693
1.08746
0.916965
0.884198
1.09468
0.899919
1.06104
0.869346
0.95292
1.04193
1.07829
0.956352
1.00242
1.04248
0.978326
0.951582
1.20993
0.912496
0.826119
0.919222
0.823806
0.98729
1.22839
1.03199
0.980408
1.03591
1.07404
0.935308
0.904278
0.926725
0.917133
0.947737
1.14249
1.13338
0.953418
0.971922
0.872917
0.899714
1.09057
0.963403
1.05442
0.964359
1.18472
0.963714
1.01497
1.1505
1.01647
1.08607
1.1564
1.07366
1.073
1.07769
0.906737
0.929209
0.904248
1.14116
1.00015
1.20931
0.949295
0.980251
1.02122
0.857654
1.21944
0.861515
0.825764
1.02762
1.28751
0.931526
1.02595
0.93315
0.896167
1.12549
1.00142
0.969765
1.00835
1.06575
1.1096
0.927038
1.18906
1.11753
0.868614
0.948958
1.02852
0.981823
1.13939
1.12974
1.0054
0.938399
0.987068
0.930861
1.02277
1.08629
0.821283
0.995419
1.09642
0.874826
0.960462
1.15259
0.923482
0.856978
1.13525
0.927606
0.792146
1.12145
1.1322
0.867141
1.03084
0.977898
0.973439
0.914009
1.0362
1.13974
0.936112
1.11953
0.908109
1.12739
1.06339
0.923931
1.17278
1.03706
1.07154
1.13928
1.05721
1.03392
0.969297
0.890677
1.03349
1.10273
0.92661
0.896021
0.960079
1.03082
1.15408
0.984127
0.98775
1.03316
1.06863
0.969738
0.867705
1.11334
1.0376
0.99999
0.973042
0.880912
0.845143
0.851166
0.935323
0.910711
1.0208
0.91228
1.01014
1.06948
1.13808
1.07907
0.852944
0.992119
1.24014
0.999882
1.04466
0.920766
1.08796
0.808618
1.24462
0.957562
0.837093
1.07779
0.928122
1.03808
0.914151
1.07518
0.901171
1.00704
0.874343
0.79018
0.961312
0.991362
0.952343
1.03123
0.856573
0.852653
0.969175
0.878862
1.11333
1.10742
1.21111
0.774425
1.04724
0.864475
0.888391
0.939986
0.790955
0.910469
0.879777
1.04863
1.12521
1.28297
1.04524
0.933577
0.954203
0.993834
0.970634
1.03631
0.973605
0.916369
1.01155
0.946995
1.06387
1.00747
0.98327
0.983675
1.12425
0.92527
1.02724
1.24131
1.03057
0.91495
0.960111
1.05005
0.934908
1.15531
1.05388
1.06711
0.948273
1.00452
1.16586
1.16357
0.718127
0.936756
1.1103
0.875894
1.16446
1.14315
0.948729
1.01436
1.09408
1.18035
1.06495
0.983727
1.07234
0.972264
0.95246
0.986288
1.04863
0.79981
1.00455
0.891559
0.969068
0.933452
0.873875
0.873008
0.942823
0.915742
0.970685
1.10051
0.847385
0.948514
1.16356
0.945315
0.992652
0.855203
1.05577
0.948765
1.18907
1.02144
1.05549
0.934151
1.31592
0.929897
0.923984
0.895464
1.0126
1.05619
1.07002
1.08286
0.935531
0.998695
0.995738
1.00108
0.94382
1.02005
0.91068
1.02689
1.01328
0.916013
0.97159
1.247
1.09837
1.05405
1.05562
0.861404
1.11633
1.07528
0.897447
0.935518
0.983467
0.888286
1.10967
0.970046
0.918671
1.03233
0.945865
0.91091
1.12468
1.03722
0.962165
1.05687
1.05349
0.964684
1.12491
0.991913
1.05342
0.943246
0.827627
1.10305
1.09693
1.00609
0.906033
0.89565
0.973821
1.00023
1.00874
0.955799
0.940316
1.04697
1.04108
1.04811
0.8517
1.08038
0.982776
0.92145
0.968456
1.0088
0.886983
1.04257
1.07195
0.927622
0.91766
1.05775
0.937532
0.957277
0.981616
0.946301
0.980721
0.83652
1.01947
0.957484
1.08894
1.08367
1.08587
0.88396
1.01296
0.925601
0.86158
0.878076
1.00476
1.09754
0.927068
0.936147
1.11201
0.990731
0.770929
0.921001
1.0737
0.914768
0.963611
0.961104
1.07936
0.901168
1.15216
0.993369
1.06545
0.874474
1.13428
0.938891
1.03625
0.945611
0.86571
0.917553
1.00998
1.00962
1.19004
1.29811
1.0656
1.10266
1.07907
0.886975
0.879823
0.857918
0.776498
1.1525
1.14939
0.940877
0.942563
0.983013
1.15393
0.813687
1.04691
1.12955
1.22465
1.00974
0.976206
0.962572
0.910151
0.964859
1.11025
1.04719
0.981929
0.943701
0.907978
0.913848
1.03071
0.937764
0.952937
1.04538
0.968856
1.02644
1.05445
1.07875
0.965281
1.02586
0.962483
0.906687
0.939266
0.970393
0.876592
0.972306
0.860247
0.930251
0.948374
1.06849
1.12581
0.920782
1.2645
1.10489
1.01882
1.16111
1.00945
0.954744
0.941237
1.02673
0.87815
1.07495
0.893767
1.03244
0.979812
1.17631
0.96208
0.997652
1.09436
0.856149
1.01151
0.97375
0.968186
1.00867
0.974008
1.06311
1.00942
1.14727
1.07491
0.976373
1.02987
1.03771
0.82389
0.959458
1.00309
0.975792
1.03104
1.17758
0.940745
0.996857
0.85985
1.06056
0.949409
1.11838
1.08287
1.049
0.914559
1.09211
1.0164
0.899507
0.91002
1.0697
1.11539
0.951197
1.12573
1.21978
0.922095
0.926647
0.973924
0.87621
1.13225
1.22782
0.904534
1.01769
0.985665
0.866966
0.972845
0.910394
1.07078
1.0002
1.02046
1.08316
0.993276
0.907338
1.0403
0.861254
1.04449
0.859099
1.0059
1.19838
1.10766
0.887512
1.03738
0.897136
1.03077
0.892438
1.0095
0.856827
1.08646
0.975147
0.995371
1.02648
0.94653
1.06313
0.95886
0.869417
1.20995
1.05584
0.844795
1.12816
0.956873
0.781439
0.951372
1.1063
0.914271
1.01258
0.876449
1.11735
1.00142
0.893652
1.06392
0.966495
1.10557
1.12581
0.983971
0.864446
1.151
0.907868
0.890764
0.945661
1.11565
0.948467
0.829009
0.996397
0.913085
0.87916
0.987045
1.01655
0.98622
1.10635
0.970732
0.969202
0.99064
0.97686
1.06346
0.991687
0.995938
1.03644
0.840855
0.995754
1.05446
1.01282
0.844607
0.973181
1.01728
1.109
0.924841
1.00182
0.921307
1.02902
0.809481
0.77583
1.13724
0.94414
1.13164
0.783824
1.27692
1.04942
0.922428
0.927192
1.07316
1.09331
1.01868
0.896596
0.996235
0.927398
0.917958
1.07744
0.866238
1.0447
0.953606
0.95706
1.05588
0.876103
0.937778
0.894249
1.13321
1.10906
0.867722
1.12056
1.23033
0.822738
1.05306
0.964533
0.993643
1.12789
0.987212
0.889176
0.985122
1.01337
1.07757
1.13098
0.93735
1.1739
1.03434
0.790743
1.10062
1.07033
0.858082
1.15436
1.28148
0.779761
1.21572
0.850794
0.920128
1.06277
1.09618
1.12736
1.15537
0.851817
1.08271
0.942576
1.01753
1.02379
0.971736
0.938404
0.928091
0.94923
1.08832
1.06923
1.02501
0.852511
0.949249
0.838213
1.19114
0.959902
1.02535
1.09364
0.907767
0.972086
0.93377
1.03244
0.996762
1.14588
0.837225
1.02579
0.90681
0.955055
1.1272
1.12312
1.20088
1.00558
0.95781
0.994568
0.823544
1.13615
0.8116
0.965295
1.08165
1.06139
1.03345
1.03924
0.833569
1.0883
1.0544
1.17688
0.949906
1.01055
1.00856
0.975686
1.05113
1.03013
1.1215
1.00127
1.07625
1.09244
0.878764
1.08701
0.938088
1.04396
0.974644
0.962369
0.97514
1.02165
0.746768
0.952596
1.04978
1.04665
0.847132
0.854041
1.12332
1.01807
0.999955
1.02538
1.0012
0.985045
1.0256
1.02422
0.923279
0.89359
0.951843
1.01023
1.1685
0.94188
1.09244
1.06194
0.946281
1.0017
0.998002
1.00276
0.901495
1.11146
0.855969
1.01758
0.93531
1.20566
0.995953
0.98967
1.03552
0.913897
0.920302
1.0644
1.04009
1.19867
0.99027
1.18342
1.24488
1.0302
0.829298
1.13219
1.06303
0.955536
0.961277
1.06593
1.09689
0.980767
1.10766
1.07579
1.03648
0.99728
1.02287
1.13861
1.07112
0.964988
0.840953
1.04741
1.00232
0.97137
0.997871
0.905244
0.9948
0.820417
1.18427
1.08941
1.02528
1.14102
1.02164
1.01987
0.889694
1.11137
0.885184
1.0161
1.02346
1.19076
1.0243
1.0857
1.10351
1.00609
1.01784
0.98633
0.940955
1.04935
0.864373
0.914637
0.868498
1.01344
1.12293
1.05469
1.1086
1.05392
0.931201
1.05839
1.0501
0.941956
1.00909
0.826172
1.01256
0.974912
0.992924
1.31471
1.07401
1.04936
1.01251
1.03262
0.877303
1.0441
0.951191
0.963762
0.988061
1.15754
1.11366
1.02346
0.843212
1.00612
0.896248
1.04521
1.0811
0.886571
0.960906
0.910162
1.04908
0.964259
1.05083
0.937796
1.11092
0.923415
1.01439
1.13244
1.11899
1.01365
0.812104
1.10211
0.957764
1.05456
0.972921
0.982276
1.12199
0.966354
0.88056
0.901345
1.019
1.01656
1.02978
1.12672
1.02702
0.963413
1.00189
1.15885
1.19004
1.0484
1.06897
0.976093
1.17837
1.00424
0.944163
0.940251
0.886144
1.01401
1.03496
0.927071
0.891862
1.0915
1.10185
1.08771
0.964472
1.0609
1.10119
0.882113
1.09328
0.895497
1.00012
1.03368
0.99934
0.972941
0.995316
0.871439
0.921444
1.05456
1.12032
1.10325
1.22126
0.929366
0.999213
0.908143
1.11809
1.08989
0.937177
1.04203
1.14132
1.06238
1.0999
0.956314
1.09481
0.953556
1.02366
1.06222
0.845203
1.21844
1.08461
1.05865
1.09095
1.01812
0.845521
0.801286
1.20089
1.03631
1.0416
1.04795
1.04642
0.914142
0.947409
1.04468
0.973002
1.02733
0.996766
1.09249
0.979914
1.08489
0.877978
1.00459
1.10628
0.9418
1.08214
1.28288
1.12118
0.917312
0.883764
0.905973
0.903538
0.999904
0.830343
0.955714
1.06446
1.05664
0.897632
0.984489
0.848727
0.970164
0.902517
0.954794
1.10459
1.04479
0.959273
1.00758
1.08737
0.872007
0.947029
0.887589
1.07722
0.966175
0.996948
0.874927
1.02766
0.856033
1.07738
0.893925
1.09647
0.900725
0.922437
0.982339
0.986739
0.963709
1.0315
0.887472
0.992756
0.996427
1.1863
0.93374
1.02993
1.10243
0.950746
1.15728
1.04349
0.898112
0.890125
0.999555
1.0747
0.969055
1.02829
0.952761
0.923548
0.765334
1.09745
0.997694
1.00219
0.925612
0.979648
0.997147
1.26565
1.15293
1.06618
0.770895
0.896217
0.99822
1.05159
1.16874
1.01403
1.07216
1.03291
1.06479
1.11463
1.00142
1.01882
0.899412
1.04262
0.790783
0.974026
0.985101
1.05356
0.916416
0.881259
1.02214
0.96297
0.976262
1.13627
0.891418
1.11568
1.058
0.992394
1.0388
0.887978
0.917569
1.15384
1.04993
0.99279
0.996077
0.944562
1.02396
0.940906
1.00408
0.937553
0.835078
1.00448
1.11128
0.983309
0.993449
1.10775
1.10533
0.983773
0.97499
1.0424
1.09449
1.09069
0.803761
1.10992
0.961494
1.02597
1.03473
0.857049
1.00224
0.96682
1.02631
1.0477
1.04921
1.21284
0.86087
1.02513
1.1233
1.04233
0.916833
1.01899
0.945815
0.961368
0.930436
1.0178
0.823532
0.936633
1.05889
0.985368
1.01527
1.07334
1.04087
1.04977
1.01686
1.11386
0.967018
0.992986
0.976716
1.14656
0.989595
1.14981
1.03955
1.06519
0.852553
0.969992
0.839142
0.915471
0.974472
1.05017
0.885434
1.01227
0.955381
1.08225
0.863047
0.939467
1.14121
0.957729
0.915941
0.950587
1.08854
1.239
0.990802
0.852716
1.22653
1.13606
1.12561
0.816743
1.00354
0.987047
0.983165
0.933651
1.01518
0.981629
1.00282
0.854492
0.84798
0.942036
1.11767
0.97415
1.03427
1.07784
1.02077
0.996534
0.947052
0.895551
0.743202
0.977807
1.16223
0.794392
1.12448
1.15004
1.12806
1.16557
0.919633
0.988512
0.94674
1.01338
1.13188
1.01253
0.922588
1.17459
1.09492
1.01708
1.07381
1.07108
0.907405
1.01535
0.930569
1.01913
1.0522
0.941986
1.11321
1.04421
1.0395
0.961925
1.01414
1.00721
1.00897
0.866643
1.0623
0.860073
1.04053
0.879595
1.00174
0.86874
0.945389
1.0182
0.932059
1.06107
1.07546
0.97024
0.89421
0.875179
1.03097
1.19363
1.06026
1.05215
1.09563
0.776208
0.94204
0.955871
0.908008
0.990411
0.894964
0.938952
1.06894
1.05726
1.13917
0.905582
1.03109
0.991759
0.743746
0.91414
1.07538
1.04818
1.01834
1.10981
1.0743
1.09267
1.05744
0.942908
0.921075
0.938786
1.08634
0.948115
1.15444
0.898888
0.946318
1.10435
1.0317
1.09165
1.0189
0.818103
1.14029
1.0246
0.951088
0.95181
0.872681
1.03585
1.11604
0.983244
0.920936
0.982926
0.88412
1.02279
0.932061
0.826991
1.05947
0.91584
1.09895
1.04661
1.07414
1.05284
0.921742
0.932882
0.859784
1.03165
1.10922
0.953032
1.09299
0.881915
0.827963
0.930691
1.12241
0.951757
1.07989
0.987265
0.876329
1.0382
1.02899
1.00979
0.792109
1.09071
0.828933
1.08344
1.04606
1.14388
1.1292
0.894138
1.01692
1.00738
0.918231
1.01715
0.89394
0.950949
0.847585
0.921815
0.973572
0.899794
1.10821
1.07874
1.04146
1.12768
0.86937
1.15888
1.12374
1.01115
0.883482
0.953256
0.986477
1.11929
1.00191
0.924344
0.985233
1.02296
0.998658
0.997164
0.943443
1.045
0.868481
1.27296
0.913032
1.00003
0.862511
0.995503
1.01549
1.17944
1.01457
0.850781
0.987022
1.02297
0.952773
0.86455
1.01594
0.980669
1.19243
1.06241
1.04099
0.836112
0.858365
0.815974
0.989206
0.916645
1.00408
1.0224
1.10474
1.05611
1.02276
1.04375
0.98281
1.05142
0.974969
1.18329
1.00163
1.04268
0.960243
1.03745
0.9777
1.12512
1.11473
0.958848
0.909498
0.895001
1.03111
0.990829
0.985281
1.14024
0.987277
1.06765
0.829582
0.927907
1.05883
1.11723
1.08889
0.867619
1.15095
0.878031
0.894359
0.841281
1.06925
1.02438
1.08084
1.04956
1.04811
0.878722
1.05623
1.17802
1.19264
0.954462
0.92554
0.829449
1.1056
1.07548
0.944427
1.03719
1.02284
0.993071
0.931639
1.04582
1.09027
0.815857
0.884897
1.00482
0.940584
1.00135
0.86743
1.00163
1.08495
1.13531
0.992311
1.07623
0.987705
1.00174
0.988946
0.886334
0.993062
0.975052
1.11493
0.994739
1.14474
0.977854
0.817674
0.943631
0.855187
1.13488
0.991039
0.977559
0.940845
1.07878
0.954187
1.08414
0.829536
0.958993
1.11179
0.939663
1.11961
0.763477
0.930132
1.03728
1.11606
1.1247
0.987251
0.865204
1.05689
0.942848
1.16694
1.07009
0.799857
0.934864
0.825705
1.0707
1.02217
0.959599
0.769249
0.998632
1.17002
1.19385
0.909528
1.0602
1.19787
1.11133
1.0566
1.01599
0.857656
0.898643
1.08164
0.894299
1.13576
1.24965
0.965068
1.04554
0.991051
1.08942
0.956815
1.23159
0.868107
0.938699
1.02877
0.927774
0.935175
0.907557
1.06397
0.895772
1.13178
1.08618
1.04757
0.822658
1.09056
1.02047
1.06449
0.952771
1.00995
1.0667
0.977199
0.912555
1.09774
0.938428
0.765246
1.10367
0.871712
0.980691
1.15714
1.10071
0.983031
1.10652
0.960977
0.991218
0.941332
0.907493
0.977212
0.919839
0.955944
0.988689
1.0857
0.984826
0.961981
0.834023
1.15312
0.960002
1.04515
0.818102
1.04374
0.944789
0.993655
1.05378
0.98671
1.11743
0.966332
0.8922
0.870542
0.969422
1.1623
1.04992
0.935093
1.02449
0.938354
0.85967
0.812856
0.966959
0.978177
1.01591
1.00914
1.06406
0.839625
1.06254
1.06579
0.946803
1.10183
1.12814
0.89763
0.974589
1.05035
0.972895
0.912894
1.14162
1.11609
1.1259
1.0069
0.921033
1.01444
1.06559
0.788088
0.999693
0.923717
1.28469
1.00017
1.05521
0.925682
1.03518
0.820601
0.902971
0.916951
0.874853
0.898378
1.07612
0.894647
0.863016
1.04121
0.995733
1.07345
1.04033
0.953769
0.814999
1.05844
0.990959
1.03807
1.08222
0.945679
0.79711
1.07397
0.948944
1.0815
1.02172
0.877025
1.01816
1.05949
1.19961
1.04117
0.902742
0.92422
1.0345
0.921042
1.06091
1.05301
0.975653
0.944181
1.11963
1.11939
0.993009
0.883599
0.943769
1.08076
1.09457
1.07401
0.903758
0.927355
0.807648
0.891711
1.16664
0.832081
0.860325
0.954171
1.09601
1.10381
1.12811
0.98607
0.889344
0.838118
1.01038
0.900916
1.13225
0.859676
0.973204
1.16428
0.969547
1.02256
1.09844
0.988997
0.991247
1.00593
1.09229
0.931035
0.786601
0.987157
0.95771
0.925021
1.01142
0.990624
0.903861
1.00198
1.00132
1.06815
1.13436
0.767268
1.03972
1.06456
1.11442
0.954188
0.977884
0.968932
1.10183
1.04802
0.960087
0.99276
0.988097
0.936856
0.974241
1.18033
1.13935
0.96667
0.925498
1.24027
0.950966
1.01028
1.00539
1.00732
1.21689
0.831615
1.02567
1.06681
1.0252
1.05784
1.14827
1.14414
1.00223
1.07176
0.922357
0.782708
0.874002
1.06428
0.88676
1.04511
1.13828
0.930824
0.983537
1.20014
0.872222
0.999524
0.975285
0.967557
1.19609
1.08509
1.01028
1.02435
0.971931
1.01338
0.746457
0.936831
1.14462
0.96111
0.908894
0.964169
0.888058
1.12093
1.03727
1.02619
1.00073
0.961792
1.03591
1.04795
1.11675
0.984496
1.02632
0.850361
0.87689
1.06987
0.818371
0.839074
1.08149
0.875823
1.033
0.972653
0.949646
1.06802
1.17751
0.870829
0.892374
1.12595
0.945029
1.04927
0.917065
0.983847
1.06181
0.974954
0.903116
0.923758
1.03119
0.868648
0.881243
0.909184
0.909474
0.88304
1.13545
1.16444
0.949988
0.861499
0.889902
0.896486
1.01238
1.00809
0.947364
1.00096
0.935592
1.10557
0.988979
0.910495
0.968717
0.922621
1.07733
0.988213
1.06407
1.04909
1.00645
0.990985
1.0555
1.10935
1.04567
0.886239
0.889605
0.890237
1.1061
1.15755
0.909819
1.00511
0.87383
1.14913
0.888157
0.941677
1.02352
0.893682
1.02809
1.00673
1.11419
0.980412
0.939689
1.11299
0.951116
1.15987
0.919875
0.914953
0.938536
1.08063
1.02574
1.00794
1.06617
1.06186
0.96576
0.97838
1.16802
1.1135
1.17473
0.895794
0.82563
1.06326
0.997864
0.792355
0.857594
0.978679
1.12286
0.952278
0.948908
0.86521
1.03182
0.991109
0.848254
1.17416
0.940392
0.984328
1.07862
0.949179
1.04596
0.990939
1.13335
1.11642
1.01979
1.04305
0.77129
1.05143
0.889626
1.06009
0.913167
1.05261
1.1092
1.12533
1.11847
1.06897
1.08104
0.897182
1.07061
0.912029
1.12426
0.957532
0.940252
1.07556
0.916097
1.04574
1.14994
0.992537
1.02881
0.935503
0.976397
0.967309
1.05163
1.229
1.01948
1.00558
0.944538
0.99994
0.929696
0.868495
0.984986
1.09478
0.984422
0.955263
1.05503
0.86224
0.963455
1.14539
1.02438
0.9661
1.10447
0.959172
0.933474
0.704958
1.03822
1.11837
1.04487
1.07117
1.02159
1.01084
0.995537
1.0765
0.844685
1.03701
1.0987
0.93808
1.01215
1.08525
1.09008
1.07464
1.17214
0.910857
1.1103
0.861602
1.18851
0.931049
1.02769
0.833617
0.936041
1.07971
0.772381
1.02638
0.989857
1.0702
1.05477
1.0071
0.980709
0.844886
1.00594
1.10861
1.08758
0.809552
0.841988
0.895402
0.962078
1.07957
0.853444
0.844001
1.03204
1.03331
0.973614
0.887078
0.987752
0.954261
1.22814
0.965117
1.0997
1.0927
0.93076
0.838532
0.973128
0.967643
1.02709
0.783473
1.0654
0.880356
0.863611
0.901427
0.698072
0.957586
1.06236
1.01936
1.10044
0.991183
1.05722
0.915734
0.960927
0.967802
0.954736
0.91416
0.915453
0.951537
1.06951
1.06037
0.898123
1.06816
0.966203
1.03757
1.0304
1.08683
1.06168
0.771844
1.01188
0.964436
0.945788
1.09971
1.0401
1.15712
1.00006
1.07316
1.13989
1.10544
1.05489
1.06625
1.21778
1.21994
1.06558
1.02728
0.906136
0.902646
0.939887
1.15837
0.87474
0.920889
1.0581
0.999989
0.945232
0.927947
1.12574
1.11513
1.0753
1.07993
1.03148
1.05705
1.06662
1.04884
0.956422
0.914055
0.827373
0.822587
1.00536
0.906191
1.13292
0.918698
1.01188
1.00423
1.21925
1.04095
1.07833
0.855559
0.998223
0.851074
1.11569
0.874913
1.2324
1.00631
1.22828
0.987222
1.00611
1.03972
0.951646
1.11732
1.01182
1.02577
1.07679
0.847403
0.942446
0.868124
0.814782
0.968557
1.00013
0.954212
0.93955
0.948161
1.12664
0.950977
1.20092
1.01017
1.16281
1.09083
0.872388
0.851863
0.966139
0.890754
0.94156
1.05462
0.914155
0.977135
1.06705
0.820425
1.06235
0.899688
1.05338
0.998977
0.913441
0.965746
0.940311
0.887015
1.0135
0.860089
0.857821
1.05754
0.974906
1.08222
1.04396
1.12339
1.038
0.890708
1.07343
1.09401
0.972076
1.03922
0.993984
1.01171
0.977606
1.05353
0.853551
0.952688
1.06833
0.833183
1.06674
1.12187
0.982448
0.795851
0.918961
0.882168
0.91651
0.932922
0.940376
1.03793
0.911978
1.24074
0.995681
1.15939
0.968301
0.984987
1.0658
0.985577
1.08124
0.913778
1.02359
0.956912
1.05116
0.957405
1.09055
1.068
1.01341
1.00273
0.989293
0.839865
0.820305
0.899496
1.12556
1.01435
0.920288
0.856988
0.896175
0.826981
1.05109
0.94209
0.99909
0.982171
1.06056
0.901373
1.08303
0.877175
0.940865
1.03851
1.06425
0.987946
1.00838
0.890106
0.974466
1.02796
0.817886
0.86827
0.876339
1.07213
0.815065
0.962491
1.02856
0.988874
1.01742
0.975377
1.1013
0.968869
0.95552
1.09097
1.03778
1.08645
0.994455
0.937959
0.942654
0.949454
0.975628
1.0776
1.01196
1.117
0.861815
0.991125
1.11161
1.10474
1.15228
1.02128
0.787665
0.79202
1.13656
1.05917
1.0575
1.08014
1.01443
0.978011
0.929457
1.042
0.939841
1.03523
1.13725
0.837652
1.05744
0.934654
1.00466
1.13668
0.984924
1.09075
1.17827
1.02931
1.0435
0.966066
0.847544
0.945766
0.859427
0.837586
0.974711
0.998159
0.977398
0.930555
0.969793
0.987183
1.1158
0.95821
1.04782
0.941242
1.07124
0.936131
1.01133
0.966729
0.887916
0.882806
0.981016
0.975796
1.0045
0.815357
0.88485
1.06867
1.09035
0.927044
1.11266
1.17002
0.897019
0.791108
1.00843
1.077
1.05686
0.982
0.900411
1.00799
0.969291
1.0619
1.00544
1.00278
0.930333
1.01404
1.00543
0.948433
0.990753
1.07488
1.09818
1.10449
1.0163
1.11198
0.98706
1.05086
0.986485
0.886986
1.07821
1.06817
0.906706
1.01918
0.957868
1.15112
1.08225
0.784293
0.915789
1.1563
0.827212
1.04955
1.04041
0.969521
0.851815
0.901603
0.987869
0.997105
1.06477
1.0084
1.08771
1.0482
0.977969
0.923034
0.936307
0.97049
1.0794
1.09436
0.94959
0.853935
0.995158
0.881109
0.985533
1.0808
0.985742
0.99231
0.994062
1.01131
1.10733
0.934819
1.05886
1.03747
1.12063
0.940063
0.916056
1.15615
0.929751
1.07798
1.1896
1.08635
0.98346
0.969438
1.07638
0.970282
1.01386
0.968018
0.742969
0.892403
0.92678
0.945576
0.937648
0.985986
0.893421
0.936003
1.00004
0.801972
0.956518
0.814282
0.983337
0.982504
1.08787
0.923321
1.11868
0.996411
1.02594
0.958448
1.1196
0.917159
1.04414
0.932802
1.03327
0.910319
0.964275
1.01827
0.919199
1.14717
0.938543
0.902928
0.990914
1.14529
0.929794
1.06819
0.919276
1.06068
1.01424
1.09918
0.943608
1.0637
0.873837
1.08717
0.839004
0.916148
1.09596
0.964721
1.06328
0.879931
1.25292
1.06133
0.920968
1.01875
0.898268
1.04747
0.947129
0.89253
0.912273
1.19034
0.904985
0.87121
0.922161
0.92382
1.14336
0.737939
0.98575
0.916865
0.940393
0.970112
1.21492
0.855981
1.12783
0.831168
0.838359
0.998044
1.02883
0.880912
1.03892
0.965751
1.03803
1.02278
0.972266
1.06702
0.965074
0.957366
1.08598
1.07116
1.04445
0.96142
0.9825
1.31204
0.882137
1.05963
0.992581
1.00517
0.999012
1.17719
1.07501
0.954083
1.00942
1.10182
1.1687
0.951095
1.05127
0.862203
1.0074
1.00357
0.991735
1.03033
1.0122
0.920575
1.07427
0.983981
0.880699
0.945355
0.94291
1.05026
0.779215
1.20608
0.889655
1.25463
0.88629
0.931553
0.928096
1.10153
0.834007
0.815463
0.984239
1.03507
0.956315
1.15014
1.15318
0.868127
0.969212
1.16123
1.19478
0.833124
1.13457
0.919514
1.17232
0.948259
1.03494
1.06435
1.14451
0.931263
1.03843
1.00464
1.23843
0.843807
0.978597
1.02209
1.0224
0.807231
0.915752
1.0801
1.06649
0.959303
0.820694
0.920986
1.03098
0.794376
0.839621
0.90548
1.04456
1.07149
0.949034
0.93273
0.981801
1.1546
1.03248
0.999584
1.04237
0.972744
1.05365
1.10653
0.984599
1.0278
0.983271
1.03776
1.01921
0.812168
0.908464
0.973664
1.07934
0.887271
1.13472
1.02894
1.00806
1.04338
0.974312
1.04888
0.98816
0.931721
0.915553
0.932366
1.03534
0.806129
1.08053
1.07412
0.929389
1.00756
1.03312
0.931562
1.26169
1.22614
0.947839
0.968686
1.13755
0.917057
0.998946
1.06721
1.04594
1.03985
0.874529
0.955318