0.269488
0.0302585
0.633583
0.173254
0.793869
1.69785
0.517805
0.136031
0.179503
0.523454
0.496242
0.960092
0.874382
0.355714
0.722441
1.06757
0.861038
0.605606
2.054
0.854219
1.4153
1.0531
1.48926
0.551184
0.815716
0.476186
1.59348
0.513303
0.283367
1.46983
0.857069
0.356696
0.646689
1.21672
0.500268
0.724584
0.4909
0.972409
0.678184
1.14901
0.772616
0.609706
0.429656
0.588221
1.4357
0.703957
1.78076
1.79274
1.32849
1.04629
0.205561
0.407832
1.20747
0.285468
1.03273
2.18289
1.27003
0.456253
0.94358
1.80577
0.264884
2.18474
0.65448
0.193114
0.990067
0.367491
0.620652
0.316104
1.28789
1.52726
1.60931
0.623702
0.868813
2.48306
1.17192
1.15021
0.0683816
1.42846
0.685925
0.284774
0.675496
0.256718
1.16206
0.676379
1.03794
0.276679
1.20009
3.11305
1.35883
0.266319
1.85573
1.73567
0.208331
0.731152
0.894732
1.14873
0.396983
2.44813
1.69458
1.75007
2.13398
0.759601
1.10492
0.754445
0.426782
3.31631
1.00887
0.978318
0.800652
0.303797
0.275088
1.19862
0.441763
0.437915
2.56864
1.20507
1.49434
0.240814
0.0906997
0.435443
1.31174
0.207352
1.09955
3.96411
1.95356
0.519321
1.42563
0.438154
0.431081
0.229441
0.383002
0.73882
0.361789
1.3861
1.33123
2.23695
0.894154
1.53551
2.00394
2.43706
0.673481
1.04117
0.897071
0.448393
0.778719
0.906744
1.08853
0.92411
0.271884
1.10829
1.94808
1.21255
0.442125
1.60293
0.659508
0.799633
1.00172
0.986506
1.29513
1.30189
0.212569
0.825419
0.306881
1.12984
0.190744
3.27028
0.193627
0.259874
0.302411
2.09453
0.925382
1.00668
1.24003
0.411185
0.727734
0.779772
0.316013
0.132226
0.821331
2.71823
0.84256
1.51326
0.470398
0.277028
0.910266
0.234048
1.51333
1.38564
0.480554
1.10538
0.544596
1.3668
0.460883
0.395206
2.38855
0.417781
1.08522
0.203098
0.573779
2.8291
2.05035
0.668667
0.565611
0.968249
2.39079
0.568817
0.790107
1.67486
0.905014
0.94371
1.04428
1.9714
0.696501
1.07102
1.78922
0.10751
0.715888
0.393446
1.00683
0.577849
0.980989
0.406877
0.314155
0.0200437
0.958998
0.959243
1.36601
0.826827
1.58028
0.891401
1.67448
0.956379
0.79201
4.37974
0.740477
1.06293
1.38862
1.60287
1.82482
3.27404
0.264581
1.10929
0.524936
0.939106
1.32502
2.58169
0.527776
2.62529
0.545949
0.665601
0.808953
1.52811
0.273209
1.81303
1.18671
1.30854
0.774927
1.16067
0.444995
3.2627
0.643617
2.55997
0.296417
1.04269
0.123872
0.560251
0.759783
0.808387
0.795116
1.15294
1.59741
0.762521
0.213537
2.50126
0.971423
0.169206
0.682814
0.635926
0.947816
0.628513
1.08482
0.724412
1.9335
1.19602
0.284811
0.430594
1.44398
1.04243
0.59809
1.09164
0.585811
0.793545
0.247099
1.24333
1.44009
0.679332
1.32383
1.39859
0.767622
1.09698
1.44801
0.580703
0.219869
2.05843
0.763466
0.475657
0.467195
0.553712
0.125761
1.32975
1.61522
0.882473
0.523427
1.16816
1.33311
1.08423
0.174131
1.37871
1.08686
0.372247
0.888024
0.105974
1.46834
0.442887
1.90088
1.30117
0.440041
0.997582
0.990134
0.326976
0.809338
0.361214
0.47685
0.314746
0.407044
1.20954
0.8146
3.39606
2.19993
0.49405
0.787922
0.719199
1.73767
1.88015
0.479061
0.677446
1.51329
0.843874
1.72847
0.91971
0.254491
0.812749
0.236892
1.31365
0.424463
1.63558
1.33518
0.250806
2.03302
2.08173
1.04698
0.760867
0.298804
0.303946
0.55326
1.87652
0.403754
1.7887
0.93434
0.620045
1.85762
0.712598
0.543604
0.862039
1.86473
2.28325
0.585907
1.09055
0.700268
0.901561
1.32103
0.904984
1.57726
0.347316
1.32647
1.25302
1.44662
2.54897
1.12675
0.33847
0.510973
4.19539
0.248897
0.946212
0.201422
0.903674
1.09059
0.625494
0.526618
0.737769
0.767599
1.33235
0.917178
0.81333
0.052578
1.51375
1.33732
0.806172
0.332927
0.62514
2.01072
0.520325
1.6593
1.37799
0.0269954
0.587687
0.728239
0.441322
0.790306
0.360759
1.05006
0.647157
0.883016
0.490616
1.91986
0.551732
0.450611
1.06999
0.591171
0.827941
0.716778
0.297803
1.63436
1.10346
1.87139
1.15876
0.710177
0.988855
0.778573
0.277254
0.460567
0.451344
0.180013
1.2778
0.146435
0.301951
0.222412
0.711843
0.997115
1.24839
2.22576
0.833606
0.734141
1.69983
2.21433
0.254553
2.28356
0.407232
0.990736
0.68015
0.416147
1.62707
0.690175
0.530044
0.599602
0.625739
1.31044
0.283276
0.438477
0.384672
0.543532
0.24032
1.26361
1.72196
1.13288
1.77454
0.999966
0.77674
3.15382
1.14557
2.09531
2.04089
0.801648
0.59922
0.665522
1.52268
1.38037
1.89554
0.186963
1.12826
1.4504
0.753753
0.145191
0.693922
0.0649054
1.07754
0.248314
0.801216
0.841427
0.883469
1.53841
1.62898
1.93045
2.64093
0.58378
0.848339
0.314498
0.559454
1.73801
1.40068
0.429067
0.626367
1.20983
1.43631
0.998423
1.88623
0.411236
0.825534
0.586392
1.46349
1.67664
1.64271
1.08191
0.0632534
0.116841
0.527466
0.899899
1.38433
0.701869
1.71841
0.261247
0.65094
0.283408
1.97762
0.406788
0.304659
1.33204
1.07481
0.777637
1.92535
1.7126
0.047201
1.05638
0.101889
0.126645
0.290179
0.369623
0.885272
1.18779
0.830372
0.750126
1.29607
0.850197
0.300041
0.812602
0.137884
1.27397
0.164247
0.629364
0.521345
0.147204
1.39303
1.78743
0.317145
0.31132
0.809196
0.962633
0.376887
0.657417
0.449815
1.39638
2.53282
0.530327
1.09778
0.506875
1.04853
1.7898
0.543278
0.555289
1.77261
2.05583
0.401099
0.346488
1.08546
0.485562
2.74974
0.325415
0.649648
2.03287
0.52933
1.03281
0.123419
0.531191
0.250214
0.933893
0.709447
1.59432
1.32154
0.187728
1.68715
0.55575
1.79055
0.729991
0.529054
0.522808
0.963561
1.19675
0.418857
0.300317
0.572357
0.607371
0.649716
0.26582
1.11132
1.88464
0.463512
0.752844
1.8929
0.528224
0.453702
0.470746
1.86684
0.812798
0.141847
0.203382
0.430202
0.297026
0.027172
0.292398
0.198367
1.30394
0.868086
2.21574
0.0331642
1.31344
3.28401
1.0433
2.53516
0.304583
0.726274
0.894515
0.45075
0.763803
0.249679
0.454169
0.507165
0.143289
0.904708
2.03712
1.15702
0.330973
0.305534
0.120024
1.56537
2.66718
1.08667
1.2196
0.65398
0.421502
0.838759
1.34709
0.750724
2.47368
2.78255
0.983739
0.838985
1.83264
0.812016
1.74124
0.670732
0.52217
2.02375
0.494328
0.246269
1.82563
1.38147
1.16313
0.663325
0.190038
0.596372
1.1735
0.758465
0.184189
0.9132
0.586097
2.04498
1.97924
0.209315
0.417244
2.16311
0.324208
0.332049
3.14819
0.865698
0.909279
1.33368
1.59504
0.319973
0.884741
0.846863
1.35634
1.45755
1.07534
0.924536
0.444119
0.7663
2.64853
0.816264
1.05651
0.876116
0.553374
1.75843
0.450743
1.45451
0.720365
1.79304
0.667776
2.65477
1.01065
1.38699
1.94516
0.215037
1.62172
0.94155
0.678276
0.477239
0.538377
1.40729
0.725403
0.150588
1.15572
0.50115
0.698709
1.39384
0.406978
0.437841
0.683343
1.20856
1.65419
2.42701
1.8477
0.603816
0.76544
1.44627
1.4902
2.03262
0.30761
1.96762
0.739495
0.505617
0.476327
0.943651
1.17344
0.614685
0.365985
2.29921
0.458157
2.07989
0.365165
2.30608
1.11715
0.801224
1.8637
1.39905
1.12243
0.861896
3.9671
0.499713
0.418642
0.303015
0.316954
1.67748
1.54928
3.09317
2.05013
0.601414
1.25558
1.26602
1.57122
1.3454
0.53636
2.00172
0.850958
1.63714
0.824146
0.713778
1.08067
0.799419
0.545994
1.4055
0.548025
1.11736
0.258605
0.626798
1.10604
1.04367
0.664033
0.711635
0.336302
0.117773
0.371283
1.99745
1.16824
0.289085
1.30391
1.72622
0.421916
0.646687
1.84129
0.22154
1.2313
0.924152
0.351678
3.04494
0.898846
0.265237
1.22305
0.558464
0.196738
0.964698
0.161703
0.624542
1.22925
0.694613
1.12846
0.486245
0.310833
0.565448
0.163373
0.719748
0.395418
1.00609
0.42963
1.24599
2.57368
0.648871
0.326555
1.2096
0.978087
1.92654
0.946146
0.817303
0.102996
0.525524
0.110427
0.456758
0.833637
2.37719
2.41568
1.17421
0.367784
0.991881
0.962844
2.48726
1.60713
0.155328
2.43146
1.13601
0.57015
1.36509
1.62534
1.07302
0.537305
0.682677
0.732284
0.993604
1.37088
1.87209
0.531679
0.912085
1.30471
1.88919
1.77594
0.295138
0.871937
2.81299
0.137084
1.62268
2.31257
1.0286
0.963936
0.44996
0.251748
1.30919
0.817695
1.20132
1.84064
1.66229
1.08604
0.242589
1.04912
2.43646
1.89891
0.282762
0.371254
0.544632
0.904581
0.286501
1.33738
0.184861
0.770575
1.20253
2.26104
0.916235
0.610026
1.00391
0.67896
0.387685
0.15314
0.525734
0.975789
1.26162
1.61563
2.31058
0.582674
1.33887
0.963401
0.810176
0.58487
1.3735
1.39536
1.70972
1.95656
0.996066
0.519874
0.863598
1.26704
1.01677
0.485219
0.525926
0.52608
1.76621
1.34973
0.551427
0.614402
0.155806
0.0657574
0.569628
0.658925
1.84019
0.730131
0.0447209
0.16224
0.570682
1.12832
1.38833
0.377304
1.41003
1.65561
0.247118
1.36563
1.79584
0.105376
1.34114
0.548932
0.729282
1.20814
0.680313
0.307468
0.19152
0.530146
4.3943
1.79199
0.612619
0.228268
1.35096
0.579096
0.0621463
2.77733
1.63695
2.51427
1.36495
1.00557
0.376838
0.404794
0.904958
0.186518
1.3447
0.846521
0.579791
0.390524
0.346614
1.58273
0.382499
1.31354
1.23919
0.691243
0.607602
0.252478
0.88078
1.95387
2.21467
0.131885
0.627263
2.1042
0.290271
0.524602
0.0883776
0.351652
1.53391
0.255565
3.19753
0.802811
0.0896438
0.919883
1.42239
0.563896
2.07515
0.110985
0.741433
0.410351
0.450022
0.281694
0.18237
0.748758
0.236697
1.49887
0.549814
0.35943
3.19439
1.2671
0.040834
0.502414
1.57812
0.0633338
2.27824
0.856968
0.240605
0.81742
2.2204
1.16613
0.394694
1.79824
1.05532
1.71005
1.18918
0.319203
1.32848
2.06136
0.830265
0.899854
0.243189
0.876693
2.0385
0.201579
0.24891
0.466144
0.743557
0.313583
0.140545
1.07054
1.11617
1.95985
1.10929
0.155769
0.896069
2.2056
0.85999
0.788854
1.76009
1.26963
0.860188
0.52103
1.10832
1.67733
0.117234
2.09181
1.0097
1.15382
0.559292
0.777399
0.972093
1.16967
0.455638
0.430649
0.83137
1.48179
1.35323
0.744376
1.54735
1.45281
0.758133
0.913357
2.40384
0.441388
0.754278
1.33738
1.51243
1.14201
0.343506
1.64553
2.17189
1.34304
0.671644
1.41317
0.345893
0.262906
0.936003
0.282762
0.433743
0.36762
1.12475
0.787119
0.19561
0.499022
0.187197
0.69986
1.47224
0.60704
0.694607
1.08195
1.55769
0.4176
0.862502
0.762526
1.27995
0.65877
0.424849
1.83452
0.361567
0.659454
1.02514
1.35856
1.15655
0.985316
0.230364
1.17866
1.50091
0.114266
0.921632
1.87503
0.634144
0.0402914
1.62086
0.383643
1.27467
0.310858
2.18715
0.616
0.602501
0.388266
1.51229
0.707507
0.908252
0.725631
0.398563
1.15399
0.489764
0.598119
0.21291
1.19954
1.2368
0.583812
0.424512
1.081
1.30849
0.757359
1.92944
0.520291
1.33863
0.316933
1.25469
2.12771
2.52969
0.182629
1.38762
1.42396
0.649892
0.779245
1.14159
1.9581
1.03456
2.16709
0.18161
0.189977
2.20876
0.385799
0.930607
0.226286
0.223547
1.77011
0.548162
2.79054
0.515901
0.736609
0.170278
0.57624
1.61703
0.305155
2.13606
4.83506
0.71444
1.1663
0.824326
1.18811
0.891476
1.15499
0.250132
0.710813
0.225987
1.38981
0.324894
0.214523
0.902738
0.138414
0.573037
0.912958
0.793204
0.761738
1.05239
3.74111
2.20169
1.59539
0.249643
1.69917
1.50592
0.290951
0.8398
1.82784
0.763667
0.916871
2.41862
0.59839
0.177284
0.495605
0.607827
1.74484
0.908229
0.908345
0.201491
2.33671
0.161398
0.345464
1.19095
0.910268
0.107158
1.94913
0.656925
1.69721
0.357928
0.172773
0.846731
0.336769
0.587292
1.17315
1.11362
1.14987
0.612381
0.174668
0.334611
0.389475
1.29576
1.01143
0.817458
0.79344
0.808281
0.825706
0.40798
0.759417
1.83875
0.325106
0.589923
1.21873
1.71259
0.522376
0.381578
0.829802
0.603798
0.429755
1.5403
1.71155
1.05696
0.572886
0.453201
0.307132
0.525117
0.766087
1.73061
0.626675
1.69837
0.756047
1.42558
0.775104
0.168289
1.15724
0.435297
0.748566
0.784933
0.684793
0.63503
1.1341
2.08684
2.25924
0.709128
0.397434
0.64138
0.458819
0.550649
2.51715
0.948481
1.86077
0.346668
0.629816
1.78096
0.738015
1.0379
0.322279
0.862122
3.18965
0.893273
2.63268
0.124687
1.23678
0.264359
1.2425
2.63542
0.475911
0.359115
1.07603
1.43542
1.37406
1.97143
0.419055
1.2355
0.227238
0.578898
0.839462
0.832673
0.502025
0.366757
0.557501
0.600496
0.311065
1.75153
0.516429
0.753028
1.42826
0.887444
1.68106
0.438578
0.450989
0.597255
1.27777
1.06199
2.36041
0.494569
0.641121
1.01188
0.744252
0.41534
0.940034
0.634097
0.173084
0.536493
0.344348
0.77637
0.607746
0.474028
0.645471
3.64385
0.837714
1.52263
0.0547632
0.573867
0.74679
1.0269
0.555384
0.34859
0.727748
0.239276
1.32394
1.86222
0.552569
0.951008
0.697684
0.641807
0.851325
0.768973
0.801112
0.834947
0.307141
0.837229
0.824306
0.353593
1.53435
0.301093
1.01146
0.170887
0.38747
0.643407
0.699565
0.695576
0.69004
0.524387
1.08002
2.17929
0.950735
1.57624
0.339388
0.582336
2.97417
0.574094
0.542153
0.0656893
1.80719
2.03616
0.162102
1.08232
0.794896
0.236929
0.71471
1.68579
0.617867
0.472058
0.742416
0.241567
0.406077
1.09561
2.18922
1.5626
1.15509
1.52792
1.712
0.228353
0.705133
1.39704
0.754622
0.418588
0.456053
0.837135
0.460965
1.31368
0.661344
1.1976
0.665308
0.641664
0.507114
0.381057
0.725486
3.60408
1.01583
0.666339
0.199782
3.89601
0.960514
1.0346
2.83128
1.76545
1.13166
0.287631
0.821888
0.743905
1.3137
1.42534
0.669161
1.57779
0.192486
1.20519
0.0714043
0.0596191
2.61317
1.54562
1.58841
4.26026
1.22236
0.81084
0.799904
1.36574
0.671598
1.261
0.214832
0.28033
1.05979
0.880373
1.13828
0.282369
0.305075
0.449467
1.9841
1.4244
0.661058
0.961718
0.405964
0.107495
0.407906
0.682873
0.303076
0.44889
2.0426
1.58799
1.11327
0.467588
0.422359
0.888367
0.411027
0.616952
1.45708
2.12503
0.791784
0.141102
0.769639
0.895031
0.296694
0.631487
0.902959
1.65819
0.306514
2.00582
1.33543
1.07028
0.239031
0.679185
0.272477
0.759875
2.04328
0.992001
1.73071
0.669165
1.55525
0.474428
0.245117
1.73297
2.11019
0.519002
0.486044
0.542782
0.962598
0.411597
0.283124
2.38732
0.956103
0.539563
1.55515
1.96361
0.721322
3.67356
1.80299
1.42857
1.30149
1.14925
2.44913
0.537444
1.3851
1.32763
1.78475
1.20598
0.573401
0.860446
1.01696
0.416092
4.18347
1.44806
0.0808053
0.712238
1.79387
0.353155
1.52192
0.828559
0.0975516
0.267239
0.267849
0.669843
0.804669
0.321977
1.9576
2.18675
1.02138
0.593632
0.689503
1.8897
1.85246
0.340792
0.970985
0.935696
0.730238
1.43218
0.286061
1.06522
0.732332
2.5311
0.366743
0.191777
1.15749
0.884193
0.845668
1.90411
0.589518
0.88616
1.54183
1.97482
1.73761
0.810683
1.10212
0.831791
0.325506
1.23948
2.10205
0.18306
0.792734
0.402581
0.805328
0.877811
2.08534
5.13553
0.76157
0.806975
0.657294
0.379318
0.586223
1.68307
1.45721
0.134044
0.464543
1.27376
1.28009
1.3338
2.42325
0.29336
2.70169
1.16287
0.647625
1.84472
0.168839
0.730595
0.837845
1.7117
0.267728
1.46062
0.389214
0.800962
1.10347
1.23903
0.574157
0.501807
0.667207
1.04303
0.713654
1.70107
1.60814
0.337661
1.60649
0.422904
0.850613
0.862932
0.673827
0.570907
1.39682
0.799707
0.0132399
3.4719
0.919345
1.00898
1.44552
0.242606
1.56603
0.865635
1.28304
0.587179
0.911571
0.429141
2.44128
0.568756
0.932068
1.58266
1.16177
1.31964
0.283354
0.516204
1.05049
3.3619
0.195579
0.615863
0.977531
0.593623
0.251858
1.33499
0.383469
0.724693
0.515851
1.45294
3.06253
0.566713
2.04734
0.311561
1.6042
1.15411
1.27779
2.92998
0.960673
0.462417
1.04112
1.6243
0.403884
0.745489
0.782178
1.05606
0.333159
1.36598
1.13937
1.40503
0.243419
0.611184
0.4933
2.30917
0.378429
0.613888
0.115383
0.413163
1.27349
1.04208
0.508837
0.444107
1.21639
1.06425
0.450872
0.337291
1.08821
1.1604
0.334405
0.457397
2.1545
2.97048
1.46147
2.37445
0.206375
0.370346
0.587906
0.22452
0.911154
1.10551
1.10359
0.293599
0.484969
3.38761
1.54614
0.620947
1.63329
0.919211
0.265508
0.354961
1.67613
0.853612
0.794832
0.686138
0.0911873
0.92013
3.32555
0.260209
0.366071
1.13083
0.810784
2.68147
0.635383
0.847196
0.225299
0.376434
0.968709
0.962726
1.48622
2.65736
0.738247
0.824226
1.33137
1.30804
0.443937
0.417667
0.681627
0.720012
1.90097
0.405159
1.10612
0.7353
1.07201
0.710071
1.42516
0.905218
0.76647
0.41773
1.48421
0.585227
0.725788
0.698765
0.690733
1.1595
0.0173795
1.18243
0.719224
0.311745
0.426236
0.264632
0.84669
1.05146
0.449953
1.39408
1.37227
0.386138
1.61385
0.916506
0.611287
1.55435
2.32184
1.28009
1.33585
0.238011
0.949209
0.472186
1.1433
0.12949
0.631204
1.14196
0.342499
0.368207
0.807468
0.434896
3.29507
0.297696
2.57783
0.563439
2.29562
0.853131
0.628845
1.23121
0.162161
0.627698
0.61283
0.43453
1.39608
1.1359
1.44412
2.03588
0.968571
0.625399
0.487623
0.937577
0.982897
0.490007
1.04293
0.235539
1.43841
0.810137
0.633217
2.10714
0.290866
0.0973101
2.66569
0.0997509
1.40444
2.10064
0.29131
0.590697
0.859802
0.638863
0.624382
1.03048
0.548372
1.22489
1.5453
1.22885
0.918781
0.666458
0.207285
0.770715
0.509512
0.626406
1.25255
0.985862
1.21414
1.1843
2.16766
1.80316
1.60715
0.744385
1.48874
0.44886
0.272554
0.44835
1.95226
1.9405
1.46789
0.927834
0.533113
1.88266
0.248402
0.469714
1.90654
0.300283
2.47484
1.18605
0.511784
0.999746
1.37268
0.263587
2.24672
2.02115
0.9374
0.34204
0.304352
2.06229
0.929082
0.0627461
1.99692
2.17628
2.30312
1.17927
0.652988
0.849141
1.37686
0.853301
0.335444
0.0823898
2.46725
0.11004
0.84989
1.2902
0.36432
2.76363
0.355323
0.924007
0.0889253
0.377582
1.74551
0.204505
0.609214
0.952578
0.139858
0.557157
0.292534
1.87305
1.74592
0.461345
0.563294
0.837366
0.776274
2.13495
1.80783
0.769627
0.946652
1.24354
0.220517
0.558292
0.736708
0.580931
0.57315
0.479148
0.777645
1.04493
0.550847
1.29739
1.54629
1.13022
0.227638
0.498216
0.445392
0.806858
0.996436
0.634099
4.61572
2.41545
0.753651
0.440956
0.617905
1.94375
0.234758
1.35104
0.721534
1.06033
0.982191
0.416946
0.235714
1.74893
0.272644
1.83614
0.844297
0.382857
0.49225
0.84936
0.886359
0.570847
1.78287
0.198288
1.26015
0.225827
1.0043
1.23261
0.365646
0.119825
0.841336
0.170315
0.270991
0.767403
0.707586
1.28544
1.68407
1.46919
0.823967
0.767448
1.23753
1.26279
1.51097
1.18213
2.06822
0.962431
0.613382
0.687917
1.54103
1.41043
1.18343
1.91926
0.246961
0.931489
0.555247
1.36015
0.220766
0.695604
0.528021
1.29389
0.378872
0.983458
0.726829
1.83401
0.502819
1.20227
0.320469
3.14065
0.910894
0.526118
2.78854
2.86145
0.286322
1.50933
0.624566
0.604274
1.44465
0.997002
0.354734
0.54071
0.244694
0.358908
1.48899
0.958239
1.11461
0.135992
1.30455
0.775614
1.00169
2.05108
0.29756
0.359012
0.756358
0.168631
0.0985958
0.52677
1.36253
1.14999
1.33195
0.510963
2.49783
0.498983
1.17879
0.504073
0.358425
1.69545
0.552051
0.781689
1.98357
0.273737
5.19435
0.250817
0.390401
1.55554
1.46304
0.50617
0.348836
1.00298
1.50865
0.483521
0.187874
0.50573
1.00594
1.20185
0.459119
1.14814
0.895
0.205825
2.94969
0.852024
2.63607
0.655346
0.250422
0.946913
0.437949
0.95322
0.849448
2.51166
0.152827
0.302536
0.89398
0.574784
0.66905
0.25255
1.27143
0.661511
0.272633
1.53523
3.00672
0.364996
0.473405
2.91017
1.40584
1.38757
2.90016
0.661458
0.502431
0.363992
1.23174
0.633297
0.37011
0.921266
0.220385
0.785926
1.70547
0.757664
0.3124
1.09059
1.03202
2.47035
0.957995
0.103479
0.76303
1.25429
0.240628
0.284372
0.520216
1.04616
4.11922
0.832365
0.329293
0.71164
0.40827
0.736375
3.56104
0.850762
0.556133
1.11787
1.36171
1.60131
0.202615
1.07721
1.26096
1.40459
0.509265
0.341614
1.65395
1.04061
1.3349
2.09928
1.64412
1.16828
1.13191
2.62837
0.400699
1.36886
1.42946
1.15981
0.834201
0.531076
1.0612
1.83212
0.427491
0.668206
0.451927
1.34137
0.549902
1.41623
1.51493
0.620467
0.259519
0.288633
0.629517
2.84482
0.431783
1.19723
1.96314
1.41067
0.711395
0.2982
2.1777
0.754424
0.332026
1.08192
0.648995
2.80796
0.630025
0.0623708
1.47122
0.83457
1.84074
0.814166
1.5403
0.471024
1.7383
2.3608
0.416552
0.444444
1.98633
0.221308
0.082153
1.19653
0.183136
0.322481
0.453179
0.291873
0.510553
2.52797
0.778883
1.6483
0.162318
0.394641
0.7059
0.587704
0.421449
0.160692
0.782832
1.87467
2.05292
1.10053
0.323775
1.83099
0.160806
3.17876
0.176062
2.35937
1.52596
1.53371
0.401534
0.6058
2.44869
1.63023
0.351185
0.305192
1.28306
0.573993
1.92315
0.0780111
0.521553
0.864213
2.31824
0.359188
1.26914
1.29791
0.208967
0.631524
0.865071
0.592978
1.07611
0.775097
1.94411
1.00913
1.22974
1.7691
0.35023
1.1141
0.566532
1.08511
0.757738
2.03236
1.41585
1.05569
1.16555
0.569566
0.977973
0.816917
1.41247
0.377442
0.0938378
0.193914
0.66983
1.26639
0.869224
1.20346
0.113817
0.246725
0.828514
1.26914
0.537534
2.81871
1.16866
0.14391
1.33049
0.194512
0.810091
2.54156
0.343949
0.526108
0.422067
1.69912
0.277302
3.13808
0.972299
1.65825
1.16551
1.83451
2.33285
0.178664
0.110687
0.565583
0.334958
1.15342
0.914569
1.21336
0.402906
0.0831033
1.62199
0.467772
0.89417
2.49259
0.448182
0.230321
1.84332
0.393685
1.23982
1.95866
1.08548
1.01527
0.812299
0.721815
1.3311
0.77202
1.12208
0.954062
1.20624
0.914809
0.901135
1.45776
0.814891
1.61092
0.54605
0.267987
0.496118
1.25845
0.671257
0.954466
0.205605
0.194505
1.07254
1.53034
1.87876
1.71652
1.99292
1.47126
0.175577
0.587384
1.7231
0.136173
1.13349
0.641675
1.01074
0.663627
0.905409
3.21769
0.700169
0.605611
0.309284
0.520393
1.13431
0.91293
0.468968
0.959545
1.71886
1.08371
0.632656
0.25448
0.469589
0.523597
1.27514
1.12393
0.642781
0.139286
0.760407
1.58109
0.910974
0.658215
0.23241
1.99467
1.43542
0.909937
2.34673
1.97049
0.276528
0.31633
1.30366
0.258485
0.447266
1.86966
0.63777
2.17657
1.25852
0.275348
2.25074
0.495904
1.08179
1.82472
0.436049
0.183652
1.9994
2.11844
1.30451
0.730066
0.69115
0.437365
0.375642
0.266247
0.174039
1.05565
0.494042
1.09836
0.251938
2.27891
0.963539
0.495065
0.992838
1.3082
0.892294
1.50916
0.321995
0.488176
1.2807
0.879729
0.822127
0.686384
0.926616
1.32263
0.578124
2.14198
0.913428
0.545831
0.707577
0.803157
1.72527
0.591724
0.750996
0.711554
0.595252
0.595541
0.290514
1.43206
2.10952
1.81252
0.232234
0.559618
0.835844
0.276887
0.568861
0.497974
0.340857
2.13756
0.615284
0.0802763
0.374993
1.77871
0.277063
0.805189
0.810937
1.54745
1.24942
1.82672
0.416003
0.871963
1.25572
0.513724
0.102507
1.11552
1.80994
1.00327
0.671024
0.699699
0.757162
0.545894
1.53903
0.100882
1.87232
2.11287
0.337037
0.523926
1.34483
1.159
1.30257
1.19807
0.693912
1.57084
0.946965
0.423604
1.24154
0.360416
0.56736
2.016
2.56337
0.531025
0.825023
0.505555
0.425687
0.197321
0.102608
1.11101
0.679403
0.960245
0.41152
2.01225
1.53356
0.711632
2.83459
0.361453
0.810575
0.497652
1.18044
1.09494
0.631025
1.53922
1.35529
0.761705
1.37545
2.48449
1.06884
1.48181
0.678877
1.09528
1.75103
0.687994
1.00976
0.398048
0.139189
0.70052
0.300525
2.45948
1.95576
0.512034
0.31293
0.347282
0.485555
0.221011
0.594041
0.694565
0.254969
0.889722
1.22761
1.3294
2.1797
0.827601
1.74031
2.50992
1.00545
0.550685
1.02998
0.709438
0.377473
1.92818
0.21295
0.230933
0.70471
1.36636
2.26276
0.710855
0.685172
2.15553
2.2021
1.95238
0.451623
0.162727
0.652231
0.430035
0.991385
0.42332
1.09549
0.82871
1.4731
0.774309
1.62288
1.52154
0.252818
1.23065
0.472093
0.267355
0.860459
0.834782
1.07481
1.2426
0.392791
0.296325
0.401799
0.569212
1.18299
0.838193
1.41594
1.42983
0.606799
0.561218
1.14956
1.06746
2.22653
0.540534
2.74195
1.304
0.434378
3.21799
0.890942
0.303145
1.01009
0.144191
0.542092
0.447645
0.205497
0.237767
0.441149
0.272375
0.351309
0.544707
0.30172
0.431641
1.02857
2.78616
1.41576
1.29466
0.860453
0.508178
0.260475
1.61089
0.632758
0.353979
1.33349
0.893527
1.3313
1.42198
1.53167
0.701982
0.87739
1.57446
2.16906
2.98979
0.223078
1.82067
0.4472
1.36845
1.69633
0.906981
0.862413
1.33371
0.860705
1.56416
2.8475
0.268823
0.313018
0.738296
0.569479
0.310055
0.211091
0.680482
0.374225
2.88354
0.644376
0.7662
0.880321
1.30753
1.38971
0.832658
0.649473
2.41533
1.62215
1.35628
1.51571
1.42981
1.92701
0.522844
0.938454
2.02206
0.489905
0.979973
0.586752
2.20425
0.679408
1.13553
0.563762
0.636256
1.06008
0.913928
1.62571
0.151907
1.20128
2.04402
0.152333
0.61553
0.632447
0.499652
0.955573
0.913322
0.518224
1.22157
1.51379
0.874039
0.201409
0.545415
0.312174
1.32956
1.61223
0.415447
0.621407
0.300191
0.531943
0.957492
2.5277
1.38404
0.666896
0.334833
0.559931
1.89745
0.615067
0.929084
1.61186
0.648237
0.365117
0.723848
0.481171
0.280049
0.368381
0.551176
0.745762
0.217522
1.76155
0.434011
0.569715
1.17751
0.460855
0.695871
0.69186
0.457424
1.01891
0.622554
0.573275
1.15756
0.942731
0.340731
0.469969
0.445474
2.49922
0.205892
0.362656
0.375482
0.913345
0.684222
0.591675
0.644953
1.09829
0.542779
0.873027
1.18001
0.785022
1.24604
0.258534
0.318119
2.31731
1.48321
1.03053
0.998261
0.77057
1.27389
2.80313
1.24611
0.270869
0.847221
0.242102
0.0514983
1.31587
1.49145
2.19282
0.335577
0.399839
0.287862
1.18194
0.583222
0.208811
1.33176
1.00759
0.408998
0.901018
1.46523
1.68597
1.12693
0.34888
1.11038
1.11786
0.197092
0.209446
1.19559
0.295452
1.79095
0.128329
1.2997
2.76704
0.781038
0.962351
1.38335
1.08836
0.802326
1.30736
0.729251
0.667673
0.731835
1.37613
1.71561
0.581028
1.10103
0.683007
0.832453
1.26875
0.815234
3.04877
0.902832
1.50805
1.46879
2.42919
0.452384
0.336373
1.0838
1.45936
2.00749
0.577889
0.331441
0.134474
0.534324
0.562527
3.53461
1.62295
1.14701
2.58474
0.82559
0.77755
0.72005
0.233437
0.789207
1.90264
0.563964
0.98892
0.560443
0.56472
0.444899
0.797306
2.68549
0.702425
1.14934
1.10926
0.794691
0.317446
1.12968
0.85936
0.449781
0.398921
1.14905
1.08671
1.79507
2.12021
0.920777
0.874052
0.379016
0.896394
0.186224
1.26075
1.17263
4.63018
1.44651
2.02756
0.210311
0.232616
1.23122
1.24443
2.68146
0.261436
0.487914
1.4163
3.01355
1.80126
0.133371
0.338039
0.82092
1.20138
0.684131
2.43368
1.60049
0.553567
1.41327
1.24733
1.36142
2.56938
0.0820751
0.894053
0.810612
1.00393
0.114845
1.20205
1.06449
1.15728
0.644146
0.0589596
0.161457
1.70853
0.32061
0.212601
1.32351
2.24834
1.94766
2.08846
0.646841
0.764918
0.869573
0.100416
1.33
1.44776
1.00525
1.09662
0.604135
0.266314
2.11676
1.11317
0.776556
0.279063
0.205522
0.85327
0.804663
0.867771
1.02738
0.310706
0.798642
1.09271
0.851738
0.351525
0.927322
0.701699
2.17733
0.586755
1.11819
1.06676
0.320474
0.763009
0.56748
0.722397
1.84862
1.80038
0.648768
1.57993
0.933547
1.10129
0.324193
1.32048
1.60745
1.00515
0.173757
1.61609
1.88678
0.777281
0.996798
1.13038
0.238814
1.14295
0.395936
0.447592
0.27187
2.71178
0.841379
0.497875
0.571372
0.773954
3.56831
0.39533
0.376509
1.89235
1.17908
0.356313
0.972889
1.37079
0.487151
0.436511
1.0037
2.32851
1.0635
0.154878
0.10681
0.336738
1.07497
0.460462
0.48136
0.779823
0.975819
0.570339
1.2143
0.207184
0.66477
0.325446
1.57681
0.178001
0.727331
0.975882
0.577836
2.39365
1.75153
1.35203
0.729655
0.553603
0.840572
0.455681
0.609629
0.249747
0.885984
0.0560285
1.59687
1.68758
0.131201
1.93737
0.446861
1.01602
0.801821
0.899639
1.48592
1.14559
0.356068
1.77998
1.60128
1.4974
1.18471
0.491505
2.54369
1.03274
1.28193
1.00823
2.29901
0.649848
1.51277
0.713094
0.161688
0.76285
0.567374
0.332814
0.926486
1.69023
2.66505
0.936411
0.721126
1.72775
0.542363
2.64056
0.702397
1.045
0.733158
3.41685
2.94132
3.4128
1.63661
2.77437
0.960508
1.00708
0.993507
0.68844
0.214903
0.219843
0.583461
2.68824
0.39217
2.2692
0.0834389
1.40241
0.432314
0.285937
0.937399
0.479776
0.912388
0.443687
0.667461
0.917082
0.186849
1.94889
1.48134
0.379452
0.480581
0.971545
0.536497
0.590356
0.733714
0.453678
1.38799
2.41651
0.673154
0.173128
0.451583
0.549723
0.953059
0.74422
0.754963
0.692347
0.976298
2.00555
0.324316
3.0072
0.18044
0.170983
0.886375
0.936536
1.06103
0.524144
0.630336
0.76403
2.01431
1.05368
0.858291
0.420957
0.393857
1.09576
2.52254
0.45247
0.730475
1.22353
0.445672
1.01613
0.258346
0.28
0.816172
0.420143
0.197843
1.21917
0.728693
0.283281
1.20937
0.824922
0.664493
0.24081
1.2171
0.280325
0.0661872
0.585815
0.145611
1.31634
0.621342
0.184517
3.41687
0.907188
0.352458
2.0936
1.49004
1.17075
1.01964
1.00602
0.239897
0.353692
0.548453
0.794401
0.668896
0.37556
0.9845
0.908679
1.48156
0.281059
0.864027
0.757956
1.94885
0.167913
0.711086
0.129955
3.81737
0.190898
0.992491
0.727806
0.771211
0.312704
0.519184
0.21874
0.930733
0.984635
0.639279
0.871284
0.54281
1.34444
0.782047
1.3058
0.296129
0.639598
1.00288
2.41779
1.13622
0.67584
0.796673
1.6768
0.280455
0.373925
1.6513
2.091
0.743712
0.693464
0.38764
1.48456
0.441771
1.78564
2.24069
0.832844
0.313217
1.08625
1.64482
0.659593
0.383525
0.534681
0.46202
0.700789
1.65018
0.98052
1.1119
0.852641
0.280542
0.974401
1.20425
1.3033
1.02643
1.25509
0.279584
1.6806
1.7391
1.86643
0.563577
1.39066
0.547194
0.762654
0.211268
0.128604
0.593829
0.281703
0.375379
2.54188
0.169899
0.620905
0.907432
0.795546
0.452283
0.71876
0.73606
1.30105
0.762779
0.776636
0.603609
0.432671
1.37896
1.55379
1.41519
0.42874
0.524466
0.577599
1.14253
1.00056
0.202378
2.25738
2.25663
0.745873
0.427974
0.565725
1.13873
0.770806
1.1584
1.47035
1.94842
0.607056
0.799836
0.727719
0.600986
0.47656
1.68389
0.612622
0.455664
0.16512
0.233766
0.164697
0.918566
1.08588
0.39765
1.26592
0.257739
0.323633
0.417542
1.10432
2.09286
1.07512
2.34938
1.05245
6.38615
0.152114
0.342725
0.0508291
0.217587
2.6189
0.562257
0.703993
2.56117
0.232791
0.400541
0.909141
0.237207
1.31098
2.15996
1.62153
0.783686
2.43732
0.563047
2.70337
0.501911
0.871578
0.388055
0.392636
1.1285
1.13877
0.336057
1.2525
0.786385
0.934898
1.33325
0.742235
1.85589
0.925289
0.384224
0.579015
1.24567
0.0357001
0.520097
0.20579
1.07384
0.866039
0.84166
2.14
1.94117
1.19691
2.00083
0.86923
0.571319
0.919633
1.40922
0.152068
2.42615
0.615994
0.931005
0.329166
0.277951
1.46202
1.00026
1.11651
1.13846
0.88245
0.426867
1.64705
0.704397
0.162634
0.3773
0.269817
0.535547
1.88369
0.257603
1.72836
0.604106
1.25619
1.63867
0.676786
0.502056
2.50795
0.298587
1.59847
1.18542
1.07672
0.76651
0.515178
0.963055
1.28221
2.36426
0.246488
2.11842
0.402275
1.26537
0.266543
0.237856
0.639034
1.82545
0.809969
0.569152
0.19676
1.42775
0.657195
0.526803
0.711018
0.441481
0.487774
0.447826
1.0071
1.11971
1.66582
2.08565
1.25835
1.11656
1.16504
0.766242
0.822221
0.614759
2.05884
2.39665
0.440433
0.291215
0.751143
1.6682
0.585975
0.909213
2.73192
1.71899
0.781888
0.563927
0.580812
0.999975
0.474672
0.888037
1.15099
0.0940792
1.05208
0.633867
0.245101
0.402525
0.614816
1.71891
1.86039
1.2505
0.878552
0.272748
0.662921
0.0303955
0.642597
0.532607
0.387283
2.25027
1.93776
0.0831303
1.59838
1.43333
3.33256
0.693912
0.729775
1.06951
0.611047
1.60231
0.499496
0.503701
1.62693
0.511375
0.539698
1.34716
1.68156
0.415127
1.82671
0.67313
2.865
1.15402
0.473129
0.678761
0.446283
1.20364
0.277917
0.824377
0.138651
0.227026
0.340266
1.18646
0.145929
3.13399
0.705859
3.08168
2.00847
0.158957
1.17708
1.44584
1.42965
1.82063
0.972582
0.754772
0.513986
0.730962
2.93265
1.46508
0.79964
0.15444
1.12299
0.454851
1.32377
0.96941
1.05847
0.786332
2.20262
0.873986
1.2433
1.98312
0.454631
1.137
0.701976
3.66532
1.18604
0.369393
0.819418
0.575969
1.17829
0.586665
1.28787
2.24564
4.19174
0.876232
1.33867
1.00291
0.679565
0.317968
1.12926
0.0800677
2.40697
1.18311
0.311678
1.77301
0.89033
0.230164
0.979496
1.8314
0.488127
0.529623
0.332434
1.57978
0.117508
0.482331
0.566509
0.341442
0.1763
1.48886
1.15962
0.757494
0.43187
1.44803
1.22604
0.366226
0.436265
0.44744
0.755362
0.897833
1.53736
1.36823
0.114602
3.64237
1.47053
1.05072
1.10622
1.17726
1.94528
0.819952
0.612474
1.55766
1.27481
0.498223
0.0204943
3.03369
0.567441
2.08104
0.141283
0.800669
0.268287
1.63335
1.65074
1.06344
1.85164
1.91001
2.39125
2.24695
1.77356
0.594393
0.839849
0.546355
1.60868
0.368543
1.87516
0.400527
1.32389
0.563657
0.427654
2.99548
1.07579
0.172414
0.814804
1.06037
1.44649
2.19023
0.780505
0.462315
1.16271
2.26086
1.26345
0.629466
0.263866
0.960905
0.665308
1.55673
0.968944
1.15027
0.593505
0.939142
1.37592
1.75435
1.92227
0.268898
2.08229
0.120863
0.549756
0.552216
2.90746
0.782236
1.13205
0.624182
0.899709
0.254529
1.23703
1.71893
0.163126
0.802561
2.2404
1.52448
0.320071
2.22273
0.212032
0.222211
1.23389
0.697931
0.0904706
0.98933
1.10915
0.64998
0.970227
0.283143
1.36778
0.542101
0.845445
0.490382
0.796564
0.0677319
2.04584
0.654364
0.505813
1.44656
1.01404
0.660776
1.08533
2.77557
1.59429
0.12017
0.921563
0.682923
0.963229
0.48298
0.39885
0.394445
0.516854
0.381922
1.12219
0.976238
1.25952
0.74198
1.08196
0.14038
0.110997
0.117266
1.61255
2.16371
2.16936
2.33076
0.24397
0.545229
1.80383
0.015903
0.528745
0.828288
1.42501
0.133955
0.434708
0.282459
2.58619
1.80685
0.619483
0.612893
0.87566
1.36066
0.267933
0.94523
0.926702
0.499282
0.392124
0.224703
0.73811
0.189333
1.7989
1.78871
1.82001
0.706931
0.253804
0.437954
0.265869
0.639533
0.753742
0.224359
0.887525
0.974652
0.82333
0.144683
1.76018
1.29627
0.799057
0.670291
1.90141
1.44832
0.525773
2.07328
0.360286
4.23921
0.706953
0.26567
0.257097
0.584615
0.228664
0.668398
0.170444
0.556665
1.86128
1.22351
0.593216
0.307249
2.70747
0.344285
0.573407
0.928565
0.348018
2.56453
0.939317
0.772326
0.735267
0.720785
0.666868
0.193338
1.45689
0.231366
0.684503
0.731683
0.718222
1.71526
0.186974
0.133735
0.408984
0.969704
0.777632
0.321006
1.14388
2.20448
1.22601
0.474174
0.442934
3.76435
0.912154
0.567637
0.293978
1.01637
0.510456
0.51873
0.327701
0.405709
0.881002
0.693635
1.97159
1.9753
0.454937
0.505852
1.8615
0.508874
0.749549
0.954159
0.366725
0.602518
1.94842
0.120377
0.295884
0.263269
1.21571
0.368933
0.541677
0.887952
0.367025
1.03964
0.264164
1.86187
0.609534
0.623909
1.81306
0.500327
0.629726
1.07051
0.363154
1.2282
0.198362
1.65798
0.581852
0.34242
1.1201
1.79902
1.17365
0.43272
1.16466
0.549699
3.0033
1.11077
1.43287
0.516206
0.765031
0.775112
0.538063
0.540871
0.628064
1.56536
1.17525
0.313359
0.739933
1.27117
1.44161
2.74293
1.30911
2.12095
1.22252
0.135435
0.727481
1.1775
0.851921
2.18397
0.248291
0.610698
0.625795
0.406854
1.24938
0.238188
1.13595
0.795754
1.99538
0.928012
0.36395
4.1577
0.815876
1.24229
0.221103
0.821981
0.740788
1.8419
0.667575
0.887274
1.24522
1.86416
0.327673
0.947229
0.820818
1.67413
2.10933
1.74681
0.791794
1.96291
0.879893
1.35192
0.597893
1.32071
0.270426
0.701854
2.14489
0.945076
0.261017
1.91111
1.29655
0.533
1.03502
1.49291
1.31404
0.588652
0.284942
1.2101
0.368249
1.31919
0.966267
0.432883
2.75897
0.0876958
1.21174
1.87114
1.03143
3.51035
2.5113
2.94928
0.30143
0.647008
2.03251
0.73796
0.523469
0.762273
0.445009
1.45665
0.713637
1.1926
1.90815
1.15445
0.776997
0.25364
0.946576
0.827734
0.467611
1.84931
0.275847
1.0298
2.53177
0.497127
0.689409
0.905905
0.969316
0.968385
1.66883
1.25447
0.193318
0.321404
0.154308
0.677037
0.843427
0.367581
0.736923
1.3078
1.41865
1.25198
1.10523
0.944136
0.845481
1.03762
0.379518
0.328747
1.23129
2.90168
1.8708
0.672012
0.718375
1.18785
0.30626
0.16967
1.08104
0.840641
2.86143
0.135321
0.39694
0.991336
0.782851
0.471062
1.58395
0.879596
0.566651
0.84041
0.354067
1.06533
2.21398
0.549638
0.730097
0.642095
0.585467
0.406124
1.2413
0.340513
1.13226
0.324213
1.59958
0.729901
0.172062
0.868492
2.07843
0.562366
1.19082
0.250922
0.311806
1.35816
0.525719
0.243601
0.417306
0.696638
2.3723
1.20629
0.998103
3.76367
0.926087
0.535554
1.95502
0.941008
1.68487
1.06127
0.284705
1.916
2.67723
0.815775
0.934114
0.95421
0.36979
1.26112
0.623519
0.287834
1.53879
1.02578
0.697109
0.292593
1.02324
0.261319
0.0155956
2.1247
0.676813
0.732633
0.0843571
0.946388
0.534606
1.72203
1.04851
1.12936
0.428734
0.452112
1.56246
1.64508
1.83004
0.280536
0.128786
3.03351
1.64907
0.64028
0.362936
0.487241
0.487716
0.560562
1.7891
2.18843
0.834322
0.659247
0.899458
0.465025
0.568717
0.814831
1.03018
1.53707
1.03916
0.140768
0.984554
0.348853
0.597469
0.0316674
0.251277
0.973935
1.81755
0.601975
0.90555
1.10482
2.0203
1.18703
1.22271
0.427678
0.891684
1.38918
1.08465
0.746786
0.462502
0.621106
0.512757
1.01676
0.418222
0.665769
0.89487
0.49298
1.17653
0.77543
0.906474
1.85266
0.574113
0.308938
2.92431
0.819591
0.704279
0.284431
1.00548
1.35856
1.34287
0.60338
0.0967823
1.20637
0.476876
1.65945
0.155617
0.351538
0.806367
1.07437
0.32151
0.501692
1.70414
2.37097
0.610188
1.16133
0.292995
1.7809
0.855004
1.09458
0.134922
3.43788
1.19483
0.645021
2.86977
0.888011
0.117718
2.13758
0.711977
0.745038
1.78028
0.408035
0.384513
1.13402
1.17641
0.230602
0.287148
1.56845
0.412403
0.452893
0.797473
0.514331
1.45725
1.23416
1.7581
0.318071
0.188497
0.991372
0.650773
0.887073
0.384088
1.07492
0.719303
0.938521
0.621504
0.683788
1.32098
1.39777
0.688537
0.758065
0.442971
1.63612
1.10412
1.63705
1.73366
1.28633
1.26375
1.71597
0.606277
0.48468
0.5169
0.670714
0.411985
0.379706
0.234741
0.857467
0.494474
0.507827
0.549946
0.741573
1.95945
1.99612
1.07688
0.769878
1.12284
0.777154
0.390637
1.13342
0.676944
1.75455
2.00513
0.401092
0.287913
1.72494
1.40916
0.965387
0.535889
1.28959
1.28295
1.49175
0.926416
1.09907
1.36731
0.368349
0.652047
0.70012
0.702301
1.61732
0.550179
1.6998
0.132467
0.204537
0.34659
0.596783
0.0406742
0.657893
0.612886
0.799689
0.136526
0.891795
1.48333
0.729899
0.797061
0.759365
0.470529
0.604027
0.957843
0.459017
0.433188
1.3869
0.314072
1.00557
2.44259
1.59186
0.358061
1.34619
0.0989964
0.315631
3.68147
1.48907
1.48941
2.00482
0.658817
0.425365
1.67784
0.093328
0.60546
0.730175
2.29862
1.36119
1.43419
1.74089
0.767906
0.295286
1.80878
1.18316
0.442965
0.829093
0.980131
0.431402
0.787429
0.82706
0.532616
1.11293
0.0267043
2.08212
0.425891
0.53781
1.16567
1.08517
0.863862
1.40198
0.596343
2.85162
0.908046
1.33668
0.354654
0.456479
0.284809
0.449267
0.378919
1.6351
0.504291
1.52099
0.592475
3.51254
0.34383
0.344498
0.601812
0.64268
0.600443
0.881081
0.0858187
0.511347
0.171063
1.13305
3.09455
0.77293
0.97814
0.849966
0.57934
0.405234
0.534155
0.794525
2.34153
1.72688
1.27625
0.740139
1.29373
0.763445
0.663807
0.309637
1.78429
1.4767
0.267476
1.39006
0.689954
1.15451
1.20163
0.771521
0.421523
2.20952
1.60807
0.290634
0.828573
0.621672
0.292331
0.462374
0.842325
1.18906
0.395409
1.49702
0.788723
1.83905
1.01237
0.552044
0.764892
0.264537
0.52761
0.487217
0.587299
0.836759
2.32298
0.449492
1.30907
0.151063
1.06889
0.800019
1.24274
1.26127
0.660847
0.154326
0.341558
0.396071
1.75504
2.29761
1.02617
0.327094
1.45835
0.515255
1.38265
0.448954
0.15707
0.97698
0.659543
2.271
3.4675
2.17571
0.651735
1.23351
1.67298
0.604493
1.90963
2.15874
1.04355
1.82712
2.6097
1.19755
0.344559
1.62961
0.476548
0.962483
1.87241
0.742484
0.315415
0.740112
0.365729
1.37491
1.36346
1.43704
2.22202
1.00184
1.6732
0.907774
0.634968
0.696618
0.129584
0.40105
0.397866
0.672905
1.41168
0.176162
0.377932
0.223033
1.46782
1.25368
0.510798
1.13204
0.302767
1.97876
0.177388
1.00791
1.04771
1.34917
0.614286
2.10248
1.26363
4.61772
1.49604
0.516985
1.70527
0.450474
0.504607
1.26376
0.534605
1.7503
1.73031
0.806653
1.04669
2.26227
2.77437
1.49505
1.48517
0.274827
0.113282
0.822661
0.59875
1.04948
0.646404
0.357487
1.65913
0.517293
1.51961
1.28884
0.679483
0.315149
1.53131
0.728767
1.00654
1.29412
0.138723
1.07233
0.651166
0.542804
1.45851
1.18829
0.867255
1.41223
0.18957
0.690883
0.374272
1.25731
4.18632
0.827983
1.01995
0.837184
1.19233
0.250354
0.846495
2.26576
0.279014
0.404189
1.43139
1.27618
0.235537
0.81297
1.57909
0.488876
0.301776
0.885384
0.704727
0.561019
2.51331
0.32988
1.08699
1.87909
0.497205
1.60005
0.797742
0.326076
2.02842
2.07089
0.94996
1.22817
2.05478
0.367195
1.02299
1.30087
0.294383
0.740962
1.89904
1.45533
1.71276
1.89531
2.06324
0.5818
0.801333
1.68404
0.603664
1.84427
0.383353
2.03187
0.466235
1.92233
1.76135
1.47284
0.968346
0.942102
0.247928
1.2209
0.823699
0.646593
0.782886
2.06483
0.933514
0.562034
1.43942
1.06622
3.01435
0.319136
0.975217
2.19
0.955319
0.92267
0.287542
0.309267
0.229629
0.265951
0.474532
1.93105
1.89312
2.42686
0.386769
0.173544
0.691958
0.970164
0.382692
1.17835
0.764241
0.559476
0.35648
1.26992
0.282133
0.563067
0.237021
1.84241
0.969404
0.760656
0.635411
0.536044
0.570204
1.24328
0.273495
0.577736
0.2286
0.765777
1.40377
0.813826
1.36405
0.517357
0.491791
1.0698
1.15519
1.14678
0.511297
0.241193
0.424385
0.370739
1.84921
0.362957
0.379306
1.65305
1.3746
1.0061
0.668569
0.315098
1.02597
0.416964
0.704635
1.68868
1.96442
0.396957
0.329052
0.432296
1.41994
1.14352
0.157195
0.155484
0.12624
0.264857
1.31202
1.31646
0.797967
1.60642
1.28958
0.70651
0.489872
3.20228
2.42041
2.11895
1.29213
1.28487
1.55242
0.261661
1.81109
0.163036
0.478274
0.501937
0.377328
0.764122
0.620384
0.769281
0.243495
0.382832
0.19632
1.18629
1.54245
0.983107
0.218095
0.306225
1.44101
1.04731
1.09303
0.392501
1.9321
1.06869
0.67768
1.22477
1.51849
1.35585
0.117477
0.628349
0.859567
0.519374
0.505586
1.40385
0.671538
0.337027
0.5789
0.159103
0.940211
0.301788
0.0876908
1.14777
0.268119
1.57571
0.715351
0.732115
0.576029
1.2394
1.53858
1.56892
0.78058
0.44315
0.984613
0.644909
0.321759
0.828229
2.12735
0.659321
1.51916
1.00165
1.21968
0.516187
0.198312
0.567398
0.766283
0.976529
1.18817
0.251368
1.55256
0.874228
0.49032
0.719605
0.993004
1.22254
0.541831
1.61941
0.389684
0.788127
2.43254
0.384941
1.66654
0.417944
1.10586
1.93073
0.900943
2.13441
1.22612
0.220323
0.271964
4.23736
2.20872
0.731394
1.8117
1.49776
1.77342
0.562313
0.509259
1.49292
1.39843
0.307497
0.28691
0.922201
0.923515
1.25426
0.8721
3.47885
0.784275
1.30157
0.941577
1.10241
0.326851
1.22925
0.310643
0.731774
0.899107
0.333569
0.984821
1.487
1.13832
0.564784
0.154455
0.469906
1.22155
2.26277
0.616791
0.777555
3.45138
1.04323
2.55975
1.09153
0.575668
0.169731
0.607002
0.519091
0.708406
2.56377
0.605447
0.561285
0.577933
1.38425
1.14088
0.510115
0.778548
0.997481
0.434271
0.57852
0.812266
2.5084
0.501337
2.31562
0.382176
0.31708
1.20122
0.315139
0.592589
1.02687
1.01191
1.83384
0.953619
0.191566
0.141048
0.670091
0.742193
1.51361
0.236521
0.535321
1.26293
0.588142
0.562932
0.860948
0.678813
2.31242
2.22308
2.70715
0.339533
0.418369
0.2926
0.240383
1.50567
0.633198
0.317864
1.9094
0.723773
0.153467
0.716319
0.160615
0.434918
1.96767
1.04203
0.876485
0.605843
0.889416
0.311697
0.852404
0.638147
0.35092
0.156208
2.20216
0.423613
0.158737
0.674969
1.11415
0.160329
2.28692
1.0115
1.48846
0.599756
0.911848
0.597485
0.548811
1.48028
0.794962
0.815604
0.666925
2.71975
0.924583
1.04826
0.676955
0.318545
0.692732
0.279609
1.23059
0.284003
0.485126
0.444244
2.28246
0.568197
1.14909
0.213797
1.10441
0.303292
1.16701
2.12872
0.567793
1.19933
0.214688
1.36658
0.353949
0.989804
0.912038
3.19436
0.916532
1.53551
1.35165
1.98073
0.525845
1.47452
0.516499
0.967901
0.260675
0.258135
1.27346
0.755867
0.604372
2.51827
0.400311
1.3255
0.782274
1.34342
1.0525
0.76891
0.480399
0.716656
0.59797
0.32903
0.356382
0.0319719
1.1881
2.38898
0.686583
1.00924
0.203142
0.322384
2.27152
2.2622
1.08917
0.275405
0.345199
3.04705
0.153944
0.865858
1.64262
0.991968
0.821935
0.945253
1.4143
1.90058
1.9217
0.367248
2.4063
1.64356
0.659457
0.750347
0.706926
0.42503
0.486216
0.496165
1.72013
0.674347
0.0302782
2.24744
0.638721
0.316007
0.401351
1.67397
1.11235
0.62474
1.439
0.714962
0.709753
0.859245
0.906803
0.406162
2.68025
1.01455
0.357119
1.04586
0.26606
0.0975537
0.605363
2.72716
0.931818
0.385094
0.841273
0.475643
1.62095
2.29182
0.913447
0.494953
1.95959
1.99545
0.858792
1.80409
1.41882
1.47946
0.124872
0.208979
2.85872
0.394337
0.304496
1.54323
0.960083
0.787762
0.788308
2.83145
0.55492
1.39547
0.763024
1.25194
0.844076
0.680227
0.628935
1.64809
0.318794
2.62583
2.40383
0.637785
0.480204
0.723714
1.38883
0.802165
1.72809
0.621289
0.835043
1.53054
1.2432
0.882695
1.36075
0.995371
1.85959
0.648535
1.54012
0.872709
2.80701
0.775414
0.106071
1.10741
0.540331
0.590038
0.546441
0.208379
1.30096
0.272428
0.751057
0.624862
0.432437
0.818178
1.12597
1.32974
1.60078
0.519474
0.37693
2.37463
0.772768
1.64471
0.626102
0.729759
0.219248
0.211099
0.633471
2.0357
0.388806
0.597108
2.53279
1.45001
2.10915
0.432281
0.662774
0.468715
1.73116
1.31455
1.06327
0.603897
0.334512
1.08465
0.366729
1.85846
0.615159
0.964192
0.602834
4.16619
0.310047
2.17334
1.40539
0.835654
1.93604
0.264424
0.29451
1.26241
4.03423
0.181632
1.94703
1.29303
0.488578
0.493293
1.22225
2.20908
0.385114
1.57232
2.15048
0.274446
0.341157
0.481871
1.20686
0.460298
0.587801
0.971673
0.244555
0.491879
1.49825
0.8786
1.65069
0.542513
0.287166
0.887983
1.46631
0.871267
0.773186
0.615391
1.47456
1.03048
0.54265
1.16842
1.05364
1.91753
0.673691
0.687965
0.410612
0.995278
1.38113
0.272675
1.9252
2.1045
0.461718
0.177765
1.19652
1.47823
0.679161
0.733591
1.6456
1.67017
0.88646
0.17315
0.44347
1.97412
1.36164
0.995502
1.88534
1.35501
0.982178
1.1523
1.1142
0.468583
0.93562
0.791547
0.659874
1.0169
1.26929
2.52089
0.816124
2.30139
0.211936
0.775009
0.217385
3.22001
0.642851
1.23438
0.826291
0.245324
0.601378
1.29307
0.472396
0.76492
1.51073
1.1222
3.01349
1.57295
1.98541
1.59931
0.367318
0.831166
0.206434
1.18886
0.483992
1.07766
2.44203
1.02197
0.645946
1.4332
0.146737
1.22592
0.185149
2.48348
0.49733
0.714489
1.16463
0.181129
0.162172
1.2737
0.250068
0.584884
2.37079
0.424143
0.220478
1.27884
0.533301
0.0404369
0.568932
0.684586
0.532151
1.07792
0.628283
2.83641
0.796747
2.25509
0.825496
1.16975
0.163835
0.436482
0.976082
0.83643
0.766693
0.137511
0.18021
1.09806
1.25956
0.450956
0.129867
1.74331
1.02826
0.357632
0.772871
1.46333
0.743384
0.410511
1.02863
0.459907
0.656635
0.886398
1.24179
0.713051
0.128061
0.163525
3.50008
0.691914
1.76044
1.11554
1.88523
1.21856
1.24039
0.421486
1.08275
1.01577
3.73256
1.3286
0.272994
0.187753
2.16659
1.99562
1.33344
1.1419
0.454922
1.21114
1.04963
3.12613
1.18197
0.631148
0.73408
1.01066
0.862762
1.38782
0.697431
1.01085
1.97948
0.315319
0.176801
2.08819
0.550898
0.135902
1.22589
1.88478
0.858906
0.496329
1.40755
0.934
0.552197
0.910427
0.453964
1.99571
0.55731
1.61744
2.26418
1.04448
0.94217
1.37998
0.531234
1.57735
0.916022
0.240427
1.06291
0.873401
1.19528
0.0826275
0.357779
0.307507
0.961234
0.258106
0.519289
1.51297
0.982412
1.53196
0.625429
0.699942
0.436064
0.511216
0.0730458
0.579276
1.43545
0.0846215
0.358089
1.69
0.522967
0.188973
1.63559
3.43365
0.615707
0.576899
0.289887
0.411467
0.440899
1.38367
0.694008
1.47824
0.504937
1.05126
2.30818
1.23528
0.904078
0.225682
2.01435
0.574838
0.371905
1.98319
0.575798
1.35961
1.15757
0.236014
0.372247
0.347147
2.58289
0.421323
0.492354
1.08225
0.890424
0.679501
0.200482
0.21042
2.85872
0.235729
1.5661
0.275747
1.33669
1.3798
1.66536
0.98436
0.56218
0.772328
0.668431
0.917415
0.925552
1.74116
1.50677
0.894418
1.25911
1.25795
2.59258
1.40836
1.52982
0.746141
2.89502
0.0935754
1.14142
1.53502
2.22399
2.72078
2.92059
0.563669
0.625989
1.88906
0.474172
2.08434
0.909677
2.69721
2.52738
1.3503
1.03365
0.719895
1.0179
0.256801
0.525933
1.9311
0.497493
0.882386
1.25795
0.155985
1.089
0.428387
1.14721
0.178298
0.64864
1.53098
1.36453
0.167294
4.53803
0.268603
0.893071
0.719255
1.75942
0.365133
1.47685
1.98432
0.0506574
0.199768
1.39166
0.766312
0.625874
0.505515
1.39426
0.210756
0.410663
0.497086
0.994658
0.755749
0.252071
0.126988
0.668462
3.17886
1.07971
1.06311
0.447811
0.233634
0.415738
0.653546
0.643596
0.502027
1.00349
0.606108
3.12918
1.34115
1.21624
1.68999
0.725093
0.345038
1.5539
0.790718
2.49793
0.900801
0.264695
0.69879
1.72367
0.334101
2.89585
0.0268031
1.03221
0.394985
1.42339
0.231205
1.42259
0.539253
0.370491
1.70041
1.93439
0.703797
2.56213
0.556086
0.799331
0.0956721
0.866353
0.627203
0.550777
0.732639
0.416474
0.0860827
0.849235
0.848187
1.56755
0.373331
0.124834
2.09009
1.22136
1.28405
0.568478
0.353178
0.909723
0.83784
1.61723
2.1991
0.517233
0.978959
1.10005
0.296738
1.22023
1.06292
1.92985
0.261855
0.708801
0.94333
2.80554
1.23497
3.32543
0.951167
0.744621
1.99722
0.540976
0.476454
1.54719
1.33648
0.791432
1.4944
2.42667
1.19467
0.700456
2.0136
0.940244
0.204014
0.448986
1.14485
1.47911
0.0625513
0.278856
0.399486
0.437909
0.575062
0.807562
0.634645
0.524306
1.39317
0.628987
1.41338
1.31835
1.01917
0.211981
1.11702
1.00811
1.23042
0.14653
1.0316
0.715348
1.5818
1.91554
2.90782
1.38798
0.676646
0.641752
0.562955
0.431998
1.0206
0.126768
1.56124
1.66593
0.223716
1.54299
0.617381
0.79471
0.225268
0.236701
1.76438
2.46594
0.860687
0.961729
1.3291
1.6
1.18973
1.04991
1.48039
1.39472
0.77111
0.058893
0.435989
1.91641
0.405133
1.0037
0.425406
1.3603
0.328814
1.80591
0.8127
1.23484
1.26956
0.378031
0.271901
1.25051
0.472888
0.393247
1.35972
0.300016
0.744809
0.354038
0.966531
0.862778
0.980032
1.06718
1.03666
1.55941
0.975385
0.711368
3.51187
0.450718
0.793914
0.639889
0.873676
0.933232
0.222564
0.50878
0.707528
0.353172
1.80752
0.52987
0.752583
1.77203
0.175611
0.981597
0.120468
3.50227
0.634982
0.429149
1.19435
0.041602
1.25352
0.97999
0.64681
1.28724
0.399362
0.229077
0.568101
0.977136
1.02956
0.94475
0.0387612
0.311071
0.280981
1.00861
0.953729
1.07188
1.02193
1.43721
0.601534
1.24558
0.711242
0.397944
1.08359
1.42597
1.08217
2.67207
1.20886
0.258349
0.69374
1.24828
1.13355
0.724513
0.940631
0.104081
0.948854
1.0785
1.56533
1.35948
0.646363
1.25641
1.25333
0.364835
0.191814
1.10318
0.877122
0.0740852
0.501964
1.68194
0.939839
1.73399
0.0384662
0.571339
1.02349
0.823384
0.938994
0.330059
1.10106
0.541549
1.56401
1.14137
0.183246
0.369565
0.639133
0.690522
2.31714
0.554966
1.10722
1.32442
0.360542
1.00812
0.874737
1.40093
0.473983
0.764977
0.318011
0.647987
0.123341
1.87025
2.99764
0.145695
2.0702
0.659333
0.298283
1.32444
0.488824
1.45931
2.43223
1.97498
2.48663
0.906694
0.423584
0.102096
0.0650616
0.559422
0.798815
1.09914
0.388663
0.601793
1.15149
0.0831499
1.21451
0.501984
0.187455
1.02006
1.26107
0.139732
0.431383
2.36123
0.891151
1.11302
2.79824
1.00961
0.603331
1.55193
0.275138
6.35083
0.526594
1.1016
1.43032
0.400951
0.784157
1.15685
2.40428
0.646633
0.942616
1.48912
0.484777
2.01949
0.372949
0.41875
0.34757
1.11246
1.34307
0.245006
2.13312
1.40572
1.08765
0.615067
0.666788
1.27423
1.3751
1.00418
2.35532
2.85058
1.25015
0.257408
0.562171
0.442097
0.668662
0.599817
1.31568
0.689649
1.26631
0.954429
0.86867
0.607864
0.793422
1.3875
1.13596
2.64667
0.584535
0.96153
0.497298
1.41347
0.728818
0.350487
3.11051
0.732231
1.37814
0.783583
1.97733
0.758014
1.04734
0.583495
1.21528
0.703972
1.08234
2.12664
1.3528
0.849939
0.500925
1.25906
0.296522
0.213817
1.68222
0.994835
0.206612
0.826276
0.904136
0.588866
1.28675
1.6733
1.13459
0.876062
0.289803
2.41559
0.33183
1.44834
0.438266
2.81654
1.15348
0.257509
0.841865
0.637235
0.896126
2.27529
0.0662354
0.164849
0.747983
0.49196
1.66733
2.00799
0.272502
0.575665
1.02155
1.44385
2.64659
1.4374
0.484855
0.874383
1.55627
0.853979
1.11121
0.668228
0.0513306
1.39075
0.779181
0.220417
0.532939
0.300749
0.665527
2.87768
2.34265
2.16323
0.719401
1.89732
0.252763
0.298114
0.544528
0.682317
1.32454
0.300431
0.752778
1.04361
1.05658
0.734417
0.887549
0.017995
2.405
1.77432
1.98226
2.63909
1.14969
0.554745
2.44323
1.84619
0.896837
0.447578
0.954011
0.236578
1.52574
0.230048
0.333172
0.18216
0.527648
0.139341
0.687458
1.55807
0.0239887
0.502537
0.947985
0.702671
0.810798
0.509636
1.42594
0.854847
1.56128
1.46782
0.504423
1.29327
0.554744
1.33742
1.25298
0.761192
0.422322
0.853575
0.464019
1.82706
1.78771
0.655754
0.615088
1.47623
1.12739
0.534779
0.166458
0.510817
0.0687429
1.56958
0.469335
0.769556
0.240842
1.36401
0.185746
0.277405
1.04011
0.639398
1.28935
0.828085
0.810053
0.57357
0.827891
1.09835
0.431422
1.06185
0.315416
0.862701
1.00059
1.26957
0.457898
0.637918
0.935519
2.64299
1.16953
0.621188
0.136842
1.1617
0.147903
1.07069
1.44179
0.605964
0.670113
0.847445
0.6756
0.432329
3.09454
0.672381
0.241266
1.2803
1.31813
1.80797
0.239513
0.579403
0.437264
0.494378
1.78447
0.843261
0.507657
0.184927
0.786128
0.578965
2.10665
0.55431
1.38832
3.1792
0.423511
1.29349
2.51253
0.0749234
0.881946
0.0962386
0.854452
0.785164
0.461521
1.87316
0.504549
0.555029
1.77548
1.90186
0.832304
2.67205
0.607924
0.308857
0.531545
1.36286
0.333748
1.02008
0.0570153
2.56596
1.94596
1.45782
3.1513
0.689654
1.02337
1.20743
0.736881
0.687596
1.11097
0.310581
0.856301
1.40162
0.217725
0.323894
2.03466
0.317163
1.61734
2.99467
2.22618
1.23186
0.0426848
1.32938
4.18911
0.564488
0.00907434
0.868018
0.977063
2.08286
0.269137
0.491679
2.05879
0.441177
0.798456
1.92194
1.063
0.959586
1.42764
0.322497
0.552117
0.950402
2.78091
2.41051
0.329653
1.34902
0.852397
2.32462
0.967554
1.95329
0.584473
0.416971
1.3186
1.07831
0.658612
1.45609
0.6908
1.78946
0.103767
1.56734
2.13786
1.72032
0.82855
1.0278
1.86836
1.46777
2.13738
0.453338
0.868101
1.48895
0.333482
1.79951
0.465627
0.458008
1.72946
0.927869
0.822549
0.958212
2.72268
0.106611
0.772422
0.629047
0.860551
0.492451
0.463543
1.51619
0.0660109
0.537659
1.15473
1.21714
1.18043
2.28377
0.788847
0.933563
0.575787
0.765037
1.98668
0.195048
0.510212
1.00553
0.782207
0.46315
0.108825
0.237822
0.471069
2.82686
1.54819
0.250842
1.55291
1.31087
0.117411
0.792123
0.34113
0.625406
0.469948
2.07451
0.462978
1.63228
0.53563
1.88379
1.34988
2.62741
1.23549
1.46678
1.19942
0.63383
0.325442
0.417214
1.16095
0.37255
0.235982
0.441552
2.43439
0.421384
2.07795
1.34509
1.43614
0.245718
0.69462
0.0850573
0.792593
0.953396
0.812012
0.173928
0.921597
0.0882622
2.69034
1.19426
1.99095
1.17042
0.628132
1.0693
0.460379
0.64249
0.103904
0.468824
0.509045
0.392344
4.64177
1.35635
0.750323
2.36196
1.20943
1.02259
0.977297
0.613728
2.82883
0.683189
1.07432
0.718427
1.7871
0.910753
0.570512
0.824007
0.964829
1.5091
0.297243
0.908731
0.476657
2.56383
0.931925
0.375784
0.890603
0.489621
0.76524
0.717062
1.20655
0.359897
2.2528
0.420272
0.723123
0.480673
0.595317
0.480668
0.823307
0.471563
1.13322
1.11065
2.66253
0.462702
0.514981
0.218878
0.829239
2.64558
1.94085
0.397573
1.47011
0.893498
1.92918
0.218268
0.773413
0.380065
1.93755
0.51356
0.432864
1.26735
0.501166
2.32266
0.140281
0.70638
0.376127
0.453746
0.840818
1.91863
0.810503
0.458762
0.530178
0.435217
2.59158
1.88345
0.874101
0.314261
1.04594
2.23378
0.705219
1.36535
0.585254
0.357939
0.477286
0.74022
0.855939
0.54551
0.838682
0.944935
0.711281
0.479619
0.667356
0.96101
0.310964
0.614201
0.742063
1.81927
1.10754
0.586517
0.299202
0.267845
3.4622
0.574105
0.360372
0.456268
1.16787
0.262549
0.396912
1.24764
1.06003
2.79989
1.38904
0.706753
0.779667
0.0798521
1.69318
0.968287
0.527269
0.43084
4.10399
0.226212
0.898955
0.89026
0.57058
0.691745
1.20667
0.783234
0.140641
0.559465
1.14499
0.428347
0.946917
0.426444
1.56052
1.04016
0.321873
0.843105
0.803757
1.3403
1.36138
0.461863
0.30802
0.624413
1.2103
0.576119
1.35567
0.260809
0.482195
0.384208
3.25536
0.52002
0.866919
0.435715
0.72341
0.561116
0.18347
2.1863
0.567475
1.31803
1.38518
1.57557
0.611915
0.770233
0.398695
0.402284
0.81962
0.3596
1.27089
0.197139
0.261395
1.52975
1.7906
0.837642
0.564031
0.878309
1.00819
0.432794
1.97524
1.45843
0.208911
1.17977
1.13666
2.12416
0.171839
3.02428
1.08141
0.596226
0.291568
3.35411
0.91093
0.764387
1.81359
1.24283
0.101928
0.920824
0.343151
0.702507
0.672803
0.431478
0.559639
0.800776
1.13042
0.733952
0.845982
0.972267
0.898077
0.358853
1.84775
2.06346
1.462
1.12783
0.237717
0.219738
0.987394
1.88806
0.882019
0.402869
1.66294
0.9127
0.376557
1.48123
1.45956
0.728265
0.693723
3.09146
1.7452
0.143581
0.222585
1.04259
0.416241
0.758725
1.57448
1.47862
0.608577
0.504489
0.820115
0.102421
0.893526
0.475335
0.871688
0.682168
0.537177
1.70219
1.11751
1.71648
0.46912
0.205839
0.744643
1.2195
0.6214
0.881768
1.7796
1.17954
1.0726
0.665944
0.665786
0.993372
0.355818
2.33677
0.976495
0.863679
0.240889
1.27567
0.793657
0.681753
0.411596
0.375802
0.161705
0.330803
0.654028
0.134124
0.791687
0.538818
0.47633
0.9718
0.670617
0.922879
3.61939
0.769738
0.709575
0.699846
1.95238
0.658315
1.10572
2.26713
0.241609
1.3598
1.64653
0.556539
0.736998
0.143042
0.642441
0.255736
0.768137
0.381099
0.87615
1.46464
0.205275
0.810958
0.270201
0.152159
0.122785
0.529852
0.575599
0.726299
1.2511
1.39994
0.28193
0.563524
1.5754
0.103333
0.257129
2.07834
1.2894
0.980591
2.46476
3.79455
0.264684
1.80934
0.543332
0.531787
0.725426
1.52966
1.83124
0.130102
1.14763
1.60436
1.00634
0.966597
3.08717
1.34128
1.55099
1.25005
0.788849
1.24085
0.764001
1.75394
0.760777
0.17524
1.44559
1.27684
2.0299
1.10959
0.793352
0.168818
1.54492
0.421398
2.52976
2.33506
0.865858
0.662359
0.449969
1.84585
0.378498
0.686376
1.15303
0.984369
1.47252
0.265378
1.16474
1.27327
1.33457
1.53219
1.01339
0.843014
0.278626
1.47562
0.592422
0.651763
0.825892
1.44843
2.36952
2.36787
0.979668
0.79813
1.40736
0.393628
1.64099
0.176764
1.54195
1.15504
0.255333
0.27113
1.38065
0.407821
1.35735
1.18978
0.400347
0.931243
0.452695
0.937506
0.252882
0.817987
0.651341
0.918314
1.68438
0.517677
1.38277
0.484981
1.3791
0.818189
2.68959
0.610807
0.42612
0.333194
2.67024
2.49751
0.683743
1.16807
2.28246
0.566355
2.36978
0.525872
1.75669
0.251627
1.77023
0.14855
0.49606
0.475151
0.738802
0.291856
0.463309
0.590702
0.693967
1.10485
1.09455
0.442876
0.56398
0.40138
0.202921
1.33555
1.01365
0.183168
0.397936
1.26995
0.945927
0.422964
0.78244
1.77924
0.735862
0.321485
2.30412
1.1018
0.45447
0.174699
0.298116
1.08537
0.536784
0.111516
0.526757
1.10624
0.699902
1.60222
0.670049
0.76376
0.851203
1.49825
1.55992
0.245687
0.52412
1.3788
0.286684
0.672696
1.37272
1.39428
1.59771
0.384852
0.285388
1.09434
0.453177
2.77759
0.34467
1.24471
0.336167
0.458596
0.810411
1.08484
1.92113
1.07181
1.71925
0.403712
0.554425
0.185991
0.171925
0.962202
0.658875
0.500877
2.49098
1.10155
0.225842
0.463937
1.22683
0.990109
0.363287
1.08191
0.803889
0.754708
2.35751
2.2207
0.529702
2.37111
1.36488
1.01701
0.524787
0.468258
2.28457
1.79574
1.18642
1.06445
0.3133
1.71967
0.292415
1.18988
1.26813
0.330419
0.557791
1.03567
0.605996
2.82706
1.37227
2.31527
1.34567
0.467959
1.81248
0.484373
1.57199
0.395432
1.9168
1.02405
1.59136
0.504169
1.47284
0.279616
1.3893
0.42263
0.413539
0.602353
0.144947
0.730952
1.31479
1.57265
0.770524
1.99875
0.183989
0.809066
0.126697
1.26093
1.76118
0.43693
0.874594
0.898723
0.77506
0.0779054
0.602787
1.15503
0.689699
0.551354
0.523809
0.753627
1.60716
1.45518
1.24417
1.33872
0.295
2.88394
0.911661
0.474145
1.33669
1.15744
0.41132
1.07923
1.11828
1.12138
0.317088
1.37701
0.433596
0.171253
1.02754
1.25053
0.47714
1.46801
0.525882
1.29462
0.471162
0.181167
1.12761
0.275775
0.756008
0.817719
0.156903
0.971475
1.89827
1.92279
0.265315
0.858983
0.299064
2.11497
0.81422
3.16492
1.47242
1.19864
0.412838
0.848592
1.56304
2.70367
0.0744701
0.973014
0.424651
1.86913
1.13968
0.93914
0.962053
0.129145
1.25319
0.304045
0.439017
1.4699
2.91418
2.38708
0.215148
0.410562
0.228872
2.96252
1.37824
1.18274
0.955751
2.05217
1.10425
0.287936
2.03518
1.391
0.382181
1.34289
0.804519
0.952155
0.739036
0.774524
0.233184
1.52267
0.0479388
0.784464
1.39903
0.984628
0.625263
1.57544
2.25728
0.540396
1.17926
0.0426966
0.622425
1.05763
2.56538
0.618501
1.595
0.528238
0.70006
0.711473
0.205178
0.829233
0.299297
2.25871
0.558486
2.00643
0.703645
2.6052
1.52776
0.777897
0.066524
1.00241
0.688399
2.05269
0.937646
1.11868
0.580251
1.21158
1.58293
0.580373
0.071882
0.691098
0.225932
0.369259
0.823367
0.0755565
0.388111
1.57023
0.951612
0.499984
0.359216
1.50765
0.617416
0.475976
0.224118
1.31553
0.730717
0.470433
0.748477
0.614368
0.960018
2.35372
1.30097
1.46568
2.28819
1.34076
0.493938
0.588042
0.93662
0.308228
0.159141
1.10952
0.727594
1.64809
0.110446
0.654842
2.49707
0.459773
1.501
1.00635
1.8034
0.865134
0.922995
2.28111
2.28308
0.319131
1.37863
0.717024
0.486031
0.981678
0.554169
1.77728
2.45016
0.979673
2.08255
0.672443
2.56994
0.336486
1.21995
0.344083
0.888266
1.53115
0.464057
2.08344
1.0583
1.08787
1.77816
0.52148
1.75639
1.01411
0.769623
0.87592
1.53625
0.606746
0.519338
0.0587908
0.954623
1.17322
1.1226
1.50567
0.250721
1.2678
0.948334
0.379691
0.512405
0.328315
1.04786
2.1478
0.278637
0.485681
0.702114
1.18896
1.0756
0.430716
0.243976
0.995344
0.616128
0.579023
0.610135
2.04215
1.15213
0.882831
1.08068
0.616147
0.19934
1.31888
0.260208
0.686969
1.17574
0.776786
0.714391
1.39668
1.4477
2.48351
0.485348
0.631364
1.21636
0.982597
1.086
0.426088
0.205806
1.03473
0.897804
2.1206
1.06825
1.50917
2.07269
1.88051
0.226337
0.919879
0.390156
0.703478
1.3717
0.365375
1.97727
0.658519
0.247012
0.895193
1.15314
2.66851
0.310769
0.61525
0.335688
0.300219
0.396899
0.91488
1.92175
1.3716
2.0207
0.909583
1.08092
1.04085
0.310033
1.13159
1.0521
2.06673
1.66507
1.76814
0.640678
1.36353
1.92102
0.369717
2.26724
0.208892
0.995517
0.872965
2.37216
2.48006
3.17326
2.30703
0.685464
0.211556
0.970641
0.361743
0.827204
0.228826
1.83443
0.351104
0.788758
1.13366
1.01309
2.18996
1.30793
0.173085
0.914701
1.43438
0.706969
1.25284
0.965036
0.274617
1.66313
0.731334
1.18444
1.76542
0.414746
0.373459
1.38431
1.39658
0.783602
0.40289
0.212026
0.302973
1.39127
1.17935
0.840584
0.143406
0.380279
0.262013
1.44153
0.620066
0.804391
0.696276
0.312569
0.269916
0.392204
1.989
1.62112
0.194074
1.0658
1.32503
1.18785
0.759134
0.993422
0.493735
1.32911
0.480694
0.415406
0.965477
1.27283
0.589286
0.973928
1.33255
0.381261
0.223967
0.770892
0.310582
0.894702
1.48221
0.384221
0.238975
0.690685
1.33548
2.34827
0.688058
1.8231
1.13097
0.36289
0.876334
0.65605
0.729601
1.45915
0.538991
0.275545
0.644268
0.232024
1.08889
1.11787
0.904706
0.659655
1.84209
0.344639
0.640501
0.856889
0.468394
0.966297
1.71978
1.50038
0.782724
1.27735
1.43741
0.741675
0.671905
0.407775
0.322106
2.33201
1.56139
0.774609
0.348188
0.64861
0.708449
1.10575
0.843706
0.57177
1.45655
1.80397
0.737147
0.317988
1.04693
1.89554
3.12822
0.934812
0.196152
1.68458
0.292695
1.33825
0.455223
1.22804
0.720554
0.346006
0.902589
1.46819
1.4785
2.39305
0.361693
0.806876
2.26557
0.455831
1.48281
0.639557
0.809917
2.00565
0.830532
0.0541389
0.575305
1.98437
3.09385
2.47542
1.0528
1.59649
1.31308
0.431897
0.237569
0.428754
0.239106
0.68699
1.08032
0.799811
2.68257
0.137111
0.534458
0.529092
0.392217
1.42071
1.70367
0.637642
0.250132
0.0637923
0.458283
1.65866
0.440281
0.61027
1.37557
0.908446
1.18837
1.59152
1.11498
1.75808
0.337608
1.02515
0.977537
1.38629
0.0364545
0.442399
0.57754
0.186492
1.47944
2.45126
0.295634
0.586179
0.457158
1.42542
0.20821
0.392244
0.917844
2.04427
1.83666
0.878987
1.37906
0.498146
0.0872527
1.65215
1.68804
0.679635
0.890939
0.556963
0.632924
0.153392
0.675416
0.722374
1.00253
0.688397
0.776425
1.67633
5.29126
0.904758
2.44015
0.422411
0.434641
0.531108
1.68837
0.782081
0.292146
1.96512
0.726223
0.514797
1.04791
0.715074
2.2048
1.06413
1.70496
0.138064
3.0917
1.74112
0.19286
0.346723
0.35781
1.69753
2.04118
0.391031
0.563457
0.939278
1.39119
2.33862
2.82338
1.03052
0.803862
0.10974
0.717049
1.51754
0.0715217
2.60984
1.3366
0.0467239
0.401066
0.537406
1.66395
0.665686
0.0448223
0.525352
2.21069
0.252349
1.48554
1.23491
1.30619
0.944944
0.308706
2.5908
0.486795
3.75543
0.84511
1.66236
1.41601
2.4733
1.81863
0.427505
1.16829
1.00399
0.367873
0.582064
0.971503
1.31496
0.851349
0.211527
1.69644
1.26934
0.380013
0.215897
0.674705
1.19282
1.26054
0.936555
1.68683
2.53861
0.557859
0.188854
1.37406
2.06494
0.365906
4.32441
0.659982
2.03545
0.840604
0.413884
0.410494
2.46098
0.698017
1.13997
0.904969
0.0636211
0.522648
0.749019
2.02478
1.30089
0.536873
2.01178
1.14404
0.988815
1.61488
0.873517
0.095642
0.993623
1.06281
1.16009
0.969787
0.683398
1.24294
1.2348
1.43148
0.876229
0.538678
0.61097
0.45705
0.406033
0.296918
1.36171
0.270872
0.977464
1.77474
0.277559
1.50065
0.898133
0.465907
2.19612
1.7963
1.00724
2.31945
0.513479
0.380194
0.593098
0.356693
0.528162
0.0833855
1.18354
0.959997
2.2351
0.287956
0.219965
0.56722
0.137454
0.653078
2.21214
0.466694
0.507945
0.2518
1.32059
1.39374
1.10138
1.28081
0.382292
2.28185
1.62003
1.21092
0.513077
0.217574
0.217027
0.0895772
2.00953
1.12887
1.48719
2.50165
1.27962
1.082
0.213373
0.608778
2.76753
0.85503
1.05727
1.07608
0.771916
0.642632
1.17867
0.340541
0.185337
1.27291
1.20286
1.02497
0.405453
0.181221
0.548358
0.505862
2.37104
1.60931
1.04438
1.60922
0.574904
1.56002
1.3292
2.40723
0.653181
2.46419
1.25051
0.154287
1.51166
0.685954
0.227704
0.334179
0.467629
0.415315
1.40313
0.715493
2.51658
2.52558
0.812974
0.916064
0.848166
0.424941
1.91653
1.72006
0.929115
0.796808
0.0741623
1.68015
0.389908
0.397772
0.80636
0.659133
0.773719
4.26374
1.15569
2.87779
2.29445
0.58402
0.633725
1.18336
0.982664
1.6477
2.48291
2.21734
1.74639
0.484032
0.509792
1.26791
0.943694
1.98704
0.719642
0.840411
1.64485
1.22696
1.25378
0.732081
0.921468
2.0653
1.69924
1.98078
3.09078
1.48902
0.812222
0.821188
0.195761
0.797084
0.93056
0.358231
0.684124
0.788633
1.42536
1.14751
0.34377
0.365226
0.66134
0.516038
0.327197
2.00465
0.878658
0.844711
1.44487
0.62983
2.23436
0.317917
1.25138
1.61131
1.13636
0.282368
0.398188
0.647178
2.45669
0.609104
0.668613
1.83824
1.02271
0.608889
0.676779
0.217114
0.504435
0.525556
0.43006
1.67515
0.319211
1.15535
0.650501
1.14159
0.0583334
1.43993
0.234234
0.104063
0.277
1.02363
0.720966
0.574371
0.655648
1.28414
0.408474
1.82706
1.64089
1.88529
0.12597
1.23059
0.439816
1.84129
0.406035
0.111038
0.567867
0.597548
1.28987
2.63325
0.645207
1.02447
0.298707
0.877285
1.99575
0.434477
0.16287
0.881784
1.21089
0.580019
1.08836
0.400287
1.23443
0.138061
0.967143
1.8139
0.0662544
3.09723
0.948228
0.383214
0.0410853
1.10298
0.159299
0.757162
0.623291
0.69713
0.854956
2.24464
0.307532
1.44209
1.25361
0.990554
1.53513
0.809877
0.97504
0.916909
1.9384
0.517324
0.81628
0.878207
0.978704
0.619546
0.601256
1.37484
0.199189
0.55822
0.0853904
0.53797
0.483083
0.165454
2.22572
1.91393
1.73804
0.236196
1.10646
0.584003
1.05239
0.918151
0.1286
0.233634
0.230384
0.298157
0.0331896
2.02445
0.802602
1.32302
0.650329
0.418725
1.34418
0.2013
0.803982
1.4888
3.21603
2.40903
1.56443
0.433456
0.240864
0.879169
1.57481
0.565313
0.590137
1.76328
0.467999
1.75943
0.13811
0.73108
0.129629
0.980735
0.903502
0.781592
0.220038
1.55184
1.45127
1.62343
0.220236
1.12567
0.73534
1.06975
1.34615
2.13748
1.05699
0.335221
0.369605
0.107806
2.40429
0.311658
2.81166
2.11247
0.351097
0.564685
0.557754
0.528129
1.38086
1.21392
1.9705
0.252674
1.77826
1.81561
0.369255
0.389944
0.538168
0.652222
1.00614
1.53039
1.26183
2.00885
0.204431
1.81243
1.28207
0.547463
1.01649
1.30863
2.06398
0.99307
1.18282
0.772656
0.807643
1.04322
2.33225
2.45206
2.33946
0.368387
0.84707
0.63875
0.45968
1.36838
1.88522
0.860874
0.856182
1.48693
0.765219
1.61877
0.186404
0.456835
0.258876
0.188886
0.281161
0.777793
0.415432
0.0263137
1.86596
1.26875
0.844459
0.48665
0.138443
0.137919
1.63675
0.604337
0.678339
1.40142
0.483811
0.129627
1.08439
1.07175
1.28376
2.50134
1.35778
1.76785
1.32022
1.57223
0.227698
0.428307
0.88632
0.859453
0.778534
0.682169
0.819445
0.38858
0.761475
1.65282
0.291612
0.0630418
1.38405
1.51235
2.21385
0.761635
0.334669
0.981349
1.59428
0.417438
1.90228
1.91511
2.33374
0.112268
0.944306
1.43928
1.59598
0.195353
1.13085
0.61174
1.59127
0.735453
0.681826
0.274082
1.24144
0.935092
1.86254
0.40547
5.14925
0.577612
0.655616
1.42679
1.63243
0.291782
0.443588
0.486781
0.480684
0.0891759
0.250529
0.132519
0.789216
3.1511
0.0780362
0.510351
0.737148
0.610635
1.67229
1.51469
1.04274
2.48383
0.826204
0.204028
0.785229
0.388768
0.393278
0.0132259
1.79354
0.441846
1.81875
0.182619
1.50748
0.149087
0.382062
1.35251
0.685011
0.880156
0.511083
0.639541
3.34884
0.571997
1.23348
0.610893
1.43496
1.94175
0.350664
1.15158
2.27326
0.371659
1.47158
0.516069
1.26446
0.606534
0.724515
0.782529
0.669917
0.471964
0.239192
1.23837
0.994648
1.76114
0.778845
1.60147
0.628124
1.73261
0.630625
0.513731
1.70016
1.81589
0.447877
0.374726
1.05488
1.27746
0.696863
1.70697
1.68218
1.6509
0.898869
0.838174
1.12006
1.00325
0.71587
0.706811
0.170503
0.504588
0.422645
1.35987
0.631457
1.21345
0.543719
2.32852
0.415338
0.53415
0.030016
0.404211
1.41492
1.32832
2.08187
1.05224
0.990231
3.06068
1.48754
1.03773
1.67873
2.0849
0.708946
1.11882
2.52538
0.345216
1.26363
0.20566
1.43063
1.15193
1.99475
0.551415
0.782134
1.08583
0.61536
0.429592
0.324733
0.729503
0.71075
1.15353
0.940685
0.277792
0.586746
0.52662
0.768257
1.26622
0.643114
0.664148
0.953028
0.474655
0.409009
0.882287
1.29223
0.485292
0.922218
0.789933
0.291248
0.301341
0.19784
0.475869
0.300736
0.0511157
1.23246
0.904572
1.87826
0.330183
0.108813
2.44677
0.858318
2.1689
0.904989
1.1391
1.30087
0.687928
0.289669
2.13774
0.278186
0.491349
0.257799
0.984677
0.809586
0.605176
0.193391
1.04391
0.85529
0.286732
0.179504
0.191563
1.4957
0.448079
1.56247
1.56851
0.662305
1.44222
1.90142
1.55944
1.08336
0.363275
2.19858
1.27593
0.457838
0.811407
0.553734
0.948865
1.22971
1.55906
0.563983
0.923789
2.31089
1.44102
1.99749
0.915239
1.96334
0.252876
1.22055
2.80641
1.57192
1.70751
0.570429
0.974003
1.46572
1.17437
0.543406
1.61723
1.30624
0.529099
0.595781
0.245565
0.0873094
0.724987
2.37391
1.21489
1.66519
1.04771
0.427801
0.702151
0.693742
0.360876
0.696439
1.42058
1.11574
1.01735
0.703667
0.891031
0.326411
1.03601
0.619204
1.15872
0.310061
2.2409
0.328241
1.58556
1.65626
0.292816
0.228375
1.31563
0.882563
0.336477
0.604537
1.66952
1.58714
0.205062
1.30683
0.36413
1.56947
0.724949
2.52018
0.514256
0.653293
0.88429
0.46764
0.876073
1.34918
1.85933
0.465631
1.49706
0.818122
1.28734
2.10375
0.806435
1.34852
0.915613
0.533943
0.642828
0.689723
0.266438
1.55851
2.26114
1.64498
0.627729
0.837634
1.62799
0.433887
1.37945
1.28301
0.311527
1.96017
0.629971
0.323019
0.703089
0.539748
0.233845
0.412563
0.311918
1.18128
0.756541
0.139495
0.546511
1.53426
0.229952
1.30127
0.536469
0.288198
0.452286
0.111681
0.232242
2.03999
0.773099
0.527555
1.3302
1.34711
1.42308
0.850141
1.30512
1.27022
0.807774
1.04746
1.21781
0.219699
0.211193
0.452386
0.586367
0.422483
0.672478
0.782944
1.99151
0.731861
1.40671
0.138172
0.432817
0.236731
0.863979
1.39299
0.923718
0.282514
1.69865
1.94133
0.977595
0.673037
0.662921
0.865074
0.82641
0.732955
0.650468
0.428901
2.02121
0.125822
1.11294
0.735271
1.11932
0.463595
2.79979
1.1647
0.746981
0.404654
0.390923
0.475201
0.790383
0.926599
0.212872
0.162485
1.95672
0.558743
1.53138
0.287256
0.622112
0.858127
0.14375
0.409781
0.591937
0.250629
0.535246
0.701646
1.52198
1.64034
3.85282
2.30204
0.511326
0.92043
0.632148
0.230134
0.644453
1.16705
1.21472
2.25557
1.15862
1.01676
1.03443
0.600308
0.412647
0.72196
2.32116
1.11295
2.27596
2.11719
1.53228
2.3248
0.62715
1.45413
0.368388
0.129211
1.30319
0.316261
0.906999
0.51109
0.319837
0.496979
1.20804
2.38792
0.31536
1.07371
2.11251
0.964723
0.610363
0.948805
0.972912
1.02801
2.00507
1.25264
1.77474
0.681457
0.483914
1.19526
0.969047
1.79543
1.09008
2.14212
1.80369
0.607784
0.245436
0.747352
0.835963
1.44387
3.64342
1.41299
1.33665
5.06169
0.744527
1.71991
1.00327
0.525602
0.505324
0.881386
0.175609
0.284099
1.17418
1.34433
0.153624
1.12321
0.666321
1.46288
0.461048
0.43285
0.223012
1.19747
0.897582
1.72496
0.817325
1.11732
2.17278
1.01641
0.921848
1.49666
0.610518
0.964511
0.619833
3.09076
1.05141
1.21994
1.40882
0.19209
0.788845
2.53041
1.10592
0.746526
0.411721
1.35819
1.58999
0.581375
0.508633
0.65164
0.358533
1.61178
0.809655
0.249427
2.13202
2.5613
1.81451
0.688335
0.4774
0.726087
1.15863
1.79039
0.632882
0.0770467
2.85776
0.753128
1.73697
1.28312
0.0326619
0.264457
0.594129
0.78002
0.911959
0.760038
1.19094
0.458534
1.03778
2.12794
0.473772
1.95202
1.41022
1.09155
0.457004
0.298661
1.22532
1.46026
0.259202
0.208868
0.438398
1.79662
1.17998
1.39745
1.90519
1.92489
1.72329
1.20892
1.32216
0.482431
1.86735
2.05462
1.3964
1.21024
1.26874
0.389869
0.262523
1.25932
0.880552
1.67469
0.62529
1.79097
1.09962
1.61251
1.34715
0.825935
1.39727
0.744405
3.18132
0.384628
1.20879
0.746559
1.07159
0.637649
0.899898
0.434431
0.196
0.941417
2.43184
1.82733
1.60172
1.28762
0.826978
1.08503
1.17292
2.51853
0.792886
0.263763
2.08525
0.717941
0.238711
1.36101
0.948495
0.908208
1.46031
0.17637
2.05568
1.23456
2.18619
1.76046
1.4957
1.42958
0.325919
2.49814
1.43723
1.11982
0.354236
0.919627
2.25359
1.30585
0.92303
0.553793
0.735334
0.739848
0.778175
0.745047
0.577121
2.76841
1.15931
1.82379
3.22526
0.152363
1.50407
1.31854
0.394653
1.14357
0.661456
1.30388
2.09293
0.58443
0.869151
0.102667
1.20429
0.330748
2.25181
0.289781
0.805958
0.25572
0.920391
2.19629
0.727515
0.362612
1.53934
0.448781
2.63612
0.671412
0.0867238
0.24313
0.837798
1.03871
2.10046
3.2515
2.68691
1.23692
0.695178
0.484517
0.931682
1.46756
0.052573
0.694363
0.608418
0.612409
1.6378
1.49693
1.22382
1.22113
1.03081
0.343519
1.95586
0.391964
0.578922
0.7064
0.52519
0.346103
0.502523
0.697029
0.470583
0.393838
0.519631
0.580005
0.430304
0.921204
1.86776
1.13231
1.84301
0.971196
1.54562
1.04434
1.64805
0.12631
4.28046
1.84457
1.47458
1.17102
1.71803
1.47781
0.856514
1.80045
0.297333
0.489716
0.0457463
1.09285
0.753782
0.71036
0.799154
0.553786
0.454819
0.432232
0.868958
0.958007
1.72219
1.44313
0.742083
0.822699
1.76933
0.462782
0.853685
0.373066
1.67821
0.529343
1.54966
0.232121
1.35172
3.23885
1.58148
2.20467
0.727189
0.496627
0.257093
0.660462
1.26725
1.87796
0.766583
1.17433
2.50284
0.9303
1.04256
0.619246
0.764358
0.116861
1.07093
1.91607
0.295142
1.20838
0.0782328
1.62792
0.0960438
0.308495
1.68004
1.05038
0.819279
0.12195
0.84122
1.0512
0.843769
0.719341
1.53039
0.770836
0.197391
2.29976
1.35078
1.12603
0.842383
0.247798
0.405268
0.37066
0.381444
1.89321
4.22072
0.100665
1.10174
0.584076
0.343068
0.633588
0.516737
0.892902
0.333963
1.28857
1.74754
0.301124
0.251159
0.933262
0.216739
0.552035
0.782493
1.44868
1.45397
0.993924
0.896592
0.90753
0.473983
0.504129
1.37016
0.432283
0.228685
0.618553
0.0604355
0.853784
1.60033
0.916875
0.944503
0.901596
1.71258
0.86565
2.68026
0.99238
0.048164
0.795233
0.880786
0.442074
0.674429
2.4071
2.67422
1.24221
0.586888
1.07174
0.32279
0.153572
2.50681
1.25608
0.262734
0.643513
1.43067
0.421336
0.558125
0.750706
0.411696
1.01121
0.261946
3.26706
0.253651
1.35717
0.10878
0.460392
1.35083
1.35833
1.81947
0.544117
1.41947
1.45264
0.189495
0.747203
0.356467
0.226991
1.76847
0.826796
1.56554
1.12754
0.322565
0.340679
2.02383
1.57042
1.31004
0.67384
2.01828
0.533666
1.67275
3.46372
0.161894
0.719071
0.583242
1.42368
0.576692
0.229919
0.517355
0.438554
0.679361
0.668565
2.14853
1.48181
1.12231
0.156594
0.40288
1.12246
2.23567
0.515315
1.39691
0.594407
0.362931
0.609413
3.07881
0.23239
1.01894
0.547678
0.788957
0.636515
0.569159
1.29467
0.770255
1.18996
1.93365
0.675605
2.78646
0.607621
0.562595
1.07229
1.71264
0.614109
0.23005
0.265404
3.38496
0.426076
1.96558
1.42817
3.31676
0.915868
1.37854
0.337164
1.27861
0.731577
0.373805
1.62247
1.60823
2.15788
1.82983
0.602633
2.34433
0.404508
1.31593
0.923053
0.488427
1.17856
0.906611
0.275727
0.428324
2.20925
1.28503
1.81522
0.818121
1.22373
1.24959
1.68575
0.314171
0.519711
1.05126
1.02038
0.466778
1.53016
1.51522
0.760182
0.677143
1.52633
1.31146
1.1288
0.363564
0.985646
0.0730426
0.544217
0.417467
1.41326
1.25749
0.709514
2.04375
0.957343
1.60552
0.307215
0.901987
0.485625
0.564016
1.2894
2.17205
0.776019
0.475253
2.01846
1.15901
0.651162
1.70938
0.49414
1.31869
0.604457
1.14321
0.80874
0.765161
0.821925
1.50416
0.154362
0.658709
1.77484
0.631347
2.17949
0.43506
0.803141
0.127845
1.28985
1.83786
0.87237
0.936414
2.03318
2.71549
1.96464
0.782474
0.0688761
0.776588
1.66032
1.34813
1.34467
1.02674
0.964389
1.25145
0.469244
0.157178
1.11259
0.296147
0.337597
0.432293
1.55376
1.62456
3.91013
1.45567
0.466837
0.36784
1.4797
0.15434
1.02265
0.966384
0.712719
1.11523
0.826923
0.929129
2.46053
2.49019
0.480323
0.12812
0.62699
2.01142
2.64824
3.73051
0.666436
1.84387
0.414597
1.8821
0.280501
0.758091
1.50852
1.38
0.778825
0.732304
0.403021
0.750605
0.629254
1.4237
0.792541
1.23925
0.06562
0.607346
2.47582
0.913888
1.0859
0.553459
0.92024
1.57197
0.453863
0.357866
2.18871
0.482206
2.52683
1.18769
0.682854
0.801282
0.60929
1.51228
2.48551
0.109145
1.14969
0.0541125
0.76342
1.70757
0.271542
0.380102
0.85299
0.747237
1.03964
0.156594
0.833179
1.89489
0.294949
0.910749
0.553214
0.356654
1.06946
0.468309
0.581632
0.566096
2.8309
0.408813
0.537421
0.359048
1.43905
0.900275
0.370283
0.531587
0.324719
3.70325
0.355154
0.548698
0.535145
0.361702
0.595147
0.472488
0.54701
0.89191
0.223491
1.09561
0.323469
0.744539
0.839455
0.612738
0.820874
0.529602
0.678452
1.43518
0.217449
0.344724
1.79648
0.354537
0.953755
0.290034
0.436485
0.656588
0.549176
1.20052
0.419113
1.45535
1.04911
0.636287
0.929422
1.95891
0.956752
1.17234
1.46823
0.944839
0.520965
0.228878
1.2092
1.52604
0.103891
1.2256
0.78717
1.21653
0.637005
0.497941
0.207658
2.85406
1.0173
0.0952813
0.594239
2.21991
0.92006
0.951916
1.19062
0.640488
1.20522
0.691827
1.27028
0.284748
1.06855
3.61291
0.211276
0.136155
1.14968
0.263486
2.14783
1.8522
2.65606
2.13341
1.66318
1.04409
1.09791
0.2853
0.390804
0.766863
0.9176
0.274351
0.957425
0.432585
3.31034
1.61493
2.69238
0.93195
0.821371
1.07164
0.736205
0.287636
0.556894
0.661478
0.848559
0.789502
0.346694
0.803301
0.70396
2.53404
1.07169
0.450922
0.0512055
0.125796
0.0980953
0.665644
0.476172
0.934549
0.359009
0.911385
1.21118
1.04483
2.27844
1.23097
1.98334
0.639931
1.36885
2.41685
1.51715
0.455321
0.715249
0.456188
1.32659
0.0900651
1.21541
1.11322
0.732478
0.694187
0.574528
0.967696
2.36658
0.17975
0.650581
0.923978
0.209408
1.42029
1.18725
1.56294
1.9913
1.49492
0.586557
1.22941
0.327502
0.41051
0.710771
1.60839
0.594667
0.241021
1.52343
0.949664
0.25146
0.0898548
1.75279
0.896939
0.853843
0.963274
0.830891
1.94703
1.10148
0.493456
1.09075
0.570647
0.192603
1.13798
1.03115
1.75484
0.690859
0.219666
0.700852
0.506304
1.25532
1.15202
0.343994
0.269046
0.874161
1.02987
0.588624
0.267948
1.34439
0.959125
0.363016
0.483281
1.51815
3.24752
1.17933
0.230836
0.605119
1.64142
1.68372
0.447145
0.63057
0.472218
1.10074
0.0887106
2.33897
1.00947
0.102412
0.547262
0.61902
0.124959
0.633905
1.36668
0.818785
0.710066
0.912274
0.836625
0.841243
1.42472
0.440734
0.370499
0.431562
0.648127
0.948634
1.07346
1.91386
0.289613
1.31447
1.20036
0.401659
0.350171
0.791643
0.994891
0.480614
0.562515
2.36096
1.41252
0.195281
1.44493
0.950092
0.536194
0.384643
0.220472
0.649422
0.828031
0.63985
0.986369
1.22007
0.250778
0.356412
0.597211
0.462698
1.48326
0.0943152
0.13614
1.95988
2.1712
2.45296
0.147536
0.718983
1.51669
0.992747
0.617316
0.513323
0.596514
0.588578
0.077003
2.62472
0.540749
0.244632
0.40942
0.867456
0.200628
0.0725366
0.142495
0.798701
0.55855
2.72513
2.49419
1.50507
0.304688
0.701966
2.02075
0.459507
1.57312
0.217454
0.128084
0.0973094
1.42885
0.840929
0.80654
0.881865
1.46933
1.23179
0.891494
1.77131
0.83817
2.21693
0.86557
1.6269
0.211555
1.13074
0.895981
1.0188
0.760838
1.05983
1.57972
1.26707
1.22148
0.44512
0.425314
0.951661
0.384832
0.624179
1.49937
1.47489
0.436782
0.210387
1.80452
0.157489
0.804867
0.637408
0.779899
0.788323
1.12444
0.905178
0.97812
0.288175
1.05183
1.57373
0.373203
0.65501
0.517853
0.0943611
1.99151
1.58868
0.449191
0.25105
1.06356
1.38111
1.8333
2.60286
0.597186
1.15389
2.17807
1.11213
0.529972
1.52613
1.42669
2.1268
1.58818
0.922028
1.44047
1.19206
1.51351
0.231898
0.5436
0.21477
0.18408
2.01987
0.546177
1.53307
0.394322
1.21445
0.822467
0.477756
0.355513
0.892951
2.73125
1.46223
0.692565
1.90566
0.704392
0.671769
0.883551
0.760577
0.575854
0.931384
0.510959
0.630655
0.251896
1.42423
2.22132
1.93564
1.24769
0.0189134
1.01979
0.780904
0.437749
0.355611
0.964902
0.126985
1.20114
1.02135
0.758412
0.633842
0.260294
0.809945
0.534604
0.857887
1.02483
1.45917
0.874388
0.397049
0.317891
1.15052
1.18532
0.904179
1.49811
0.18538
0.786728
0.3815
0.558343
1.55404
0.911223
2.91611
0.190784
1.38942
1.05185
1.43977
0.363502
0.92605
1.35921
0.544008
0.0774648
0.43322
0.0459849
0.526568
0.481455
1.00491
1.18771
0.19382
1.00332
1.91257
0.710419
0.81948
0.75851
0.205603
0.0394513
0.206486
1.51982
0.851787
1.46049
0.502373
1.04172
0.61389
1.35278
0.246533
2.89586
0.630233
0.49674
0.771099
0.636291
0.457275
1.22201
2.08169
0.974241
1.56718
0.494021
1.42154
1.82006
0.100335
1.16432
0.381895
0.105986
0.731901
1.19073
0.0284278
0.485856
0.602466
0.702241
0.0623375
0.434401
0.314601
2.32383
0.214483
1.57511
1.16993
0.379608
0.431225
0.275929
0.473019
1.60565
0.557663
3.5815
0.0711901
0.196521
1.26115
0.54296
1.0688
0.537443
0.497537
0.557982
0.811175
0.258864
1.06402
0.375412
1.06926
0.467377
0.39894
2.18011
0.216723
2.35679
0.726878
0.700765
2.47412
0.587736
1.42433
0.876628
0.930919
1.91784
1.1043
0.518268
0.352802
0.785404
0.148474
1.19217
0.68328
2.28532
0.419013
1.00842
1.14082
0.617557
1.52689
0.325511
1.57702
0.367699
0.244338
1.68014
0.496556
0.150857
1.11195
0.789979
0.630029
2.35828
0.627894
0.0930436
1.27706
1.37088
2.02675
0.370286
1.07991
1.34752
0.514124
0.457063
0.70358
0.920564
0.492358
0.840154
0.680181
0.306004
0.772351
0.709725
0.628007
1.76357
1.35193
2.66585
0.752267
0.644715
0.0598917
0.235754
0.594232
0.473206
1.4674
0.356686
0.427672
1.26023
2.03256
0.507472
1.65517
0.745436
1.51232
1.11024
0.522796
0.856056
1.17711
1.58891
1.41198
0.951716
1.05449
3.09163
2.11845
1.16282
0.155556
0.707727
1.02844
0.940038
1.8565
2.79225
0.539767
1.03373
1.08842
1.05022
1.87152
0.958775
1.6792
0.893495
0.91444
0.175431
1.41756
0.192411
0.929537
2.00306
0.282886
1.04129
1.3962
0.372177
1.40813
1.06601
0.652273
0.313875
0.852292
1.33014
1.32955
0.311083
0.738059
1.80388
0.803096
0.51277
2.13345
0.300404
0.447857
1.86434
0.798725
0.65173
0.176734
1.02111
2.10065
1.70533
0.978448
0.766807
1.36759
2.4857
1.15481
0.514839
1.75121
0.187337
0.153609
0.919024
1.45636
1.15416
0.731899
1.55044
1.66259
0.694091
0.60797
0.213722
0.164535
2.28784
0.65006
0.808641
0.573008
0.659479
0.679231
0.475223
0.252225
0.237652
1.36853
1.45138
1.03591
0.492244
0.567673
1.70657
0.231578
1.02055
0.450476
0.191689
0.398583
0.330453
0.204149
0.527089
0.812051
0.775602
0.704375
1.36261
0.962968
0.714861
1.77032
0.413621
0.662634
2.41022
0.611095
1.07001
0.512806
1.90502
0.513907
0.288949
0.455359
0.986572
0.206764
1.75427
1.46189
2.21729
0.492271
0.117698
0.463614
2.95972
0.85035
0.388678
1.62648
0.93889
1.03341
0.397934
0.839695
1.15927
1.10919
0.289942
0.476476
0.825619
1.69623
0.950165
2.51974
1.9658
0.249446
0.473838
1.51592
1.46081
0.19315
2.08115
2.18601
0.835817
0.714561
0.834997
0.670175
0.377447
1.64714
1.37717
0.788984
0.862146
0.604919
1.30034
1.03244
1.11033
0.990866
1.06344
0.965824
0.581643
0.86467
1.17345
0.146029
1.49244
0.520972
0.801688
1.73163
2.67867
2.33184
2.32334
0.29858
0.711576
1.04577
0.639535
0.969476
0.547074
0.56081
0.758767
0.234868
1.1731
1.53723
0.13264
1.52794
1.188
0.273075
0.117159
0.523091
0.281999
0.766216
0.342849
0.685277
0.615668
1.21699
1.21784
0.875823
1.32746
2.12611
0.958006
2.25268
0.75558
0.264804
0.585209
0.115591
0.445043
0.6135
0.462848
0.695853
1.1055
1.38638
1.73746
0.284806
0.756016
1.28154
0.463093
1.56323
1.57872
0.40991
0.888795
0.414936
2.83422
0.741038
0.504674
0.706931
1.17452
1.24238
1.93154
0.553085
1.4142
0.997875
0.854434
0.763235
1.65049
0.38962
1.31977
0.688386
0.314231
1.47071
0.762592
0.0310717
0.766049
0.476696
0.318601
1.21994
0.194342
1.51751
0.129118
0.199468
1.49452
0.457606
0.929614
1.33332
1.01888
0.829492
1.45421
0.742135
0.979069
0.739135
0.939713
1.61857
1.64423
1.25449
0.320998
0.816521
1.53094
0.62672
1.26873
0.22384
0.312616
2.3267
0.962623
2.09992
0.78391
0.913698
1.49881
0.464135
2.46826
0.453363
1.10761
0.484281
1.93295
2.23012
1.09781
0.922105
1.57382
0.112015
2.39717
0.455823
1.56329
0.946506
4.05959
0.405219
1.22893
1.41112
0.076988
0.916625
1.28834
2.28525
2.78684
1.30679
0.616208
0.711722
0.455653
1.49087
0.197499
0.613114
3.03419
0.315478
0.45658
0.0894797
0.957308
3.1013
0.81913
1.5611
0.653601
2.25327
0.336021
0.643842
1.42647
1.26094
1.89188
0.170376
1.70581
1.542
1.30358
1.27205
1.08402
0.293366
2.37551
0.826417
0.601041
0.359821
0.58946
0.980701
0.322378
2.79687
0.455457
0.186746
0.582863
1.4268
0.604191
1.35642
0.48551
3.04026
0.288372
1.01184
1.68883
0.408084
0.854112
1.44268
1.67073
1.92854
0.57249
1.92044
0.814157
1.19689
1.00402
0.61139
0.913423
0.3245
0.122285
0.120314
1.23126
1.2861
0.605104
0.240307
0.801188
1.03997
0.45364
1.76876
1.44436
2.03435
0.671719
0.31909
0.668618
0.631817
0.585459
1.34212
1.78694
0.670302
0.360028
0.614362
3.70242
1.72698
1.58836
1.41379
1.1947
0.722907
2.13488
0.12543
2.33968
0.642957
0.182749
0.409646
0.853788
0.878255
2.21736
1.1336
0.740283
1.04868
2.34979
0.774485
0.394488
1.60072
0.232115
0.775621
0.642011
1.87602
2.53837
0.467307
0.721015
1.05169
0.375634
1.04397
0.579161
2.37283
1.23514
1.0515
0.156279
2.90288
4.23288
2.46647
0.595004
0.578523
0.282297
0.791948
1.06682
1.58742
0.72075
0.524006
0.23785
0.85243
0.91929
0.838511
0.844036
0.0945801
1.19086
0.644767
1.75711
1.75586
0.56605
1.05603
0.660042
1.10668
1.64094
0.791965
1.35768
0.94843
1.53657
0.613109
0.495251
1.61443
0.293627
0.398322
1.04366
2.27784
0.959327
1.55678
0.397422
0.241284
0.773823
0.794507
0.289489
0.348032
0.822397
1.23309
0.594489
1.84469
2.70443
0.931169
0.356671
0.647766
1.39994
0.291564
2.42019
0.378389
0.164174
0.293019
2.74956
2.09061
0.12055
0.120356
0.76434
0.549802
0.533549
0.187628
0.95769
0.55024
0.478063
1.42213
1.70146
0.945668
2.38771
0.725048
0.895336
0.454478
1.26462
0.260858
0.37882
0.455617
0.95964
0.418105
1.18444
1.04438
0.90389
0.380439
2.57014
1.0431
0.131668
1.25053
1.41326
1.4046
0.507119
1.81568
1.86781
0.685372
3.03531
0.309682
1.1393
0.637782
0.647108
0.688952
0.651067
0.462844
0.512023
1.04157
1.00497
0.413337
1.37818
0.714876
0.680609
2.36589
0.69291
0.197526
0.569564
0.951062
0.76685
2.45565
0.599498
1.13296
0.595243
0.334689
0.330863
1.06083
1.17464
0.672115
2.49642
0.360903
1.27885
0.202578
1.00038
0.713622
1.54393
0.163072
0.41385
1.33651
0.192579
0.564797
0.980482
3.45616
0.148064
0.677535
0.148562
0.233124
1.34145
0.696798
0.322029
0.428875
0.73669
1.12172
0.443287
0.769744
1.39456
1.53028
1.17573
0.828611
0.213785
0.171873
1.06968
2.24332
1.16782
0.490825
0.482876
1.80939
1.35124
0.234971
1.71372
0.615713
2.39855
0.824322
0.0785044
1.98971
0.203971
0.811159
2.25001
2.32696
1.87779
0.438423
0.61865
1.40664
0.401334
1.42429
1.77819
0.110208
2.23623
1.50349
0.330517
1.72154
1.32054
0.634718
0.583368
0.724317
1.68351
0.561123
0.690343
0.209805
0.448886
0.8252
1.18263
1.81853
0.350145
0.828511
0.851934
3.88374
0.570175
1.73397
1.69113
0.582123
0.393836
0.182897
0.609014
0.900178
1.19764
0.19315
0.273495
0.895579
0.287189
0.518375
0.716033
1.10443
1.77316
1.01578
1.24669
0.667862
1.00136
0.726692
1.30336
1.03683
1.84463
0.661232
2.60049
1.79575
0.772331
0.71367
0.49842
0.835302
0.288298
0.596846
0.672077
0.510753
0.90846
1.12746
1.03771
1.14466
1.55041
0.245262
1.60871
0.165822
1.46267
1.18875
0.46978
0.337621
0.698393
0.691352
0.735333
1.34855
0.960332