0.22363
1.89834
0.631728
0.800589
1.03731
1.48953
1.04957
0.407619
0.0823926
0.413107
1.17791
2.01305
0.830123
0.182693
0.050644
0.907972
1.96251
4.6274
0.915905
0.386136
1.70165
0.621499
2.7119
0.902628
2.34175
0.700266
2.2873
1.58589
3.18048
0.638861
2.18762
0.916202
0.0348851
0.880695
1.11841
4.76637
0.629414
0.40533
0.834057
0.101043
0.656301
0.783566
0.223229
0.418761
0.671924
0.151101
0.789069
0.85154
1.85182
1.27513
0.0390846
0.446014
1.78151
1.37247
0.856019
0.324032
0.0482887
0.841636
0.0220884
0.328841
0.444188
0.625244
1.30717
0.532978
0.368741
0.664705
0.179248
0.300359
0.098988
2.92512
0.381419
0.200441
2.29447
1.80978
0.224267
0.238715
0.364744
0.0235694
3.73838
0.35428
0.193716
1.61525
0.725936
1.04237
1.00886
1.35121
0.407906
0.536405
1.39402
1.81621
0.75507
0.814428
2.91994
0.198297
1.90362
0.0105617
3.14777
1.05644
0.322661
0.838736
3.09585
4.05729
5.26805
2.8029
1.62628
0.943724
1.89348
0.139082
3.18527
1.41629
1.66015
2.1182
0.784492
0.639044
1.16934
0.799897
4.66961
1.23767
0.0589053
0.508379
0.952454
0.302092
0.256037
0.131431
0.89991
5.06129
1.0376
0.333378
0.291027
2.51329
0.411006
0.693835
0.0638835
0.389608
1.89191
0.162533
0.513947
0.194313
0.298208
1.56821
0.653139
0.511957
2.63654
0.138305
1.03493
1.54849
0.1154
0.988258
0.17507
1.06427
0.226021
1.1426
1.89728
2.93917
0.0475987
1.03617
0.234715
1.03089
0.439295
0.287599
3.71479
0.353142
0.199282
0.65668
1.71941
0.376969
1.70736
0.893666
0.036718
0.614872
2.04608
0.610313
1.11726
0.0565033
0.555081
0.154855
0.980876
0.698218
1.48358
0.999603
0.343365
0.164393
0.262631
1.70637
0.86148
0.193439
0.112358
2.1856
0.979252
2.37556
0.433317
4.08156
0.446501
0.0601262
4.58038
0.0670889
0.266155
0.269081
0.0195111
0.349477
0.913869
0.0859253
0.556198
0.0359968
0.600493
0.0513476
0.969133
0.402837
1.52545
0.101581
0.727594
1.80745
1.16232
0.211986
0.596585
1.20546
0.973253
0.351501
1.75076
1.24083
0.986846
0.0435412
0.134841
0.666095
1.66103
0.585903
0.652472
0.0451126
0.698624
0.314964
0.217642
0.704608
3.81729
1.78238
0.702848
1.37118
1.72365
0.488336
0.322771
2.17712
0.791549
2.60865
0.270106
1.1297
5.47308
0.0318066
0.37791
3.78446
1.87181
0.711006
0.162051
0.151234
0.15866
4.1087
5.17179
0.718263
0.49572
0.0116913
0.534638
0.481444
0.0327795
3.96901
0.140962
0.395523
0.733785
0.700689
1.07553
0.425352
0.723434
0.570482
0.0346076
1.21506
1.3181
0.720088
3.02175
1.27949
0.323548
0.0569743
0.226638
1.14777
0.000375772
0.752132
1.84357
0.704046
0.877969
0.347152
0.709605
0.399268
0.0986197
0.96111
0.621913
3.26878
1.76422
0.360237
0.023324
0.0690793
0.734837
0.145127
0.145492
2.66907
0.314486
2.25057
0.0615973
1.34942
0.0659431
3.30672
1.19936
3.06172
3.83593
1.01417
1.00855
0.0527639
0.105695
0.142587
2.10724
1.04635
0.349103
2.09433
0.868978
0.561343
2.07395
0.0226683
0.491608
0.171349
0.355674
0.033286
1.66982
0.329323
1.33373
0.957954
0.197404
0.357169
1.43092
0.00985166
2.2535
1.77134
3.7441
0.733583
0.312647
0.469466
1.67755
0.0163013
3.46243
0.760532
0.393429
0.892113
2.50247
0.23102
0.240388
0.598923
0.387021
0.207372
0.62046
0.148999
0.847155
0.254087
0.596551
1.81857
0.650983
0.702042
2.55619
1.1643
2.57579
2.34103
0.194599
0.0426339
0.743679
2.63438
1.16595
0.285799
1.47514
2.77098
0.745322
0.195957
0.785448
6.21039
0.581758
3.61659
1.97364
3.1439
1.01107
1.46862
0.869296
0.612537
2.95686
2.35924
2.07448
0.716518
0.648695
1.4336
0.35536
1.16203
0.492568
0.383859
2.03587
0.425129
0.592035
0.001265
1.05941
1.69876
0.794445
1.94239
0.0432857
1.54443
0.827856
1.36662
0.353701
0.15764
1.37127
0.435879
0.681303
0.278511
0.152363
0.951001
0.237488
0.134283
0.150476
1.61466
1.82058
0.678796
1.46638
0.280853
0.0621305
0.380816
0.882944
0.631996
2.88581
0.636523
0.122527
1.01505
0.214358
0.282726
1.06057
1.03018
2.14525
1.76128
1.03588
2.06851
1.79159
0.105205
0.779245
2.11721
0.250095
0.619017
1.09868
0.752454
0.0323241
0.901149
1.18862
4.0405
0.242113
0.964151
0.343872
1.05364
0.269983
0.276796
1.24093
0.26288
0.167377
0.00872604
2.00603
1.15669
3.2475
0.740809
1.37136
0.874601
0.146575
0.957667
0.259615
0.17315
3.05288
0.227707
0.130003
1.3436
2.12857
0.97807
1.31187
0.400255
0.708569
0.252653
0.0282472
0.0643383
1.82781
4.52206
0.476245
0.359106
0.137895
0.209434
0.406043
0.451233
1.7
1.61195
1.17323
0.461682
0.893785
0.793696
0.472793
0.785927
0.917166
0.821243
2.06893
0.795053
1.05462
0.0104026
0.350232
0.000457633
1.04461
4.4733
1.62712
0.443693
0.15226
1.24944
4.09966
0.727525
1.78013
1.86889
2.64855
0.0158342
3.28031
3.68342
0.056474
0.214343
0.48556
0.886678
1.25363
0.18437
1.05258
0.345141
0.42544
1.01418
1.49506
0.602446
0.70637
0.304105
0.849967
0.630545
0.545833
0.416681
0.0233581
1.43385
1.75141
0.691471
0.849577
0.562704
0.347655
1.29729
0.151124
2.16055
4.26362
0.176567
2.94983
0.534402
0.197911
2.45399
1.87281
0.470746
1.07847
1.78645
3.77821
1.29016
0.545944
1.19373
0.59886
0.381844
0.87246
1.28046
2.53345
0.354218
3.53337
1.06328
2.36287
2.03378
2.11871
3.10067
0.494915
1.13944
1.61394
1.0514
0.544672
0.49514
1.29662
0.242007
0.357436
2.5452
0.541116
0.302326
1.2885
0.449512
3.36313
1.09302
0.241575
0.203126
0.378963
2.28221
0.128006
0.863604
0.155125
0.669161
1.8314
0.856054
0.969578
0.790887
1.41413
1.60706
6.80464
1.50675
1.06858
2.60111
0.610777
0.141411
0.278578
0.209274
1.87752
1.72299
0.253981
1.67041
0.938454
0.83751
1.05249
0.586991
0.800911
0.0575154
0.846754
0.210924
3.17882
0.699287
0.279107
0.792863
1.52518
0.225169
0.287997
0.678976
1.94459
1.22229
1.85292
0.725014
0.149501
0.176495
0.148475
3.04638
0.100897
1.82219
1.05001
0.546178
0.422587
0.466416
1.91216
0.344969
0.62821
0.232428
0.76151
0.338762
0.264462
0.325414
1.52095
1.23758
0.0229966
1.36095
0.408629
0.266753
0.681276
0.776155
0.158059
0.405793
0.117678
0.177686
0.846399
0.576522
0.339359
0.664389
0.290978
3.67929
3.86259
1.79541
0.0343351
0.147655
1.20222
0.0899236
0.164091
0.16226
0.432415
0.545936
0.360174
3.54
1.52443
0.767278
0.331314
1.9709
1.32704
1.79027
2.24708
0.643655
0.570462
0.190235
0.439035
0.990587
0.539274
0.56746
2.34087
0.689449
1.30232
0.130852
1.28628
1.17655
0.121291
1.53286
0.44778
1.24784
0.605617
0.899078
1.54538
0.15095
0.0642674
0.730248
0.290511
0.223091
1.02734
0.325473
0.909368
0.0653734
3.08849
0.120849
0.181841
0.480544
0.856382
1.32642
1.42151
0.724945
0.89404
0.769938
2.01212
0.302545
0.591882
0.00366347
2.95621
0.336595
0.429445
1.57668
1.30602
0.0847378
0.214181
0.0377535
2.94615
0.0642607
1.06837
0.639788
3.17909
0.0932991
0.32938
1.43628
2.75655
1.01883
0.755069
0.409487
1.3671
0.120906
0.2925
1.58037
3.55613
0.343031
2.76139
2.3848
0.14533
0.128123
1.18191
2.75665
0.0743417
0.459251
0.26984
2.08855
0.300017
1.56038
2.48483
1.12954
0.142115
0.767426
0.33889
2.21387
1.55589
0.72751
0.225761
2.13897
0.00207267
1.90916
2.59878
0.0723228
0.00826894
3.41829
0.982436
1.85098
0.664159
0.167761
0.637685
0.199326
1.25529
0.823561
1.16227
1.15903
1.51157
2.02897
1.1207
0.0620771
0.392464
2.08668
1.7172
7.06578
2.28717
0.636149
0.0731724
0.460547
5.9088
0.0511948
0.920654
0.286966
0.00795868
0.504612
0.130659
0.287813
0.491118
1.53445
0.0148905
0.334257
0.315824
0.172006
1.13053
1.99269
1.2028
0.684361
0.640085
1.66952
1.57918
2.04088
0.38099
0.131016
0.123156
0.82368
0.626122
0.413744
0.838937
0.264649
3.50889
0.263837
0.514236
0.574816
1.11064
0.764388
2.40279
0.401209
1.5774
1.92747
0.654262
1.15964
0.174362
0.565309
1.84199
0.412564
1.49099
2.23476
0.129016
1.09871
2.56206
0.301385
0.0892879
0.495812
1.44605
3.21612
0.779478
1.46548
0.432848
0.00656064
2.28474
0.700217
1.23851
1.05667
1.05994
1.12465
0.79537
0.0671613
1.86188
0.606091
1.39171
1.24969
4.32738
0.13172
0.449162
0.729368
1.50697
0.0529656
0.739029
0.0728907
2.14281
0.132141
2.21932
1.27355
1.57915
0.11614
0.734488
0.886586
0.623415
0.616602
2.1861
2.58366
1.24623
1.82297
1.23593
0.170034
0.0891477
1.0304
2.59534
1.14901
1.53631
0.143852
1.10876
0.604461
0.685991
0.28311
0.749183
1.2248
1.25838
0.702431
0.766701
0.4828
1.5119
1.45989
0.720218
1.31346
1.96784
0.037482
1.28864
1.50806
0.319324
1.55949
1.4341
1.46968
0.672852
2.4785
0.0392665
0.711379
0.16489
0.368361
0.343561
1.95619
0.508048
0.841848
0.0830586
0.854074
0.104577
0.915336
0.1197
0.123158
1.5513
0.646437
0.141453
0.231931
0.925695
3.40236
1.06318
0.802942
0.462224
0.140903
1.08124
0.395308
1.58573
0.0875583
1.22564
0.98529
2.50051
0.665719
0.513306
4.16212
0.603719
0.695934
1.78736
0.0636432
0.131692
0.711119
1.00814
1.06702
1.82649
0.140608
3.39111
1.90163
0.768616
0.270863
1.20412
0.499458
0.410281
0.277131
0.710901
1.54654
0.93512
1.98894
0.038184
2.97787
0.765388
1.01384
1.09775
0.155042
0.521335
0.0107186
0.151493
0.0178393
0.420066
0.30674
4.11054
0.497856
0.602974
0.529321
1.07107
1.21105
8.87565
0.748848
0.0691871
0.038067
0.325961
1.09808
0.891365
0.268355
0.554508
0.024927
0.420494
1.46709
1.71289
1.27067
0.040203
1.71573
0.298551
0.401402
0.448903
0.226118
0.81949
0.00224654
0.306824
0.274628
0.134158
1.44473
0.958266
0.630409
0.561103
0.0474154
2.98038
0.951701
0.261525
1.98992
0.178149
2.0517
2.74973
0.818793
0.751024
0.389301
0.161368
0.656614
0.500439
1.21377
1.18217
1.07217
0.169689
1.33071
2.38057
0.0715595
0.288859
0.0960761
0.947041
0.057652
0.690518
2.27573
1.81287
1.52563
2.18327
0.840553
0.434398
0.797233
2.15222
1.59695
0.696086
0.864729
0.372255
1.11201
0.397733
0.142229
0.812403
0.317978
0.0664914
0.531636
2.37306
0.823802
0.779721
0.701684
1.52136
2.4379
1.92761
0.0404883
2.22687
0.210333
1.74656
0.862509
0.45109
1.04803
0.946569
1.47187
1.30195
0.0425142
1.18543
2.45458
1.4546
2.34434
2.34458
1.46661
0.367159
2.78298
2.51933
1.30089
0.677941
0.429659
0.786158
0.245549
0.402456
1.36678
0.22389
0.351395
0.888186
0.545533
0.668937
1.56308
1.213
0.168502
1.85656
0.232922
0.311633
1.40684
1.01795
0.648629
4.28165
3.24379
0.261631
2.71989
0.636617
1.21439
0.325744
1.61188
0.0263431
0.558182
0.0347296
1.21716
2.4824
3.31023
0.508616
2.74105
1.07293
0.687551
1.02188
0.84679
1.12571
0.281738
0.147516
0.138443
0.124426
0.979415
0.011111
2.78362
1.01138
1.01553
1.19332
0.159249
0.24137
0.0480314
0.470846
0.890285
0.42696
0.0919586
1.13926
0.277727
1.04521
0.255315
0.751689
0.756845
1.13607
0.0558793
0.868569
0.4297
2.38029
0.0781802
0.330531
0.916589
0.668502
4.45285
0.406466
1.84919
0.154407
0.542734
1.05274
2.6326
0.0520452
1.80013
0.333197
0.340171
0.113798
1.84864
1.33646
2.10206
0.521195
0.241026
1.16019
0.132372
1.58314
1.78059
2.59087
0.0777551
2.6961
0.439487
3.92434
0.182157
1.45643
1.14612
0.0295114
0.837143
0.713577
0.215181
0.522464
0.268604
0.381987
0.297338
0.365358
0.0123549
0.545319
0.398935
0.391623
0.0103455
0.887223
0.160817
2.07456
0.0957005
1.47916
1.47789
0.762285
0.706965
0.805116
0.293873
0.00803998
0.0841157
1.1648
0.785328
0.363798
0.31043
0.469999
0.168264
0.0117039
1.18227
1.3367
0.375295
0.534339
0.675743
0.0604462
3.82832
2.77621
2.3609
0.191076
0.306823
0.635157
2.70383
0.779093
1.25614
0.315111
0.773466
0.536611
0.492596
0.0939774
0.480019
0.522201
0.118468
2.10937
1.89109
2.23444
0.315101
0.0440249
0.0212553
0.294612
0.528274
0.03521
0.367786
2.43394
0.357437
0.527912
1.90454
0.542268
0.314411
0.0924394
0.10906
0.644978
0.0433265
4.01128
1.09647
0.218212
0.214255
0.724284
1.24653
0.165662
0.184723
1.10668
2.12575
0.0630196
1.33323
0.639957
0.115354
0.0346972
0.0760328
0.724912
1.13906
0.507039
1.04908
1.36108
1.97142
0.781284
1.84382
0.0531769
0.955568
0.26538
2.3638
0.00306341
0.645408
0.620922
1.62993
0.219856
1.94404
0.172188
0.414631
1.20685
2.32743
2.59107
0.445255
1.13209
1.70246
0.18225
0.349759
0.771542
0.0890438
0.305503
0.194214
0.0134864
1.79479
0.673126
0.385683
0.690839
2.16947
1.15706
0.241233
0.767374
3.31772
1.11019
0.67782
1.25062
0.817248
0.713979
0.344706
0.885685
1.67045
0.0924194
0.666579
0.0243253
0.291281
0.425135
0.170916
0.0987168
0.776804
2.86234
2.42389
0.0750382
1.43531
0.0474895
0.184414
0.0199109
2.85784
0.349089
1.7951
3.22423
2.34774
0.722013
1.52452
2.08377
0.907199
0.196843
1.26808
0.0860036
0.774839
0.725519
0.100058
0.506362
1.15477
0.0307686
0.305153
0.925028
0.308697
0.747653
1.02543
1.56374
0.112565
1.20176
1.59587
0.255676
0.417013
0.410056
0.830213
0.732842
2.73666
0.19597
0.0483252
0.483899
0.325214
1.04288
0.131228
0.718741
0.217152
1.77518
0.127579
1.64678
2.78421
0.234149
0.331254
2.05664
0.272068
0.490782
0.858187
0.705279
1.38766
0.184492
1.85174
1.1622
1.52864
0.294709
0.499136
1.07305
2.25758
0.31356
0.288727
0.500634
2.12316
1.53323
0.681395
0.989121
0.00195572
0.302559
1.54585
0.306886
1.22382
0.0704823
0.421526
0.491718
4.16073
0.659686
0.522946
0.0736238
0.189667
0.796287
1.90254
4.15348
0.244489
2.77438
2.91448
1.35179
1.97444
0.298088
0.722278
0.450683
0.246827
0.483096
1.6942
2.31515
1.29838
1.96748
0.478605
2.07024
0.600063
3.43878
1.17079
0.933516
0.57909
1.86166
2.64727
0.056222
1.16319
1.40207
2.39899
0.308084
0.0294714
0.173783
0.748622
2.59308
1.25635
0.111383
0.966972
1.49023
1.57505
0.508426
0.709754
2.96653
2.03489
0.449816
1.42386
0.27949
0.122823
0.258749
0.406639
0.052657
0.0655869
0.642264
0.14944
0.350066
5.35328
0.181244
0.884893
1.05563
0.928922
0.411939
2.17348
2.56119
1.07339
0.0456279
1.68157
0.712448
0.128197
0.627626
0.670571
0.146619
1.05089
0.752701
0.536457
0.482246
0.527563
0.360159
0.875319
0.248813
0.299645
2.35795
2.46134
3.96525
3.62177
0.00625408
0.672308
0.384032
0.00236858
0.0291832
5.4928
0.67803
0.363079
1.92547
0.296925
0.327953
0.305609
1.50945
1.21453
0.0859322
1.97525
0.74907
1.30433
0.223521
2.32117
1.11827
0.151407
0.217843
1.85141
0.695888
1.48431
3.33333
2.24572
0.470825
2.1123
0.254528
0.889557
0.724192
0.57559
0.212949
1.15113
1.42693
0.103474
0.17844
0.736296
1.06173
0.360905
0.683972
0.0117124
2.35853
0.272925
0.26681
0.102426
3.60038
1.61756
1.20367
0.715267
2.82434
1.00197
0.159254
0.275056
1.47774
1.06421
1.46677
0.363088
0.00453775
0.230972
1.04091
0.124107
1.05003
2.86066
0.870043
0.272845
1.39079
2.41707
0.355894
0.0109716
0.312753
0.903773
0.505065
0.243496
1.61926
0.0471911
0.0982587
0.412695
0.511874
0.385059
2.28632
0.437831
0.409631
0.0732917
0.432572
0.843786
0.326407
0.146868
6.63666
0.530055
0.936154
2.11634
1.1637
0.0269707
0.707464
1.53569
0.313944
0.0483664
0.901361
1.8216
0.37561
0.103996
2.14161
0.357946
1.63182
0.0921769
0.219391
0.124356
1.77317
0.712177
0.405666
0.0439921
0.903056
3.26214
0.631847
0.0581978
1.99368
1.25591
2.28177
0.40672
0.0858426
2.77097
0.180207
0.555739
0.425659
0.631488
0.165644
1.39792
0.606245
1.17988
0.949983
0.687165
0.0923046
2.55318
1.78359
2.09916
0.597571
0.061632
0.405659
1.92605
0.460453
0.624452
0.69733
0.0117154
3.37633
0.849547
0.171727
1.7102
1.3154
1.17996
0.107893
0.082567
0.91305
1.01747
1.14582
0.243518
2.09859
0.989728
2.50647
0.63254
0.48489
1.64558
1.59986
0.0473235
1.00232
0.462087
0.132369
0.155732
0.641089
1.13188
1.51879
0.467748
0.378843
2.81858
0.516245
1.64976
0.280799
0.728057
2.84157
0.550563
0.694075
0.0651699
0.456452
0.370161
0.586501
0.935691
0.228465
0.725428
0.214313
0.0360835
0.636481
1.83642
0.39602
1.32834
0.141482
0.0268108
1.18798
1.26224
3.94505
1.34962
0.71562
0.0673145
2.27136
0.0644283
0.0955
3.21437
0.139759
3.06903
0.267384
2.4835
0.651183
4.40152
0.205173
0.772118
0.103644
0.417783
0.0881168
1.04497
3.69042
0.361835
4.04325
1.65597
1.05972
0.164305
2.11645
0.0189494
0.387077
1.2253
0.411163
3.05396
0.521198
3.3783
0.458635
3.14489
2.72916
0.506863
0.330583
1.13498
0.650476
0.577543
1.07324
1.20791
1.90252
2.40987
1.21153
1.52406
0.097865
0.0285451
2.29242
1.2651
1.36602
1.82964
0.773869
1.9287
0.108775
1.51378
0.939799
1.21376
2.53515
2.7644
0.639405
1.64737
1.50335
0.00125634
0.320552
0.360311
1.62397
0.0209048
0.214742
1.13125
0.385517
0.484805
0.421402
3.03547
1.44993
0.106722
1.42107
0.529787
0.713761
1.59183
0.925253
0.583114
0.258819
5.3309
0.351722
0.00344862
1.01956
0.805493
0.0339366
0.616839
1.97701
0.722172
0.451127
0.636568
0.613962
0.72513
1.31426
0.580823
0.634624
0.07312
0.976148
1.20388
0.299559
1.80785
0.28515
0.822453
1.06011
0.255214
0.232227
0.203741
0.468353
0.843847
1.44222
1.19996
1.23052
0.415697
0.0851723
0.103175
0.557095
1.32259
2.70719
0.771496
0.464859
0.0502132
0.0814088
0.00895713
0.576228
1.06191
2.81985
1.85366
0.0192979
1.48818
1.82256
1.80861
0.805188
1.18186
0.374251
0.236801
1.10423
2.98306
1.96668
0.497682
0.912654
0.851473
0.497658
0.32068
1.56305
4.32866
0.0743006
0.0232993
2.45137
1.01555
0.00565511
0.736814
0.357255
0.422138
2.43914
0.641873
4.48774
0.524957
1.70888
0.565297
0.43373
0.350602
1.45407
0.162402
0.375303
1.46425
0.170213
1.13671
0.87183
0.223416
1.4373
0.580306
0.765787
0.0194787
1.00319
0.883334
0.36687
0.214328
0.628501
1.14275
0.772545
2.19416
1.88925
2.57807
1.8151
0.331522
1.46201
1.23769
0.437561
0.463452
0.92269
0.617493
0.773841
1.84629
0.506414
1.40008
3.62594
4.01024
0.941456
0.60982
0.86284
0.559655
2.6435
0.990427
0.0436772
1.13926
0.761326
0.656649
0.453101
1.27888
2.05359
2.45437
0.240708
0.355649
0.336131
0.895001
0.998891
0.243317
0.680048
1.9403
0.608293
2.05211
0.0332545
3.65183
1.71031
0.0284393
0.504929
0.394218
0.0389634
1.15553
0.0784214
1.17295
2.95755
2.13531
0.776307
0.132957
0.0874079
0.413588
2.241
0.103215
0.784251
3.21652
0.494274
0.462104
0.883095
0.497223
0.0213169
2.64153
0.372326
2.05961
0.206556
0.781306
0.973836
0.687452
0.139821
1.77787
0.287694
0.687553
2.62363
0.080563
0.103966
0.131006
1.3148
0.592456
1.14121
2.15288
0.914499
0.142468
1.83678
0.13566
0.244268
1.6359
0.285091
1.58053
0.555799
0.378069
0.0650127
0.79069
1.01729
2.97143
0.501851
1.43012
0.613748
1.51193
0.42688
5.06085
0.81255
0.359433
0.00201145
1.62323
1.16225
0.173819
0.134163
0.0230934
0.842918
0.346543
3.04063
0.131903
0.0541525
0.301316
0.444035
1.35448
1.30892
0.232212
0.222213
0.279841
0.226708
0.493434
0.955947
1.53961
2.62928
0.149526
0.94201
0.0930413
1.06957
0.799272
0.0680108
0.801363
0.810544
0.267755
0.363971
0.786596
0.163775
0.732617
0.0343255
0.387596
0.311197
0.22146
0.725543
3.00294
0.457457
0.0782465
1.23528
0.797012
0.69478
0.249333
0.0842948
1.92684
4.14141
0.37521
0.444402
0.209379
0.806955
0.161621
0.928625
0.209499
0.0509389
0.0936497
3.10589
0.639365
0.672554
1.57237
0.0427157
1.44829
0.0296479
0.223103
0.737365
0.0200345
2.28777
1.43451
4.4334
1.13276
0.846281
1.99517
1.13919
0.836281
1.0124
0.250257
0.402906
1.85674
0.0146281
0.753879
2.2998
2.86513
0.0584374
0.358016
0.0590772
0.597589
3.60517
1.98084
1.4357
0.251246
3.09373
1.42121
4.55066
0.92075
2.71838
0.0901021
0.201921
0.19319
0.648165
1.38553
0.0343533
2.25789
1.40961
0.867907
4.1849
0.401782
0.842782
0.303265
0.0907719
0.0126083
0.181398
1.6228
0.61956
0.0226329
0.212961
2.46061
0.206851
1.41439
2.74661
0.271261
1.04732
1.98285
0.661157
0.538217
1.239
0.222224
0.298729
0.0999827
2.22475
0.0250974
0.414164
3.33206
0.598507
1.54844
0.0386519
4.74836
0.000199268
1.04421
0.558186
0.442283
0.311228
0.522593
0.35115
1.39903
1.52451
0.701083
0.922562
0.614855
1.08323
0.581192
1.17082
1.95067
0.0702744
2.01929
1.81248
5.26808
0.0952358
2.09874
0.306796
1.67534
0.622176
0.271275
0.446528
0.552714
0.162687
0.616661
4.02868
0.0203471
0.0236453
0.256519
0.680338
1.87644
1.70888
1.35833
0.383967
0.419953
1.52641
0.722363
1.77797
0.737089
2.35027
1.32055
0.295991
1.20731
1.06011
0.390487
2.08482
1.16657
0.752191
0.817056
0.484336
0.855495
0.875911
0.367601
0.00761386
2.05969
0.0415694
0.324801
0.665001
0.329688
0.055827
0.212236
1.37021
1.70274
0.102164
0.880823
4.13833
0.36269
0.0133245
1.66103
1.09122
0.903556
1.60874
1.30981
2.4752
1.83878
0.155768
0.714589
0.0261464
0.280201
1.46342
0.599164
1.30949
5.20219
0.017849
0.075628
0.261319
0.907735
1.63081
0.225296
0.131216
1.66714
0.106828
0.662645
0.673639
0.933008
0.516729
0.34033
0.461346
0.721638
2.04224
4.58532
1.68972
1.1708
1.58047
2.00296
0.1745
2.32111
0.389572
2.02597
0.390023
0.128717
0.488611
4.91032
1.70416
2.70758
0.092277
0.462109
0.200754
0.860997
0.855391
0.158669
3.03174
7.95402
0.0100541
0.156451
0.0754713
0.457099
1.10477
1.1696
0.0872168
0.376976
0.885017
0.416511
2.85762
1.44368
0.510343
2.17743
0.921274
0.232675
4.02334
0.417034
0.0476493
0.244372
2.5571
0.0523472
0.691243
2.52087
0.557802
1.7247
1.5363
3.04094
0.723477
0.406728
1.51507
1.23015
1.69016
0.638624
1.14729
1.23257
0.334179
0.832366
0.195702
1.49388
7.62721
0.380203
0.00184754
3.57132
0.0991077
0.426077
1.8871
0.98742
2.47046
0.117689
2.7904
0.187768
1.08254
0.478016
0.109263
0.0109012
0.00493671
1.41148
0.132304
1.61823
0.341267
1.08063
2.24886
0.886966
0.963336
0.0765869
0.271715
0.522513
0.0857568
1.84167
1.47873
2.40337
0.0851937
1.04469
2.77061
1.33427
0.967309
0.906492
0.406528
0.12364
2.62578
1.23761
0.00894866
0.263956
0.064255
0.410395
1.59104
0.10716
0.554152
0.300968
1.14173
0.294151
0.575452
0.0739177
0.284569
0.909725
4.12177
1.58656
0.445814
0.202728
0.626396
0.833337
0.493717
1.73325
0.300284
0.0942231
1.22799
1.02271
1.13744
0.33592
0.121809
3.00288
2.05214
0.724274
2.60062
1.19215
1.81467
1.92649
0.153435
1.13047
0.699796
0.451216
0.513923
2.46805
1.04107
2.84235
0.115889
1.22002
1.99629
0.759743
0.561809
0.808791
1.15033
0.996307
0.00309008
1.71646
0.68124
1.57892
1.0339
0.145909
0.0330347
0.474385
0.976213
1.07404
1.22954
0.993265
4.9586
2.53981
1.12825
1.12232
2.14497
0.0118177
0.114711
0.443792
0.925235
0.936811
2.53029
0.630463
0.194448
1.58883
0.0464136
2.58765
1.33345
1.3971
0.29875
0.3067
1.56851
0.59304
0.151674
0.38679
0.168904
0.0808905
4.57592
1.09832
0.487078
1.04416
0.88262
0.15279
1.24677
2.32833
0.978788
1.80389
2.57963
1.6773
0.336878
0.289443
1.24594
0.591983
1.0372
0.0641804
0.157009
1.47577
0.123444
2.76466
1.21927
1.26108
0.817904
0.311879
0.939797
0.665329
0.868235
0.332418
1.39797
0.0783228
0.363065
1.61771
1.19542
0.749797
3.09677
1.475
2.71201
0.558423
0.107111
0.54353
0.765197
0.373037
1.05119
0.422665
1.84082
0.248244
0.824026
1.43111
1.35626
1.84538
3.2487
0.381052
0.239281
0.165911
0.739359
0.0215341
0.178793
2.19821
0.978515
0.963249
0.554171
1.09152
0.623862
1.73425
0.304611
0.131104
1.1595
2.2647
0.88382
1.59051
0.862617
0.815516
1.40915
1.57837
0.0531941
3.10617
0.226608
0.10395
0.974973
1.00897
0.248412
0.0178833
1.50289
2.81832
5.53872
1.09814
0.750911
0.272913
2.3677
1.08959
1.1801
0.693823
0.41997
0.355764
0.476825
0.229563
1.56933
0.210633
0.266
3.28698
0.00522664
0.116197
2.22135
1.18062
0.0208944
0.877956
0.725562
0.305171
0.440665
1.09498
1.44699
0.240026
0.370113
1.57429
0.952833
0.0383411
0.143934
3.29814
0.531883
0.667719
1.00236
1.19834
1.46038
2.09755
2.28104
0.183173
0.637191
0.514242
0.827023
1.72741
1.6344
0.325835
1.77631
0.145921
0.245639
0.10528
4.40313
0.634724
0.613464
0.348025
0.347608
0.301952
0.829078
2.38526
1.01175
0.02685
0.573386
0.360707
0.983087
0.12814
1.02302
0.61447
1.59019
0.767469
0.125157
1.04074
0.0860486
1.71742
0.172546
2.40342
2.81806
0.807474
0.832176
0.206705
0.70648
1.34252
1.15965
1.08915
0.87045
0.843189
0.188663
0.0354509
0.442961
1.05529
1.59806
0.604526
0.911212
0.0182558
1.23967
2.16903
0.0516528
2.66569
0.967718
0.00614146
0.749079
0.0960419
1.58819
0.621038
0.225905
0.993276
1.3511
1.76242
1.96083
0.172286
1.94675
0.989778
0.439895
2.14311
1.04056
2.46211
0.281161
1.05439
0.881618
1.14425
0.000653503
0.0229736
2.36932
0.432483
1.20021
1.50659
0.725763
0.310436
0.374938
0.375263
0.183034
2.63378
0.463022
0.381374
2.44498
0.190559
2.58581
0.0603677
1.15063
2.77179
0.309545
0.151428
0.601622
0.0826973
0.282016
0.22756
0.871686
0.392981
0.522798
2.23994
0.358726
0.0197805
0.467995
0.330178
0.426286
0.383807
0.431219
0.684073
0.196302
0.0154991
0.647236
1.5935
0.127131
0.73706
1.30297
1.65404
1.15499
2.26104
1.09261
1.41841
0.352057
0.322055
0.741245
2.62702
1.69271
2.09771
1.81882
0.165455
1.10949
1.94681
0.167382
0.0938902
2.28655
2.77866
1.4154
1.17009
1.90091
1.39807
0.137784
0.21903
0.554088
0.561044
1.14691
0.077283
0.101351
2.15471
0.0152589
0.449352
0.284784
1.2663
0.364268
0.653116
1.70011
0.259819
1.48553
1.39567
0.52079
2.62225
0.552271
1.2356
6.10819
1.49692
0.125298
0.359663
0.726037
0.0780629
1.73284
1.68255
0.857528
0.217685
0.685289
0.929775
0.0718944
0.0613407
0.1647
0.979224
0.529192
3.87825
0.746153
0.636252
0.29322
0.0404675
0.294213
1.67017
2.17416
0.138674
0.307834
0.264018
4.30531
1.57359
0.43182
1.09636
0.537106
1.25481
0.84807
3.17986
1.23168
0.913616
1.33304
1.58107
0.176704
1.66007
3.94055
0.214164
0.23495
0.122114
0.325275
0.520744
0.135509
0.610881
0.0120037
1.47945
0.27083
0.777256
1.83153
1.32421
0.554638
0.443656
1.01623
1.03406
3.51809
0.182247
0.0231952
0.65419
0.0496152
0.000334124
1.34584
0.500338
0.842845
0.125725
0.0931612
2.715
1.13856
1.98916
1.7079
0.55511
3.20648
1.39689
1.60882
0.973939
0.30856
0.265226
3.52671
0.574529
1.39076
1.53493
0.0340449
4.87775
2.45308
3.16458
0.1899
2.27564
1.52521
1.30229
0.697907
1.20478
0.598921
0.26963
0.376666
1.82231
0.148589
1.29982
1.1189
0.944188
0.654772
0.246752
0.0600217
0.236268
1.20173
0.28619
0.070218
0.812229
0.176895
1.74133
1.03195
0.701937
0.332941
0.611155
0.735644
0.350472
0.0611794
1.39406
6.06759
0.215484
0.284311
0.478193
1.15615
3.20285
0.528424
0.15568
0.204754
1.90586
0.0718387
0.204612
0.0935854
0.712508
2.88609
1.79553
0.12964
0.751031
1.88584
0.0556214
0.491143
0.640394
3.45762
0.592986
1.30242
0.177894
2.82644
0.265728
0.104471
0.401895
2.05685
3.66378
0.297507
0.500669
0.00090851
2.04409
0.0714832
0.777333
0.516376
1.08236
0.484061
0.220881
0.877631
0.252782
0.208105
0.18623
0.134741
0.31207
1.77714
0.316188
0.178326
1.31022
0.6133
0.909196
0.364642
2.00491
1.59496
3.76983
2.41697
0.327339
0.536207
0.917214
0.145259
0.517118
0.280162
0.0720337
2.56769
1.58955
0.109289
0.715692
1.18031
0.35284
0.262239
0.192467
1.17396
4.84629
0.431956
1.97008
0.357732
0.218038
2.23983
0.314803
0.820799
1.47402
2.18637
0.170981
0.0661272
0.0030992
0.565845
0.0589002
1.18106
0.49011
0.0369441
0.0807073
0.318611
0.00750889
0.672528
0.296713
0.911486
4.48011
0.138895
0.562134
0.0842355
1.3824
1.20618
0.473976
1.13702
1.0068
0.931688
1.47
0.52067
2.66934
1.88901
0.731189
0.610088
0.363718
1.61611
0.694858
0.435743
0.375355
0.0685626
0.196059
0.112887
1.36566
1.9728
1.15402
0.963048
0.0974098
1.68446
2.32482
1.57468
0.336318
2.32876
0.971715
0.364536
1.47652
5.39644
2.46041
2.20466
5.63623
0.867176
0.732342
0.483847
3.08415
0.644913
0.898009
1.03114
1.14332
0.762347
0.330867
0.913488
2.31372
0.772263
1.82704
0.0733718
0.403431
1.97754
0.890867
0.0827463
3.38548
0.421376
0.00508911
3.33517
1.1427
1.2088
0.0231112
0.09242
0.369149
0.398174
0.0714783
1.40593
0.629997
0.332935
5.01305
0.545679
0.606638
1.07756
0.307281
1.11564
2.79095
0.517757
1.25532
1.55465
0.529924
0.440644
0.318411
0.170763
3.14899
0.181189
0.391917
0.227127
0.105161
0.654185
0.606109
1.542
1.97719
0.0254852
0.915622
1.7649
2.12211
2.52587
0.513169
0.121751
3.12446
1.33111
0.683639
0.0904259
2.06508
1.29247
0.376812
1.48297
0.170374
0.875532
2.3493
2.01768
1.09847
1.12881
0.504606
2.49455
2.54533
0.638729
1.2771
1.01658
1.64494
1.81992
0.826277
1.20421
0.132225
2.07045
0.406051
2.96556
0.258335
0.228026
0.358265
1.63512
5.77641
0.554038
0.245993
0.463585
0.609024
0.253841
0.760294
0.343837
1.17135
0.0410391
0.273745
0.324733
0.0707897
4.34916
1.23904
4.17985
0.383819
1.62322
1.11775
5.47859
0.551682
0.150993
0.343599
0.677775
1.126
0.958258
1.5096
2.14173
0.245023
0.280438
3.98326
0.73491
4.68754
0.922753
0.0397829
0.965201
1.70308
0.20603
2.58438
1.04637
0.336809
0.864008
1.97653
1.05973
1.40081
0.707746
0.152881
2.90932
3.37357
0.895784
1.23944
0.116543
0.0010396
0.0772962
0.193706
2.2114
0.384396
0.586812
0.210484
1.27493
0.00140163
0.454613
2.5299
2.9723
0.862117
0.531698
1.00157
0.454016
0.712394
1.78874
0.10914
1.78297
0.0874665
3.17657
0.226048
1.07789
0.713602
0.351069
1.78479
4.4424
3.42909
0.115045
0.513056
1.18752
0.693084
0.117599
2.93528
0.206376
0.728162
0.525645
0.246081
0.683434
0.574402
4.39004
1.37504
0.199644
0.154046
1.97447
2.35865
0.0660952
0.906372
1.38538
2.1383
0.505288
0.688884
0.108497
0.896194
3.83324
0.596108
0.0745072
2.05401
0.391042
2.46027
0.247465
0.843147
0.514289
0.694324
0.330321
1.82081
2.13198
1.85015
0.0519383
0.200599
0.12712
1.43768
1.1427
0.852373
0.499165
0.60617
0.966617
1.38424
1.2863
0.275786
0.736164
0.0624139
0.0029446
4.09338
0.498032
2.74972
0.591723
0.571908
1.35696
3.84464
0.47628
1.24575
0.655581
0.408129
0.32042
0.534994
2.49737
0.91701
0.437492
1.66459
0.933295
2.32791
3.59805
0.760643
0.552503
1.47248
1.61884
0.574201
1.08447
0.125118
0.567145
0.356322
1.73789
0.521868
0.633208
1.15235
0.0436082
0.626189
0.417629
0.324699
1.04359
0.131083
1.44922
0.0452547
0.85551
3.6108
0.914766
0.230527
0.436369
0.228217
0.808956
0.0971769
1.66054
0.122066
0.144559
1.66163
0.0812355
0.211666
2.25562
0.075394
1.34878
0.541562
1.55489
2.51816
4.25023
1.79636
0.432712
3.33497
0.846568
0.806903
1.6752
1.11002
0.715085
0.10171
0.0191508
0.630753
0.0774423
0.901698
0.177687
0.974609
0.880143
0.274349
1.26451
0.121354
0.316614
0.589121
0.312036
0.958351
0.0681294
1.80341
2.71122
0.582039
1.19325
0.261762
0.253063
0.159561
6.92329
1.49093
0.046466
1.72864
0.425992
0.935548
0.626826
2.34481
0.107775
0.0298398
0.123218
0.153665
0.794612
1.03707
2.26815
2.68819
2.24378
0.0136647
0.109108
0.037027
0.597058
3.22969
0.16231
1.01971
0.315028
3.41185
1.29781
2.1915
0.937499
0.414899
0.259336
0.7942
0.00112765
1.37241
0.533388
0.207853
0.25931
0.0256146
0.0951106
0.388438
0.951419
1.88119
1.42476
0.212017
3.8947e-05
0.262516
2.63613
0.181803
0.560877
0.409694
1.42525
0.124825
0.230031
0.339992
1.89969
0.221365
0.146378
1.10424
1.15216
0.397596
1.47617
0.0985677
0.647299
1.74646
0.238462
0.123107
2.6887
0.10523
0.33734
0.257065
0.781244
0.779798
1.36492
1.14285
0.582634
1.18435
1.0352
0.290172
0.0295273
2.08414
1.40093
0.0102206
0.367062
0.615779
2.87315
0.366007
0.824934
0.634822
4.36156
1.86624
0.146131
1.13775
0.73302
0.0828014
1.86028
0.610399
0.407705
0.0586982
0.455455
1.4786
0.947483
1.40003
1.45073
0.566506
0.685948
0.240604
0.32575
0.380215
0.0204391
0.460883
0.612031
0.492352
0.426337
0.0106261
1.38736
0.149621
0.412629
0.517089
0.0766659
3.38974
0.803472
1.12218
2.68773
0.568916
2.1036
0.125287
0.402604
0.401028
0.536308
1.22226
3.29961
0.766575
0.240548
0.578192
3.62662
1.90634
1.14308
3.92683
0.95762
0.836264
0.569136
1.53638
0.230284
0.871599
0.0766664
0.448019
0.368354
1.25422
1.04104
0.370328
2.29509
0.323845
1.21311
0.690553
0.370888
0.440778
0.0562544
0.872159
2.107
0.500684
0.178919
0.706805
0.192888
1.10124
5.3152
1.04983
3.46455
0.144748
0.149838
0.933877
0.53956
1.1737
1.37676
1.85266
1.01883
0.166591
0.93863
1.22444
0.317703
0.134364
0.939813
0.683491
0.0478692
0.0655985
0.513676
0.181277
0.0400923
0.38589
1.45473
0.0348694
0.0875319
0.370496
1.34424
1.43279
2.30987
0.109035
1.7355
0.906563
0.962372
0.43121
1.10204
7.58515
0.527327
0.218307
0.684681
0.605318
0.774859
0.528726
1.75065
0.861218
2.16609
3.41166
2.67445
0.156799
0.584533
0.381939
1.98767
1.67629
1.82287
0.317783
0.51365
0.202581
1.70951
0.124651
4.65927
0.452237
0.287208
0.028848
1.14947
1.24555
0.63857
0.364289
1.08408
0.643952
0.0213508
0.010366
0.417979
0.408278
0.782727
0.819412
0.160632
0.441157
0.281542
0.162342
0.438593
1.19823
0.00109509
2.03985
2.54661
0.101795
0.066531
0.40647
0.0182481
0.176962
1.35417
2.34962
0.176752
1.33964
1.80424
0.440249
2.42807
0.116296
0.765137
0.376181
0.623316
1.82448
0.0794622
0.31748
2.02725
0.0777912
3.85097
0.702414
1.93047
2.7104
0.26288
2.89604
0.382437
3.21006
0.419579
0.178651
0.955654
2.03032
1.12915
0.0336209
0.19556
0.134572
1.23173
0.666892
0.0605341
3.43408
0.884522
0.090236
0.748215
0.103862
0.200743
1.27018
0.556198
0.525695
0.32228
1.40539
1.22411
0.0154408
0.110384
0.172469
0.437697
0.0592954
0.603321
0.522918
0.213082
1.52587
0.17593
0.329268
3.77238
0.349954
0.643755
1.10425
0.958341
0.186895
0.0864643
0.0962983
1.11664
0.129767
0.0903709
0.793413
1.0081
1.51103
0.256808
0.197862
1.15666
4.06769
0.582747
2.56815
5.33373
3.13458
1.35082
0.293903
0.537897
0.490436
0.25611
0.205998
0.12165
0.387146
0.274181
0.25942
0.0378765
0.551945
0.936081
1.6558
1.39095
0.846777
2.95283
0.0575253
0.314308
1.49151
0.558318
0.740164
2.6533
1.22252
0.143696
1.21844
1.02753
1.39396
0.784132
0.97679
0.205615
1.13802
0.364151
1.11626
0.448789
0.267596
0.836224
1.25669
0.513786
1.91242
0.120596
0.662842
0.0398853
0.217292
0.446075
2.57083
0.0209538
0.418398
0.235646
0.743881
2.78562
1.2911
0.921814
0.296006
0.316744
0.959759
0.485471
0.605254
0.173531
0.173634
0.675308
0.517309
0.189363
0.344337
0.277123
0.311126
0.248397
0.00139293
0.240544
1.54976
0.796074
0.186368
0.483272
1.59553
1.99079
2.27631
0.230827
0.156371
0.0669633
0.121153
0.932385
0.178796
0.911609
2.33692
0.517185
0.421175
0.444113
0.278145
4.2816
0.350169
0.628143
1.2217
1.21925
0.637132
1.44894
0.492031
1.92323
0.235422
1.83945
0.378893
1.11401
0.716988
1.69658
0.793176
1.12389
0.281327
1.09128
0.0719894
0.156072
0.181391
1.33695
0.41065
0.938494
2.08483
0.635341
0.658452
1.97189
0.707751
0.653117
0.191877
0.142597
0.121772
1.49575
1.18871
0.611544
0.325671
0.685896
0.0441318
0.753027
1.78254
3.56945
1.96407
0.325538
1.05587
0.516741
0.316878
0.28784
0.811073
1.25911
1.88714
0.356272
0.314199
3.1467
1.59102
0.255916
0.747149
0.00817894
0.19524
0.209746
0.287996
0.436929
1.66342
0.0143695
2.19624
0.943837
2.75314
4.85446
1.35939
1.44359
0.933065
0.459981
4.00055
0.345522
2.27544
0.346711
0.43308
0.227664
1.36981
0.304486
1.13464
0.638752
1.43268
1.61479
0.673887
0.498438
0.609901
1.21771
1.1317
0.341893
1.36408
0.314971
0.505535
0.0602246
0.460937
1.47793
0.72308
1.85333
0.470361
0.526926
0.111846
0.370931
0.409682
0.238007
2.17206
0.532126
0.675079
0.0158081
0.269802
0.163552
0.181204
1.09261
0.967239
1.78578
3.28709
2.71223
2.39278
4.18424
0.96744
0.13674
0.398555
2.03569
1.117
1.05238
0.720784
0.0394392
3.67719
0.92821
0.504478
0.586068
1.15734
0.403301
0.52937
0.0359551
1.8316
0.0607376
0.733667
1.78857
0.543063
2.52116
2.35968
0.161499
1.43825
1.43681
0.760959
0.978872
2.50008
0.827352
0.0829436
0.362988
0.523708
2.4811
1.09532
0.0980891
0.0760717
0.0711459
0.241349
0.23242
1.66148
0.0231365
1.55165
2.81935
1.59911
0.414202
0.992205
0.163425
0.42034
2.24727
0.662291
1.96789
1.54367
1.68545
1.6106
0.886481
0.964849
0.540063
0.0677822
0.346665
0.759031
1.78681
0.898331
1.36869
0.824357
0.24944
1.69785
2.06395
1.43402
0.690645
0.427028
0.137255
0.42129
0.287143
2.29645
0.897778
0.470179
0.197029
0.524405
1.08817
1.49211
2.36819
0.498698
0.675232
0.400594
0.0314834
0.614077
0.587529
0.0545899
2.29162
3.44962
1.62451
1.28038
0.146848
1.45061
0.810628
0.832169
0.246442
0.965804
2.53766
0.77079
1.29212
0.0684293
0.336444
0.978067
1.47872
1.39857
0.315463
0.267316
1.38325
0.610795
0.22095
1.12338
0.112685
1.44194
0.288177
0.54633
0.987002
0.166376
3.53655
0.856326
0.484143
3.14622
1.39041
0.576052
0.452092
0.634103
1.20323
0.0889915
0.365615
0.493377
0.593666
1.07146
0.572853
1.51968
0.581032
1.03471
0.0411781
1.63156
0.0512467
1.25338
1.93775
0.832661
0.173267
2.51029
0.426206
0.548648
5.38974
1.42849
0.972267
2.38898
3.48505
0.532731
0.109947
1.80687
1.16908
0.13338
0.537587
0.0935268
0.831248
1.32917
0.213465
1.21831
0.384604
0.705851
1.83437
6.01957
0.0751833
1.5219
0.378056
0.380964
0.724179
4.2493
1.35534
0.288764
0.249204
0.311772
1.33222
0.527875
1.13209
1.47922
0.283517
2.34271
1.05043
0.935101
0.155934
2.09278
1.07982
1.00591
14.5694
0.951536
0.679128
0.170458
2.16818
0.209697
1.12559
0.615888
1.661
0.0329666
2.36504
0.355035
1.08512
0.684495
1.49166
0.370097
0.497307
0.0467654
0.174089
1.32878
0.603082
0.512824
0.06928
1.17205
0.2581
0.301978
0.0817154
1.13893
2.17521
0.610216
2.84629
0.862962
1.18246
1.97849
0.17355
0.547885
0.88023
0.376424
0.00965857
2.91668
0.788102
0.959661
0.746906
2.58402
0.104935
0.477582
0.207586
0.272954
0.934247
0.527756
0.0224931
1.48701
3.21113
0.986232
0.573769
0.416862
0.0860972
0.232027
0.229527
2.026
0.108712
3.08694
0.00396849
0.138235
0.332078
1.81976
1.50504
1.41551
0.628889
0.217182
1.23192
1.20186
1.43547
0.479095
0.0794636
0.690522
2.18866
0.67442
1.59775
1.4629
1.9549
0.331125
0.978931
0.336283
0.950351
0.370046
0.234564
0.969783
0.597469
0.996563
0.662765
2.72099
1.20373
2.32048
1.12519
0.310078
0.469482
0.254011
0.160935
0.884174
0.45822
0.528394
0.0546487
0.239396
0.517413
0.246283
0.0458351
1.17124
3.58989
0.273988
0.66363
0.554809
2.39008
0.298703
0.496236
0.594933
1.12363
0.916737
0.827189
1.11071
0.570457
0.0121969
0.0815765
0.778851
0.112412
0.505124
0.739648
0.629557
0.33388
0.00245893
0.771199
2.26763
0.463421
1.68558
1.14936
0.482502
2.10272
0.77667
0.14545
1.53024
0.85006
0.0981599
1.72689
0.372557
0.234595
0.52719
0.757753
0.45644
1.26305
0.0309365
7.50863
1.35999
4.01657
1.34659
1.03308
0.224102
0.376348
1.47143
0.577885
1.83776
0.210543
0.2351
0.501743
2.48094
0.339535
0.460136
0.728345
0.431001
1.672
0.517839
0.255223
0.772873
2.53266
0.685634
1.03407
0.0835174
0.0757332
1.30147
0.78987
0.773756
0.565354
0.626592
2.06688
1.46109
0.315951
1.66659
1.24185
1.57127
0.827597
0.725115
0.586516
1.24672
0.845103
1.75334
2.36594
0.135676
0.0393564
3.66433
0.149723
0.771482
0.413459
0.760498
0.524449
0.123127
0.159142
0.799292
0.401375
2.07415
0.958506
0.229196
0.0793728
0.160774
1.79436
0.842683
2.1249
0.940043
0.144185
2.43969
1.02633
1.0487
1.14101
0.635473
1.18637
1.0472
2.38108
1.61584
0.485422
0.873632
2.66888
0.380066
1.02535
2.13138
2.28725
0.234568
0.131587
0.0815652
0.38144
0.607159
1.58108
0.21633
0.651087
0.790634
0.0874053
0.190407
2.00039
1.49604
0.711445
0.0223917
0.694135
2.17796
0.195851
0.249736
0.0644072
0.300494
1.23426
2.67328
1.09696
0.222759
0.678335
0.814482
1.81522
1.24762
2.69385
0.29786
0.845428
0.0627995
0.463588
0.611613
0.948409
1.21296
0.206202
1.27642
0.371768
0.729409
0.460527
0.378559
0.502466
1.46384
0.599436
0.357846
1.96072
0.86028
0.855753
0.352772
0.366177
5.67852
1.59188
0.635027
0.79249
0.684583
0.362724
0.710837
0.318247
3.68909
0.698694
0.112028
2.5848
1.28096
0.0133618
2.24316
1.09343
0.0328461
0.368926
0.0816116
0.0423384
2.54743
0.555067
1.38798
0.976885
0.63044
3.65015
0.980737
1.38843
0.0622685
0.386727
1.66801
0.682359
0.274807
1.21606
0.189023
0.0144627
4.57502
0.225606
0.455301
0.457237
0.317167
1.05893
0.283447
0.50408
0.480485
0.175843
1.87012
0.0353044
0.153226
1.33768
0.790389
2.47448
0.235671
0.995924
1.2081
2.09383
0.744313
0.29557
0.104918
0.324663
0.300862
0.579185
0.233133
0.128212
0.236962
0.631339
1.36774
0.0970356
0.448615
0.93921
0.141897
1.34387
0.00446499
0.202361
2.24792
0.205394
0.236643
1.04381
2.03933
1.83726
0.172624
1.08012
1.25525
0.363193
1.29965
1.45863
1.74975
1.63804
0.396302
1.13197
0.675304
1.02443
2.81646
0.485549
0.483083
1.10462
0.306592
0.663178
3.04968
0.58279
0.439745
0.817324
1.68635
0.311813
1.16575
0.77889
2.00498
1.14839
1.13304
0.884269
3.50618
0.770627
1.99782
0.546076
0.0900138
0.342802
0.888545
2.21451
0.565166
3.96069
0.706052
0.0823661
1.07228
1.20966
0.0912307
0.720603
0.216598
1.84138
0.970983
1.52379
0.373253
1.21512
0.917653
0.102052
1.10379
1.43338
1.84701
0.569781
4.04415
0.528842
1.35713
0.0181385
0.0187065
1.82864
1.15026
1.49515
0.965489
0.0253075
0.208909
0.739146
0.70105
2.18508
3.1802
3.69614
1.13097
0.821448
1.10597
0.164837
0.782872
0.566109
0.446476
0.713235
0.270991
0.128059
0.816347
0.74816
1.44245
0.747064
2.17459
2.31676
1.12019
0.685577
2.71094
1.0126
0.283275
1.59485
0.551786
1.99823
0.252975
1.98309
0.4206
0.204935
0.821872
0.380597
0.460793
1.32005
1.10067
0.179916
1.51952
0.277181
0.0209545
1.89795
1.08056
1.01611
1.00236
0.561596
0.937775
0.655176
2.07061
1.78855
0.0477702
1.85842
1.45586
1.08756
0.370821
0.947372
1.63703
0.0179864
1.51367
2.17533
0.216475
0.304135
0.0696903
0.318121
0.389446
0.169997
0.286407
1.23485
0.361399
2.81651
0.189877
0.860999
0.145638
0.343407
0.371377
2.00527
2.56456
0.0312409
0.311457
1.80379
1.14735
0.330375
0.312834
0.0213075
0.650714
1.37736
0.363276
0.671971
0.505668
0.0381887
0.888121
0.677743
0.908808
0.633936
3.9226
0.291786
0.233708
0.871498
0.643115
0.430544
0.0307394
0.583434
0.172297
0.974749
0.105588
0.813037
0.628438
1.35077
0.763879
0.551711
0.766308
0.615118
0.372326
0.0672892
0.148283
0.697987
0.914803
1.34829
0.600389
0.194865
3.72346
1.82937
1.88617
2.15326
0.894702
3.37883
0.428314
0.239818
1.03636
1.02587
0.41176
0.287456
3.53722
0.0326155
2.38978
2.55157
0.216976
0.746154
1.13258
5.25529
1.71461
2.5988
0.475301
1.59869
0.181808
0.141669
1.65268
0.878793
2.08449
0.425621
5.0458
0.0238352
0.737557
0.73991
0.678099
0.985834
1.22894
1.18928
1.4213
1.32244
0.227028
0.281158
0.110298
0.190583
0.751392
0.865157
0.136217
0.0940109
1.2033
0.313772
0.175312
0.0837307
0.565373
1.06194
0.424039
0.345268
0.116887
0.282082
2.8142
0.183378
0.874132
0.078725
0.472159
3.73799
2.12665
0.125794
2.53924
0.18976
0.0647732
0.0657973
0.552535
0.107674
0.794364
0.790815
0.0832099
0.0374656
1.15279
0.200369
0.117613
0.493587
0.504165
1.69099
0.411548
2.62756
0.144619
1.56797
0.379957
1.01024
2.95408
2.87609
1.02586
0.893064
0.353444
1.89499
0.972474
1.7611
1.13513
0.804271
0.344866
0.0980309
0.745502
1.23422
0.134838
1.9935
0.244101
1.30137
0.199106
1.89401
4.95023
2.47182
0.207966
2.293
1.0208
0.833274
0.988988
2.38673
0.0702892
0.123822
0.47739
2.02762
0.268926
0.50165
0.550551
2.6863
2.00067
0.147901
0.883815
0.79993
0.36119
1.43743
0.835854
0.0249041
1.73597
0.0503965
1.52352
1.22173
0.234411
0.198964
0.0164853
0.966211
0.314269
0.926801
0.783885
0.300561
0.00449524
0.435627
0.700768
0.00831231
0.601875
1.67357
1.89911
0.358161
0.53175
0.167318
0.171493
1.45553
0.81421
0.946368
0.108755
1.24235
3.16089
3.10769
0.383053
0.389687
0.91488
0.917344
1.0624
1.12709
0.518287
0.088726
0.651925
0.244075
3.70251
0.945991
0.55755
0.0130215
0.682766
0.172646
1.58746
0.245086
1.3521
0.794612
0.533246
0.331745
0.283907
1.71131
0.0464074
0.490973
0.568216
0.400203
0.00103399
3.83021
1.53299
0.0197049
0.347396
0.56327
0.523827
0.0723104
0.206534
1.36733
1.58876
0.493502
1.82327
0.221349
0.350535
1.08105
1.35953
0.740562
0.399683
0.626179
0.303189
0.131608
0.246958
1.78663
0.517212
1.59609
0.942853
0.869804
0.897681
0.66707
2.21698
0.5738
0.0160252
1.23979
0.0591248
0.0865499
1.32416
3.10855
1.08494
0.249841
0.642991
1.18636
0.786207
0.206825
0.427744
0.909884
2.48087
1.11756
0.020855
0.663338
0.350739
0.313367
0.53166
1.2767
0.0418219
1.02483
0.247454
2.33951
0.830511
1.12118
0.898726
0.349087
0.53141
0.499349
0.859266
1.00456
0.596064
0.247836
0.608076
0.609196
0.742244
0.722932
0.459567
0.427194
1.93618
0.671421
0.439576
1.09885
0.678905
1.0019
1.47498
0.0174431
1.12035
1.31971
0.901472
0.564297
1.28766
0.384075
1.99412
0.00324418
1.47805
1.30239
0.12751
0.206076
0.708581
1.29592
0.648853
0.922753
0.448821
0.363621
1.156
2.89218
1.34131
0.734247
0.238084
0.143496
1.12404
0.513183
2.58867
0.891607
1.69384
0.645505
0.256873
0.421892
1.31179
0.677792
0.398406
0.400725
0.0810346
1.40145
0.985776
2.99951
0.261628
0.0143865
0.742631
1.35875
1.92743
0.362728
0.567374
0.594665
0.406094
0.019866
1.06568
0.0983467
0.536277
0.108328
0.233392
4.51783
0.227443
1.18637
3.27086
0.162352
1.11969
6.18482
0.614717
0.0617288
1.54
0.937241
2.44076
0.892567
0.8758
1.74268
2.22949
5.15591
0.38496
0.8968
0.584036
0.326035
0.993297
0.142387
0.724937
2.4404
0.723392
0.0021388
3.14828
0.174574
1.39984
0.482701
0.551058
0.900942
0.266956
1.4928
1.91263
0.443661
0.518597
1.57202
2.17809
3.96051
1.86635
0.184351
0.321272
0.142133
0.245281
0.133079
0.0869656
0.822041
0.193461
0.437204
1.66102
1.72778
0.0394835
1.13078
0.64514
1.10571
0.236729
0.160621
1.04735
0.957475
1.25395
0.634915
0.548426
2.8802
0.370899
0.0559337
0.924186
0.0490498
0.16545
0.229621
0.172208
0.87774
1.65634
0.768703
0.0914001
0.668668
1.2757
3.04928
1.33479
2.00131
0.48242
3.47565
2.16137
0.843271
0.040702
1.22773
2.86996
0.554411
0.691397
0.0635577
0.136283
0.677391
1.01716
3.46002
0.759956
0.300989
1.19856
1.257
0.68419
0.550835
1.66494
0.382046
0.551012
0.0310858
0.281331
0.289047
0.152028
2.04822
0.374801
0.87942
1.2508
0.455175
4.06611
1.28472
0.323548
1.5425
0.305691
1.08882
0.727999
0.12724
2.47058
1.04807
1.38656
0.563868
1.63139
0.298949
1.37898
0.263475
0.212092
2.1197
0.278395
0.857743
1.09565
3.00347
4.29918
1.48847
1.33292
0.849346
3.62504
0.628656
1.90019
1.69107
0.776899
0.0523393
1.66699
0.302563
4.18034
0.195263
0.134852
0.800183
1.31009
0.214755
0.2352
2.03924
0.250383
0.604161
2.80826
0.794666
0.303953
0.911664
1.27393
0.187994
1.07549
3.10029
1.32059
1.17902
0.412965
1.42242
1.59155
1.12949
1.41281
2.55805
0.570977
1.47783
2.13697
0.825554
0.159338
0.252409
0.589789
1.26718
0.15296
0.433587
2.3314
3.1884
0.18881
0.983154
1.32351
0.568019
1.11363
1.21326
0.996719
0.0665524
1.59339
1.13467
1.77587
1.63568
1.56628
3.03093
0.861273
0.221533
0.442361
0.695496
0.585259
0.0586557
0.616543
0.00258359
0.165103
0.165208
1.16665
1.52829
0.878228
2.87838
0.555282
3.3732
2.09274
0.0477038
0.757447
1.64897
2.01122
0.335084
2.59445
1.85014
0.854508
0.805811
1.4631
0.379738
1.62374
0.823487
0.115302
0.0312823
0.23406
2.92631
1.75194
0.26681
0.184778
1.4963
0.115116
1.83788
0.289191
0.659755
1.85605
0.0872877
2.10454
1.20112
0.506196
1.10799
0.998828
2.83984
2.52604
0.662916
0.277147
1.96325
0.310592
1.27034
0.523457
1.57967
2.29113
0.877802
1.4572
0.228428
2.02987
0.254836
0.397312
0.591052
1.24839
0.610887
2.45276
0.225382
0.34695
0.0400451
0.578849
0.293331
0.424968
0.842577
0.5506
0.435701
1.11502
0.110566
1.54356
0.926802
2.45776
0.279898
2.88461
0.813431
0.213884
1.97006
0.109517
0.282275
0.308806
1.3008
1.42981
0.868975
0.335676
2.88718
0.207616
0.319686
1.75094
2.69926
0.549086
0.0114009
0.0427433
1.13615
0.421507
1.11408
0.208975
0.248507
0.0149425
0.636628
0.171274
1.52811
3.9262
0.195875
0.151
1.14036
1.16176
1.02417
0.44846
0.679391
4.98818
0.444923
0.654623
0.343145
2.05601
1.1383
0.54356
1.95792
0.15793
0.301427
0.045248
0.0434135
0.475333
4.3459
0.401286
0.433946
0.101016
1.3884
2.09247
1.14041
0.260357
2.95197
0.409854
0.129633
0.150396
1.52496
0.601122
0.0307439
1.37911
0.320458
1.49365
0.268542
0.0968157
0.186193
0.257941
0.0748058
3.10397
2.06666
1.16317
0.0700347
0.000320703
0.22997
1.05156
2.05811
1.83148
1.50294
0.444996
0.961191
0.925113
0.603659
0.00402426
0.34177
0.730784
0.927691
1.38611
5.62608
0.98282
0.498888
0.199329
3.20051
1.06674
0.296726
2.34086
0.835534
0.0689011
0.265198
0.978135
0.654625
1.90133
0.124771
0.0682332
0.34333
1.20263
0.190397
0.280468
2.93449
2.69464
2.03767
0.320102
1.31169
3.08477
1.09466
0.159427
0.00884813
0.371158
0.279017
1.12481
1.72628
0.309501
1.63434
0.605183
0.680961
1.00979
0.653387
1.39491
0.0672022
1.75136
2.20087
0.511745
0.333161
0.122777
0.118238
4.67901
0.0881029
0.586546
0.471697
0.247439
0.946877
1.60256
1.47632
0.407481
1.0366
3.07419
0.00625585
0.0849235
0.284351
0.122676
0.180462
5.79651
0.167085
0.313039
1.15901
0.876304
0.109847
1.68539
0.0925859
2.10658
0.555326
1.40874
2.04021
2.31019
1.42474
0.301635
0.550421
3.05195
0.0846814
0.178448
1.02866
1.6651
0.0685538
1.63913
0.521189
0.750192
0.343692
1.58376
0.645443
0.377824
0.884738
1.03888
0.157997
0.322188
1.68052
0.0185866
1.24766
0.746323
2.70651
0.201777
0.441291
0.434429
0.284549
0.848619
0.269153
2.32751
0.282428
0.681852
0.844705
1.55296
0.290042
0.483388
0.641882
1.26795
0.0404896
0.0124483
1.26082
0.977732
0.129042
1.96642
2.75288
2.90368
0.51876
2.77647
2.10525
0.0100945
0.774943
1.41341
1.57326
0.529051
0.19513
0.375274
0.318227
1.08528
0.8967
1.72911
1.06034
0.299379
0.0907501
3.813
0.0671413
1.09418
0.21175
0.63135
1.15031
0.348611
0.130524
2.21415
0.656233
1.14445
2.7749
1.07197
0.567502
1.81381
0.500296
0.657067
2.02109
0.102489
0.170352
0.155867
0.468507
0.153958
0.945236
1.82245
1.79287
0.831969
0.387549
0.00954524
0.0067001
0.444969
3.76034
0.876879
0.543642
1.43946
0.55643
0.289734
0.981905
0.360663
1.34921
0.370045
0.416695
5.54746
4.30842
2.20346
0.426502
0.123685
4.11446
0.453552
1.58783
0.664033
0.323643
1.2257
1.83864
0.0725685
0.309204
1.16458
0.0561763
2.14144
0.228962
0.431213
0.420639
0.530395
1.22666
0.181165
0.118575
1.05017
1.40356
0.04894
0.00570282
0.290463
1.52109
1.47498
0.0365682
0.679035
0.397385
1.05713
0.489289
4.49369
1.07599
0.538505
0.417154
0.0215226
0.720796
0.175089
5.01728
1.29575
0.288156
0.0824336
1.15871
0.280471
1.6134
0.186424
0.174768
0.785765
0.364604
0.405834
0.720557
0.439388
0.893692
0.0471545
0.330974
0.348948
2.0161
2.42658
1.93497
0.837713
0.65301
1.47895
0.534346
2.08965
0.192517
0.453389
0.619412
0.688931
0.261285
0.988149
0.952521
1.0249
1.293
0.313385
1.02851
1.48787
0.119532
2.61903
0.0221396
1.30044
0.869151
1.34297
1.4996
0.145661
0.440492
0.0921294
1.04162
1.19712
0.320166
0.291051
0.351884
0.460491
0.405676
0.313856
0.111871
2.07431
1.11901
6.11419
0.148976
2.2207
1.61335
1.29358
0.13013
0.250262
0.0253445
0.0651956
0.153626
1.27504
0.0161595
2.04676
0.724404
0.728727
0.0596257
2.01087
1.15164
2.75015
2.08626
1.75804
0.920703
2.17743
0.706393
0.242174
2.7224
0.759425
0.425482
3.23003
0.605979
0.755706
1.18745
0.41061
0.865607
1.59777
0.519036
0.789621
0.370132
1.21305
2.5778
0.0852495
0.820494
0.0376564
0.618882
0.404677
0.782168
0.961679
0.383542
0.403885
0.610601
0.799828
1.64478
0.320477
0.115305
0.0552822
0.719352
0.495023
0.699862
0.430693
0.00383711
0.209354
0.105568
2.83123
0.0972063
1.6743
2.16181
0.0635214
0.412049
0.719108
0.183356
0.188237
0.0592787
1.53436
4.22583
2.33304
0.597306
1.05122
2.93594
0.305941
1.33222
1.18674
0.752643
0.64034
0.0932539
1.26626
0.411586
0.419944
0.805154
0.0702199
0.2115
0.504597
0.81162
1.17405
0.697476
0.188163
1.83823
0.603936
0.192546
0.924688
1.88368
0.134021
1.59423
1.07153
0.666024
0.290559
0.692571
0.214763
1.51688
1.28687
0.64752
0.553338
0.942795
1.45548
0.321372
0.589541
0.539806
0.0401143
4.62311
0.918039
1.25103
0.0207596
0.14866
0.892865
0.029613
0.899404
2.8904
5.02266
1.36713
0.0817678
0.193384
0.578544
0.689215
0.874549
0.516673
0.350363
0.529982
1.29942
0.170408
2.21336
0.856329
0.229162
0.0878063
1.77622
1.20757
0.579749
1.22159
1.21365
1.34203
0.508617
0.246679
1.20211
0.076246
0.798628
0.171071
1.23569
0.713997
0.785108
0.47504
2.88651
0.0499584
0.694837
0.310767
2.28168
0.0485419
0.345527
0.479643
0.819127
0.0385121
2.42349
1.13403
0.589297
0.848415
0.384541
0.821993
1.67396
0.172467
0.0164098
0.126878
2.42082
1.48665
0.374145
0.131041
0.562372
0.719924
1.54875
1.06069
0.420068
1.21485
3.74018
0.104696
1.22614
2.78974
1.33321
4.8995
0.032018
1.96418
0.298436
0.652648
0.828679
0.880438
0.020894
1.9667
0.0817619
0.216718
0.388953
0.707624
3.48575
1.923
0.0471335
1.26945
1.61656
0.819615
0.113912
1.8197
3.37613
0.19676
0.29202
1.44456
0.352381
1.42811
0.702606
0.305764
1.64933
2.9833
0.251164
0.0295685
0.252616
1.79249
0.441822
0.0605634
0.57658
0.596573
0.915416
1.16442
0.033045
0.506216
0.881361
1.0291
1.05732
0.114197
1.12362
0.205809
0.692754
0.0158141
1.44871
0.230953
2.25492
0.887445
1.12181
1.21145
0.578739
0.488058
0.606074
0.267118
1.0218
0.309503
0.0424474
0.963061
4.51304
1.93482
0.680921
0.562169
1.4805
0.709427
0.0967253
0.180421
1.44799
0.32436
0.384853
0.589123
0.315847
1.69965
0.689533
0.244115
0.803295
0.77114
0.149392
0.0359328
1.75023
0.497283
0.0611965
0.381782
4.98789
0.243764
0.741457
1.4754
1.6112
2.59462
0.172073
0.611917
3.70054
1.5094
1.01971
0.329114
0.137006
0.869044
0.187118
1.90383
0.0933868
0.628125
2.57494
0.141242
0.536733
3.89355
2.56637
0.0200543
1.03336
0.936671
0.827097
2.84854
0.824014
1.49478
0.0322562
1.98878
0.320113
0.630106
0.861319
0.0509789
1.39178
2.45143
1.06715
0.0557718
0.164383
2.56893
1.39924
0.205691
0.978108
0.0321248
1.7298
0.116937
0.300276
0.349302
3.76622
3.60243
1.63981
0.961495
0.0399403
1.49505
0.0171671
0.573573
1.82648
1.52704
1.83752
0.729627
0.545078
3.78501
2.06297
1.98451
0.859615
0.732905
1.62064
0.183118
4.56896
0.771653
0.221683
0.104811
0.888073
0.234379
0.895207
0.744298
0.21803
0.0762703
0.00161405
1.29154
1.91588
2.86271
0.0587952
0.106451
5.34277
0.0560474
0.862421
0.96444
0.939099
1.1059
1.07409
1.1738
0.113716
2.0585
0.336112
1.76477
1.01573
0.91273
0.52718
0.628008
0.274377
2.74383
0.0972979
0.170387
0.476295
0.873344
0.354955
2.60496
0.223624
0.367178
0.672394
0.0657296
3.65656
1.22959
0.306456
2.01408
2.17196
0.218935
1.22473
1.72768
0.113005
0.842912
0.158261
0.0126241
0.147
1.33699
4.16929
3.47492
0.256732
0.226205
1.60886
0.262694
0.476914
2.39468
2.14071
0.0554544
0.525671
0.653315
1.37294
0.434975
2.03223
0.220667
0.308975
0.585047
1.19258
2.91239
0.526556
0.771849
0.157056
1.06179
1.40653
0.680015
0.351385
0.68878
0.031441
1.87631
0.0785397
0.431509
2.81103
1.64453
0.659634
0.116231
2.40484
0.241191
0.784639
2.95276
1.09285
0.606511
0.62889
2.03985
0.763173
0.46776
0.644889
0.0445551
0.115238
0.0822322
1.74849
0.00780405
0.893416
0.583537
0.592678
0.346315
0.284776
0.88874
0.494537
0.337142
1.07337
1.9058
1.01674
2.32764
0.872489
1.63448
1.14609
0.178727
1.04826
0.0982412
0.375636
0.0313083
1.39986
1.86274
0.19991
0.616837
1.57606
0.440289
0.527256
1.95237
1.86204
0.357831
1.46632
2.41867
0.0697368
0.746851
0.122151
1.06254
1.4714
0.401123
1.39677
2.90693
0.89137
0.320233
0.833417
0.0318193
0.238885
1.06889
1.73933
0.370358
0.663469
3.23501
7.62141
1.35437
0.0446383
0.190354
0.272951
1.2852
0.220742
3.27958
1.6786
2.17619
0.1099
0.437621
0.381503
1.10544
0.136927
1.11116
0.0395013
0.200822
0.817025
4.08823
0.203673
0.941498
1.4721
2.29071
1.43486
0.0698982
1.95077
1.90644
0.447018
0.630945
0.416177
1.23895
2.85594
1.8995
0.849985
0.0185964
0.667038
0.0107111
0.0393881
1.57546
3.4732
1.77724
0.0258068
3.88521
0.0624188
3.18097
1.50835
0.516716
0.104722
0.516325
1.51089
1.07008
0.891858
0.0727677
0.305911
1.01799
1.17645
0.674294
0.845408
0.720659
0.0501663
0.279936
1.72429
0.396392
1.67796
0.432684
0.320272
0.321323
2.47927
1.39508
0.460349
0.199549
0.599579
1.54554
2.32818
1.42583
0.577463
0.129606
0.289627
0.00944749
0.107352
0.0808496
0.716838
0.140842
0.0306014
2.20054
0.817656
1.50468
0.0321868
0.906064
0.19192
0.722172
2.92082
0.641471
1.42451
0.0740764
2.60074
3.39553
2.65273
0.455483
0.75483
1.35515
0.253867
0.140708
0.0326894
2.21966
1.50264
0.283588
0.547067
0.700722
0.403736
0.0418315
0.241575
0.359834
0.540175
1.21779
0.166047
0.113012
0.595558
1.98374
0.873953
0.468136
0.608419
1.94636
0.753405
0.921595
0.0754748
0.82487
0.812636
0.11339
0.376918
3.8482
0.0966319
0.713063
2.38866
0.531346
0.429234
1.14515
3.89022
1.9534
1.73094
0.137243
0.713314
0.256299
2.51219
0.866712
0.116839
0.0652697
0.0123219
0.751843
0.651388
0.272854
0.576461
0.911425
1.60117
0.411487
3.04073
2.3485
3.06883
1.42064
0.31513
0.352155
0.770512
0.38972
1.43198
1.50383
0.432893
1.57207
0.39181
0.180698
0.939063
0.790951
0.28697
1.22349
2.92246
1.48923
0.62352
1.87768
0.249246
0.200855
0.308666
0.918369
3.2731
0.276213
0.528852
0.134691
0.30966
0.641735
0.569422
0.768343
0.463093
1.85672
0.297583
0.0567955
0.867853
2.42976
0.929314
0.00393066
0.773325
0.558174
0.426669
0.914553
3.38134
0.281339
1.13691
3.96162
0.306388
0.0860691
1.77798
0.625826
0.167063
0.271892
1.41357
2.06249
0.844932
0.0285277
1.26304
0.527607
0.139599
1.25438
1.51837
0.550099
2.2493
0.00113325
1.12105
0.279233
0.0273677
2.0402
0.000363768
0.012002
0.00781082
0.504747
0.240061
4.0864
2.59308
0.0888637
1.12347
0.534305
0.171605
1.81147
0.229529
0.185334
0.788186
0.810755
0.654533
0.0441391
0.67566
0.0671769
2.53205
0.247168
1.83016
2.50664
0.0401211
4.27176
1.8456
0.0968604
5.15491
2.0464
4.87002
1.42491
2.43325
1.22277
0.543207
0.480983
1.70926
0.302138
0.295117
0.487178
0.260839
0.221099
1.73629
0.723765
3.08372
3.90733
0.527759
0.844583
2.65066
0.899015
0.170992
0.298656
0.139132
0.848052
0.579238
0.110151
0.334202
1.21019
1.3551
0.266459
0.45811
0.445854
0.279126
2.71899
0.0615099
2.04168
0.215076
0.703766
0.957619
0.265937
2.16509
0.544612
0.281535
0.955362
0.236548
0.340012
0.124162
0.0794538
4.41986
1.71256
1.74805
0.00541092
0.788718
1.33025
0.614222
2.12478
0.570472
0.653568
0.771792
0.693394
0.128695
0.316775
4.23119
0.322393
0.731406
0.535148
3.25783
0.0613722
0.251528
0.364589
1.74067
0.204628
0.119067
3.03428
1.03344
1.28361
0.0935659
0.381316
0.505044
0.991634
0.334351
3.08538
0.266297
0.843929
0.0487273
0.323006
1.35209
0.365258
0.100881
1.34763
1.73504
5.48795
0.935497
0.165571
0.607754
0.722619
0.0406588
0.338799
2.01404
0.841248
1.04204
2.0233
0.512366
0.243763
1.42654
0.793996
0.119129
0.481635
2.89799
0.598194
1.09518
0.901359
0.363939
1.49043
0.0567927
1.48786
2.38788
0.489911
0.701699
0.389763
0.241716
1.02475
0.431655
0.816973
0.448872
0.220483
0.201385
3.0644
0.249597
0.990492
0.833784
0.680559
1.23744
0.106384
1.45452
0.3451
0.325502
1.08425
0.64791
0.963631
1.16331
0.385233
3.67834
0.631558
4.51439
0.342877
2.39933
0.328167
0.269884
0.0331609
0.223273
0.685985
0.35858
1.86893
1.78435
0.242215
1.70343
0.31607
1.42128
0.821192
0.848569
2.97089
0.0909876
2.07781
1.11616
0.177913
0.346007
5.75096
1.5543
0.678598
1.25828
0.384421
0.204016
1.80058
0.0753422
0.00581416
1.79106
1.61995
0.500057
0.665576
0.882631
0.00526019
1.1886
0.63617
0.260064
0.0450176
2.76448
0.500294
1.40407
1.87556
0.447567
3.37776
1.60058
0.177823
0.320862
2.64402
1.65271
0.0358963
0.783378
0.00522383
0.0825218
0.958934
0.917639
0.310759
0.946627
0.077221
0.5642
2.25121
0.242001
0.00943862
1.305
1.13385
0.112683
3.03548
0.0179008
0.181956
0.390248
0.425567
2.06668
0.686628
1.13625
3.79866
0.16926
0.687453
0.0988788
0.0874248
0.285409
0.454806
0.62268
0.280693
0.323705
0.299462
0.771482
0.49819
3.53153
0.713794
0.986288
0.86173
1.51675
0.502793
0.525845
0.149838
1.54333
1.43689
0.30502
0.0455977
0.447941
0.211442
2.26206
3.02203
0.111497
0.378933
0.770202
0.173038
1.24742
1.10652
1.0034
0.575631
1.38097
1.55588
0.206519
1.32818
0.227438
1.94523
0.0365038
0.1495
1.03013
0.0690072
0.447735
0.034175
0.163158
2.78436
0.356108
0.104511
0.688385
0.881358
0.137914
0.356979
0.427352
0.611225
0.2564
0.0871711
0.227076
0.324681
1.34463
0.0967246
0.553603
0.152034
0.292472
0.519154
0.450047
0.208523
2.68607
2.16929
0.700651
1.07334
1.41341
0.0921532
3.03035
3.3921
0.263264
0.460248
0.545448
1.1582
1.5542
1.06414
1.04312
1.85694
0.284528
0.797976
0.797307
0.0188787
4.1916
0.23538
1.73775
0.75628
0.712985
0.426604
2.78586
0.138999
0.410825
1.14881
1.0002
0.713568
0.400988
1.14
0.106382
0.893209
3.41783
0.116362
2.55696
0.988994
0.859176
0.265854
0.4726
0.0534238
2.28352
0.992079
0.0518141
0.849246
0.0665084
0.0564907
0.308047
0.113583
0.111321
0.744365
1.76773
2.0013
0.807793
2.5574
0.883469
0.339424
2.1666
0.0755407
0.0499602
0.386496
0.0328389
0.0219087
1.18457
1.12839
1.33449
0.23723
0.0823851
0.850139
0.113607
2.16756
0.325771
0.202842
0.840477
0.134261
0.114114
0.255637
2.63354
1.48573
0.8146
0.493738
0.104562
1.24825
0.756724
0.628425
0.04974
1.21591
1.81702
0.0404989
1.57153
0.889911
2.59914
0.800251
0.127501
0.220847
0.79445
1.44503
0.916812
1.65112
2.14362
0.63923
0.202061
0.64351
2.64738
0.517409
0.165655
1.49554
1.3877
0.417892
1.09418
0.320298
0.788416
0.561755
1.7032
3.93805
0.0754192
0.716717
2.96638
1.71923
1.36012
0.478376
0.367741
0.100048
0.171167
0.399832
0.889367
0.683862
0.0422338
3.66672
0.183157
1.47755
1.63147
0.766781
2.3387
1.28203
0.302693
0.95734
0.927359
0.00965571
1.43465
1.56791
1.27763
0.351937
3.18681
0.454117
1.07419
0.453424
2.889
0.899632
0.963662
2.35191
0.51397
0.143445
1.20657
0.611783
1.96113
2.31893
2.35076
3.17374
3.54151
1.9274
1.12871
0.283972
0.0297794
0.258805
0.0259386
0.00404347
0.54585
1.10079
0.450729
0.428417
0.665673
0.958377
2.08446
3.35902
2.88846
1.5679
0.2432
0.375891
0.98747
4.26751
1.52019
0.275247
0.550608
1.11979
0.123504
0.259783
2.22414
0.999016
0.972966
0.357838
0.959822
0.281728
0.681874
0.282591
1.58811
0.400444
1.19218
1.74027
0.456092
1.12398
2.68672
1.28426
2.48804
0.596838
0.742491
1.03809
0.145721
1.97807
0.478356
0.777728
0.469532
1.36843
1.55205
1.71567
0.521861
0.11025
0.984652
1.89666
0.309246
0.0998711
0.0850776
3.35736
0.827666
1.96512
0.821491
0.0132468
0.453343
0.398368
0.00940275
1.1943
3.6153
0.374534
0.168621
1.68269
0.187054
0.741203
0.762097
0.606516
3.76072
0.895684
2.10877
0.166303
0.130116
1.0346
0.234399
0.347189
0.54772
2.32582
0.652688
0.475859
0.566809
0.291549
0.189734
0.396887
0.321601
0.84231
1.49954
0.180103
0.97672
0.159074
0.476537
0.540664
1.03581
0.0582296
0.205871
0.537312
0.417354
0.308797
1.09369
0.534665
0.365187
0.47899
0.305751
0.0541471
0.762424
2.90181
1.3577
1.70038
0.697011
0.0191726
0.778527
1.34578
0.605817
1.25555
0.184988
0.0557366
0.578374
0.518237
0.422978
0.923435
0.390203
0.234933
1.3373
1.34175
0.570606
0.505091
0.166349
1.73398
1.34317
0.648833
0.845025
0.296874
0.218293
1.34739
0.423197
0.940348
0.19717
0.00511712
0.595713
1.63379
0.15315
0.588864
2.70806
0.691293
0.0617798
0.0917972
0.997081
0.928106
0.0572523
0.307936
0.0457416
0.223603
2.91556
1.83824
0.797547
0.5816
1.11375
0.00253869
0.73703
0.281333
0.715948
0.105115
0.438997
2.11463
0.0549405
0.268069
0.072927
0.944674
1.8617
1.28464
0.353556
0.843078
1.63628
0.267487
2.02879
0.176761
0.871766
0.522752
0.484267
2.15746
0.344326
0.417276
0.618727
0.30337
0.233148
0.0051134
1.05006
1.63415
0.10235
1.93869
0.159697
0.268723
1.03963
0.835114
1.25517
0.584861
3.64344
1.01004
1.87245
0.661565
3.73391
1.70323
0.0441398
2.05635
0.576751
4.77193
1.1294
5.0827
1.49819
1.07788
0.822055
0.0459017
0.0944538
0.281443
0.170229
1.40839
0.216026
0.471705
2.3015
0.650871
0.711605
0.417571
0.0326019
0.166913
0.4469
1.34492
1.02147
0.131684
0.441567
0.328057
0.369483
1.54899
0.294185
2.86237
0.532932
0.449302
4.95013
1.68767
0.0314546
0.453165
0.749569
0.490465
1.26709
0.567493
0.779224
1.93454
1.53674
0.38785
0.134247
1.37447
1.08807
1.36712
2.42899
0.352317
1.45074
1.03357
2.01207
0.572579
1.17666
0.713438
1.50715
1.03733
0.771727
4.10993
0.366526
1.01833
0.974632
2.52493
3.14422
1.23166
0.455372
0.958276
0.563986
0.479347
0.0254968
1.16681
0.00480336
2.03528
0.169976
0.05196
1.42374
1.49087
0.110362
0.210722
0.194022
0.0295373
1.11223
0.153738
0.747774
0.766018
1.88938
1.05413
0.127368
0.148541
1.25662
0.649138
0.786211
0.128598
0.2309
2.28275
2.2225
0.590309
0.678248
0.610136
0.308343
0.605368
0.723964
4.60555
5.45937
0.0714222
0.278127
0.0392281
0.547645
0.062151
0.366431
1.44114
0.231522
0.336298
1.02564
0.514637
0.491409
1.12486
2.57047
1.39143
3.10085
0.0861345
0.264144
2.71257
0.151739
2.31348
0.186432
0.297864
3.82693
2.34563
0.525755
2.04726
0.417504
0.373039
0.537354
0.595218
1.7451
0.351988
0.140793
1.24546
1.12488
0.831105
0.234422
0.279524
0.954048
0.211373
1.1126
0.0487733
0.106041
0.765641
0.794355
0.715929
0.220712
2.68928
0.270009
1.99507
0.147796
0.28711
0.627315
0.933309
0.845922
1.90504
0.363329
0.825417
1.33731
0.682381
0.785669
1.05424
0.000634427
0.15361
2.54639
2.67421
0.958325
0.44785
0.452968
0.104926
2.33608
0.151116
0.0898785
0.159749
0.243581
1.20551
1.31872
0.13207
0.00422305
1.15322
0.997363
0.674099
1.15244
0.669103
1.53251
0.145432
1.4207
0.220143
1.43506
2.42747
0.539131
0.544115
1.49292
0.435794
0.480187
0.416519
0.842608
1.96702
1.64706
1.28868
0.731435
1.37696
0.16894
1.07894
0.623874
1.68851
2.07205
0.127101
4.73841
2.42757
2.68846
0.713676
0.718583
2.11971
0.531548
0.128843
1.09842
0.596003
2.71801
1.23605
0.163964
0.627988
0.257035
0.688237
0.863917
0.377854
0.0999216
2.11936
1.12344
0.961633
1.83572
0.807023
0.0104472
0.238324
0.266114
0.250799
0.296628
1.76381
2.01285
0.150602
0.042176
0.962712
0.449395
0.897083
0.0602143
0.437129
2.82022
1.63059
2.85559
0.358366
0.464312
0.199863
0.252136
2.89188
1.52268
0.41822
0.983362
0.344755
0.235912
1.72478
0.243866
1.19072
0.767139
0.143403
4.41205
0.19884
0.664243
0.0230307
0.105886
0.324361
0.0914665
0.146045
0.0727071
0.419646
0.190371
0.193248
1.95607
0.187722
0.718989
0.158573
0.655786
0.253665
1.66446
0.0719631
2.23736
1.46925
0.261174
0.0636501
0.636037
0.187778
0.181476
1.78359
0.261421
0.168532
1.47025
0.259946
0.598557
0.613096
3.14105
1.29059
1.7582
0.260282
0.454927
1.26858
0.853188
0.137043
1.13481
1.76605
1.17704
0.657668
1.47363
0.430175
0.310164
0.0591399
0.05174
0.888048
0.257452
0.135032
2.29487
1.02575
0.349188
0.296941
3.26006
0.547261
0.568418
0.893584
2.83774
0.729527
0.113576
1.73526
0.121759
0.16904
0.186453
0.554484
1.13312
0.763568
1.454
0.215346
1.68975
2.47376
1.37844
0.819391
1.07264
1.14506
1.58198
0.472277
0.794928
0.309443
0.951572
0.769596
1.77765
0.520229
1.30437
1.2104
0.107643
2.29477
1.59211
2.08409
0.0650907
0.4453
0.0602693
0.324749
0.0785725
3.46638
0.173605
5.1853
1.38071
1.03432
0.814947
1.70859
0.910524
0.325491
0.350545
0.35775
0.607486
1.5613
1.53515
1.70043
0.0303851
3.22499
0.152613
3.38007
0.213685
0.843375
1.34658
0.0953934
0.359712
0.0360418
0.0566168
1.1176
0.67853
2.27241
0.348481
1.18402
0.420488
0.311792
0.250703
0.210699
0.0284798
0.692797
0.108036
2.06596
1.72859
0.138381
1.58245
0.00471454
3.05764
1.87438
0.246565
0.36011
0.10989
0.411012
0.178181
0.590056
0.853352
2.1017
0.897677
0.187193
2.96474
0.572371
0.189402
1.29254
0.347717
0.690063
0.0167169
2.04512
0.0551793
0.208877
3.46625
0.169489
0.0589305
0.674963
2.55456
5.8038
0.036998
0.17527
0.604325
0.544829
1.39457
0.756481
1.1863
0.176777
2.18451
1.65872
0.0627343
0.254303
0.185246
0.392661
2.0948
1.30311
0.384165
0.986483
1.36722
2.47644
0.260466
0.759026
1.51414
3.63918
1.30111
0.585339
1.1488
1.24019
0.239564
0.0952938
0.898192
0.558625
1.42187
1.93695
0.267194
0.0718034
1.20398
1.8877
0.110434
0.170478
1.01118
2.7783
0.227413
0.580187
1.8089
3.37937
0.941335
0.964214
0.822581
1.91751
0.435364
0.108209
0.4929
0.647897
0.60317
0.485377
0.759818
1.74805
0.691257
0.170964
1.81686
0.873909
0.00466336
0.651886
3.3107
0.0173367
0.357129
1.86375
0.614731
1.54773
0.992935
0.505091
0.486759
0.340936
0.106455
0.379464
0.0452122
1.66854
0.519044
2.81686
0.552857
0.871052
1.93848
1.29685
0.596402
0.46571
7.32582
2.86894
0.0492501
1.13701
0.328723
0.122605
1.38303
0.463514
0.216755
1.08369
1.70346
0.701858
2.40167
2.11565
0.233244
1.63637
0.0590642
0.173477
0.907558
1.42224
1.40025
2.11366
1.20651
1.64643
1.2475
0.443851
1.42443
1.28275
1.01192
0.216265
0.83079
0.916153
0.0842766
0.894745
0.791153
0.386362
0.210342
0.476242
0.148454
2.13041
1.37295
0.617287
1.13908
0.201272
1.40562
1.16723
0.643778
0.173513
0.544026
0.934091
1.67476
0.438823
0.217045
0.231098
1.98625
2.31869
0.142316
0.86494
1.43245
0.817051
1.53669
0.0331756
2.23818
0.00369086
0.651655
0.531405
1.48832
0.56231
3.17776
1.58132
1.8451
0.0456366
1.431
1.40419
0.43463
0.0844972
1.38054
0.889021
0.109832
0.0684965
2.9738
0.513387
0.388036
0.580737
0.26681
0.207384
0.401035
0.22049
1.57654
3.43968
4.13496
0.479494
0.265401
1.69361
1.41716
0.423214
0.41138
0.0735966
0.279036
0.511839
1.87275
0.179779
0.00801057
0.459418
0.507247
2.17369
0.908651
1.45133
0.290449
0.488456
0.441595
1.21005
0.441339
0.244903
1.75233
0.573731
0.490978
1.69462
0.131468
0.21462
1.63348
0.388345
0.1104
1.86803
1.78021
2.04546
0.564782
0.0993113
0.255571
1.05404
0.0340235
1.03944
0.358303
0.192889
0.143923
0.897299
4.45576
0.48131
2.3307
2.50604
1.39039
0.418245
0.154473
0.0356005
0.565584
0.166619
0.133624
4.59639
0.0131709
0.00516616
1.83171
0.108342
1.51461
1.53657
0.593655
0.0316888
0.464589
1.37784
0.836044
0.818181
0.0218562
2.23486
0.102119
2.07479
0.371888
0.424044
0.684091
2.68296
1.26054
0.382357
0.726245
0.139237
3.73024
0.522321
0.487199
0.688773
3.17737
0.0459243
1.58441
0.911259
0.99714
2.52103
2.30303
0.315203
0.558371
2.47096
0.312437
0.240064
0.810184
0.642848
0.284817
0.421251
0.956524
1.74026
0.079653
0.380315
0.599322
6.48999e-05
3.06032
2.35356
2.05155
0.407612
1.29633
2.33949
0.631919
1.32872
0.732815
0.677092
3.07699
1.10875
2.19842
1.19221
0.596651
1.83223
1.10685
1.09405
0.241302
2.3109
1.56664
0.428286
2.37445
0.851531
1.15001
0.167368
0.569686
1.59905
0.984938
2.53639
0.994785
0.310611
0.156678
1.38227
1.11048
0.361968
0.525926
2.03197
0.89549
0.627622
0.129967
1.3109
0.261322
1.95712
1.01376
0.232324
0.0806475
0.78583
0.629854
0.622449
0.10185
2.52473
0.00904675
0.310947
1.0036
1.97588
0.747313
2.62987
1.53131
2.51663
0.28112
0.707972
0.750821
0.103297
0.0621438
0.542415
1.05627
1.0127
1.75939
0.23189
4.36222
1.52465
1.12826
0.538022
0.314934
0.688689
0.16956
0.794077
0.577518
0.242958
0.611646
1.26247
0.394829
1.06486
0.271179
0.872049
0.557941
0.0170738
1.77348
0.368032
0.0155484
2.11111
0.947873
2.1259
1.30492
0.374705
5.54359
0.19049
1.01919
0.285715
1.18705
0.337435
0.648873
0.274878
0.633004
0.294718
0.562571
0.570779
0.182351
0.106943
2.09423
2.06237
0.547196
0.114333
0.387
3.04872
0.561248
0.358679
0.245789
2.56219
1.01201
0.594861
0.713731
0.197964
0.575913
2.36901
0.802529
1.08952
2.28002
1.38445
0.317283
0.180411
0.667653
0.714209
0.529719
0.470473
0.960775
0.367761
0.612641
0.330682
1.27527
0.158891
0.613231
0.391108
0.534875
1.55234
0.942934
0.993232
0.281927
0.173666
1.98911
1.52635
0.217222
0.171945
0.660741
1.44166
1.67997
0.792992
0.857687
2.66115
0.0843154
0.1255
0.120068
1.52176
0.0220261
0.469491
0.612263
0.863643
0.265423
1.11667
0.406169
0.12068
2.69667
0.290548
0.635253
1.02988
0.362643
0.36482
1.89619
0.566739
2.15235
1.05752
1.57364
0.00996752
1.70774
0.475918
0.944322
0.0377662
0.0810342
1.97672
1.96276
0.0303571
0.41121
1.76342
0.388156
1.46452
0.341825
1.33242
1.85674
0.285165
1.25994
0.0103398
0.563003
0.0738954
1.27941
0.134671
0.118857
0.1898
0.215647
0.95832
2.33767
0.152921
1.09518
1.5619
0.895546
2.21747
0.458216
0.000437284
0.642807
0.349691
0.20336
3.19006
1.94203
0.171387
0.548861
2.8149
2.27373
0.985425
0.787196
0.346689
0.0367537
0.242027
0.202789
2.3009
5.3151
1.93827
0.82371
2.69262
0.486157
0.0486456
1.29406
0.201914
0.000186104
1.74302
0.479819
0.807105
0.758339
0.0223305
0.461975
0.0119419
1.74996
0.781934
0.865508
2.5548
0.0271418
2.90392
2.62495
0.768171
0.682087
2.19196
1.06419
0.321695
2.04477
0.578782
0.02851
0.0334901
2.98504
0.137119
0.266525
0.0667518
0.191975
0.274726
0.312874
0.170804
3.18013
0.274326
0.497275
0.0714736
0.0478651
0.729207
1.48426
4.33984
1.13539
1.25481
0.890187
1.16149
0.15305
1.04205
0.760673
1.75398
1.65957
3.52418
1.22407
0.42461
0.134432
4.10162
0.950489
0.278914
0.0121796
1.61147
0.911767
0.48077
0.755066
0.145119
4.44977
1.05283
0.656384
0.485499
0.673869
0.667742
0.168702
5.33371
0.399359
2.38148
0.233326
0.353262
0.376243
2.13317
0.338673
0.427582
1.03102
1.81472
0.766593
1.12154
2.01804
1.25629
0.780155
0.295026
0.104522
0.466286
0.150654
0.263783
0.445147
2.34827
0.147869
0.970575
1.61344
0.0971713
0.73884
0.218929
0.730885
0.864786
1.74671
0.401376
0.943834
0.388658
0.659328
0.420256
0.0246024
0.994788
0.817278
0.213771
0.528529
1.13835
2.1696
0.404013
0.719035
0.620556
0.33412
0.75236
0.511358
3.55326
0.342595
0.384473
1.89802
3.61825
4.62213
1.23967
0.23321
1.0985
1.27864
0.511494
1.36247
0.038482
0.341133
0.209671
1.08839
1.82916
0.0104382
2.17828
0.080555
0.379473
0.603049
1.02748
0.142079
0.536718
1.18293
0.933278
0.922517
0.0732765
1.92504
1.32079
0.326259
1.81184
0.699387
0.667177
1.7106
2.01011
0.29145
1.13897
0.0166519
1.85195
2.42738
0.699629
4.97955
0.684051
0.351213
0.398293
0.33756
3.22454
0.111235
1.43159
0.398381
0.361867
3.17043
1.3941
0.0407507
0.690131
0.079468
2.70425
0.383104
0.190297
0.586179
0.734348
0.836037
0.487064
0.363933
0.856854
0.256748
2.10867
0.387944
1.32835
2.79668
4.64619
1.18676
2.80628
0.783254
0.284254
0.385852
1.12702
3.03136
0.277475
0.079736
1.65275
0.0601447
0.984801
0.405419
0.64004
0.624069
1.6529
1.11783
0.95359
3.22479
0.711903
1.32601
0.922115
0.748318
1.99816
0.563636
0.991603
0.0477129
1.9962
0.0825919
0.222909
0.0818303
0.0781562
0.0932005
0.452314
1.47378
1.17116
1.21806
0.196899
0.430677
1.62688
0.270048
0.678182
0.518341
0.99513
0.887635
3.71822
0.490687
0.311078
0.599559
0.830596
0.105227
0.0953694
0.156857
0.453225
0.415635
0.500658
2.02256
0.866937
0.0845515
0.267755
0.42513
0.257447
0.350947
0.593289
0.282358
0.0961467
0.823106
0.630925
1.40664
0.558007
0.851694
0.173719
1.30579
2.37648
0.360067
0.870045
1.06807
0.00121767
0.474347
0.0438951
0.0872822
1.18585
4.7171
0.872483
0.735969
1.38487
1.30622
1.89854
0.246705
1.78644
1.50068
0.552146
0.747265
0.0346567
0.615146
1.24606
0.272416
1.16958
0.633761
0.40514
1.51966
0.0563254
2.65793
0.507939
0.195916
0.204824
2.70689
0.264351
0.304264
0.261893
2.32422
0.41343
2.28198
3.14983
0.273029
2.18131
0.315061
0.541904
1.25419
0.87329
0.489013
1.37174
0.0559533
1.66109
0.593479
1.08378
0.861435
1.16182
2.49941
1.2474
1.04306
1.25337
0.0801545
2.34165
0.495457
1.1712
0.1708
0.36322
1.14015
0.436754
0.668445
1.14168
0.029881
1.4625
0.498532
0.0302829
1.29694
3.02064
2.92128
0.199202
0.700491
3.3584
0.866231
0.0160865
0.151996
0.103653
0.509975
0.295235
1.68376
0.587875
1.84946
0.897236
0.738895
6.30268
1.90813
3.66951
1.10766
0.142791
0.652217
0.346779
0.896487
0.250374
0.0284965
0.133032
0.713608
0.382714
0.394703
1.05623
1.60846
1.47616
0.318961
1.2106
0.715031
1.55108
1.00247
2.99948
0.536156
0.185315
0.45324
2.05881
0.492028
0.583725
0.324106
1.10718
0.266983
0.732784
0.109306
0.150803
2.75743
2.74886
0.365138
1.7826
0.437788
0.0695667
0.16265
0.758328
0.276639
2.23058
0.471076
0.941923
1.23408
0.964185
0.965412
0.659462
0.719438
0.653505
1.07195
1.04928
0.295201
0.480115
0.58889
1.65014
0.437331
1.33808
0.299075
0.477353
1.79788
0.307647
0.580353
1.01599
0.17739
2.73984
0.0812639
0.297224
1.47182
0.674969
0.4141
0.763818
0.123401
0.596281
0.455496
0.458844
0.370074
0.635709
2.44598
0.117975
2.74843
0.186473
0.00273694
0.0872087
2.31642
0.416025
0.666867
0.598502
0.307254
0.341625
1.34407
0.875698
0.271186
0.336476
1.85553
0.408184
0.104001
0.597496
0.308783
3.23365
1.37217
1.78586
1.03612
2.48403
0.288153
1.25968
0.0705452
0.430975
0.0195482
1.0637
0.00836576
1.55582
0.321042
0.881345
0.781719
0.0643341
0.380219
0.134655
2.25533
1.06497
1.26953
0.421427
1.57642
0.049181
2.73253
1.72928
0.477726
1.44882
2.18483
0.633564
2.79672
0.207916
1.55095
0.703623
1.28663
0.136664
0.915291
0.69026
0.844322
2.04133
0.0366434
1.22206
0.670406
0.140576
1.03642
1.53025
0.330426
0.119225
0.0659441
3.9571
1.04971
1.03657
1.57561
2.39299
2.2777
0.0778647
0.622566
0.151172
1.93342
2.81074
0.365644
0.200097
0.173778
0.268012
0.0024439
0.343311
0.846928
1.69642
3.06144
0.839134
0.243258
1.23409
1.65217
0.556404
2.56867
0.273607
0.637662
1.2686
0.330415
0.282964
0.209033
0.616898
0.718735
0.567156
0.431462
0.372516
0.330033
0.325339
1.00242
0.0772043
0.541322
2.71926
1.03472
1.78599
0.21232
0.0469232
0.941233
0.897811
3.12176
0.49797
0.376137
0.151124
0.123087
0.416835
1.4667
0.187909
0.835124
0.0494292
0.359636
1.05048
2.3792
1.00351
0.112284
0.0441566
0.563065
1.45194
0.272052
1.8517
0.425133
0.708106
0.717789
0.33934
0.108915
0.27968
0.241146
2.5946
0.760646
0.227616
3.24856
1.06186
0.786427
0.931168
1.07191
2.78652
0.25757
1.6554
0.392202
0.395904
0.689048
2.90338
1.43736
0.478623
0.50189
0.182221
0.69361
0.226859
0.146098
0.910559
0.454331
0.677826
0.172969
2.61128
0.187545
0.273986
0.393702
2.50752
0.675134
1.39923
1.46146
0.392796
0.06689
1.32701
1.28746
0.171921
0.0854787
1.8364
0.00472421
0.284841
0.104408
0.0154721
0.244234
1.09026
1.01723
0.403375
1.33061
2.66376
0.258504
2.82729
2.81825
0.0832425
1.08623
1.4209
0.00890923
0.263501
0.201031
1.99357
0.379117
0.624968
2.20855
0.312701
0.27549
1.89651
0.968148
0.284312
0.126153
0.396311
0.399118
0.122906
0.974449
0.057135
0.586109
0.00178
1.11505
0.599873
0.0975099
0.616923
2.18915
0.832441
0.264535
1.50893
1.28756
0.0819044
2.62758
0.812591
0.0433475
0.0243922
2.11452
3.18769
0.698474
0.746612
0.192789
0.340579
0.787469
0.264076
0.822924
1.9571
1.61764
0.97856
1.19877
0.278454
1.44775
1.2501
0.216763
1.68876
1.36806
0.707191
0.0157456
0.00223438
0.358855
0.756407
0.625448
0.241411
0.129648
0.241789
0.800485
0.22775
3.29385
0.399866
0.468705
0.34069
1.84527
0.407086
0.690533
0.0378101
1.82685
0.745214
0.108586
0.793555
0.228375
0.630245
0.413607
0.385368
4.41027
0.294986
1.19835
0.0834177
0.191906
1.19898
0.703783
0.0610891
1.45654
0.312901
1.67219
1.01016
2.31779
0.556671
0.132363
0.686447
1.62443
0.309011
0.401181
0.503328
0.0918176
2.74417
0.0778626
0.0211536
3.85003
0.463027
0.361405
0.987611
1.2626
2.15749
2.57648
0.05431
1.05496
0.484598
0.0886545
0.0596354
2.5918
0.791596
0.663375
0.0190421
0.877143
0.304352
0.0336945
1.19746
0.781481
0.0598798
2.70525
2.03699
1.45633
1.95738
0.685508
0.12899
0.0110593
0.208787
0.669143
0.279428
0.635832
0.478308
0.133625
1.29637
4.57749
0.265804
1.24399
0.411824
0.550962
0.269927
1.648
0.513066
0.00547291
0.669363
0.597166
1.66145
0.0515542
5.46451
1.21634
0.174822
0.00316575
0.628054
0.405824
1.02643
0.154302
0.00733039
5.04347
1.84057
0.829318
0.768197
0.994004
1.40692
0.282044
2.53549
0.0105325
1.31376
2.56996
3.03522
4.19323
0.548114
0.429772
1.6027
0.571855
0.125355
1.30404
0.521353
0.427323
5.52444
0.314604
1.664
0.18439
0.204042
1.17279
0.171794
0.00724671
0.429898
0.337455
0.907138
0.457215
0.529011
4.33964
0.805426
0.320465
0.766114
0.294016
0.349769
3.26913
1.17139
0.447216
0.394834
2.08204
1.07056
0.687717
3.40216
1.22204
1.3656
0.541647
0.584227
0.901677
1.20824
0.333369
1.0858
0.694035
0.0983771
0.965512
0.587247
0.109156
0.179723
1.11621
1.41996
0.491649
1.70584
2.00813
0.3057
0.327885
1.25942
2.12947
0.388315
0.140454
1.13269
0.632125
0.335695
0.846721
1.79358
0.18778
0.299205
1.77741
1.33082
0.822797
0.0770014
0.244184
0.472507
0.728115
1.48764
0.633805
0.897366
1.46846
0.974743
0.304069
0.50812
0.0202239
0.332881
0.969969
0.806127
0.136888
0.266024
0.559391
0.149729
0.194477
0.376002
2.46345
0.970438
1.71132
0.2454
2.37083
0.108917
1.18439
0.189809
0.0730531
0.0590236
0.514977
0.635106
0.14573
0.507926
0.805057
0.209628
0.727362
0.593522
1.02193
1.14184
0.73508
0.0968174
0.663981
0.194601
1.34669
1.15049
4.52275
0.577502
2.27801
0.28298
2.4872
0.604275
0.822503
0.0884876
0.179935
1.6761
0.406861
0.668118
1.43512
0.218689
0.802556
5.83242
4.77885
0.126033
0.856948
0.7019
0.246824
0.250978
1.34439
0.996677
5.0507
0.739551
0.106837
1.18191
2.59874
0.458946
0.946998
1.02953
1.85102
2.32014
0.447994
0.373333
0.645199
0.84841
0.325774
0.0193656
2.36108
2.58982
0.329684
3.54538
0.459088
0.617038
0.439202
0.201401
1.09765
1.29878
0.942226
0.068552
6.99492
1.64929
2.11987
2.53573
1.61658
1.27547
0.089052
1.6953
0.267575
0.829087
0.14204
1.31436
0.101003
0.112637
1.29994
0.00278997
0.735975
0.382742
1.95824
0.63314
0.299414
0.615937
2.16474
0.202589
0.353911
0.0461327
1.93147
1.66289
4.41477
0.509591
1.83481
0.218739
1.45269
1.38773
0.39629
3.40889
0.479487
1.55726
3.35651
0.097148
1.3729
0.29022
1.70728
0.393418
2.98242
0.203432
0.709042
0.334812
0.760232
1.32121
1.63708
0.277232
0.123444
0.337859
0.127234
1.08581
0.215423
2.69163
0.380179
0.0926377
0.12639
0.0841019
0.228045
1.17865
1.77418
2.02568
0.129581
1.68512
1.30514
4.0566
0.087674
0.107907
1.24082
1.93524
0.179018
1.59958
0.131732
2.05862
1.70701
1.06068
0.145978
0.249936
3.37684
0.775369
0.921484
0.188791
0.346405
1.23048
0.210056
0.933996
1.39796
2.17234
1.03919
0.33075
2.52067
1.6899
0.3754
0.0398533
3.51426
2.21115
0.0517678
0.957375
3.08859
0.503839
1.82035
0.0322613
1.37429
0.165616
0.755806
0.287116
0.0155168
1.24726
0.301969
2.48825
1.13204
0.79144
0.391888
1.33827
2.78108
1.70813
0.124043
0.367583
0.0421728
0.909756
1.90967
0.074414
0.827508
2.3813
1.81326
0.155547
0.314169
0.596176
0.659936
2.40988
0.620976
0.912965
2.46943
0.128926
0.105755
0.453538
2.20829
0.275344
3.25065
0.0802941
0.124437
0.605771
0.543147
4.30112
0.386141
0.583492
0.0848396
1.26297
0.328942
2.56867
0.345644
0.241655
0.553731
0.428096
0.321409
1.84304
0.774884
2.38766
0.145382
0.655203
0.0161666
0.44477
3.06463
0.925247
0.678586
1.36636
0.409746
0.572919
0.346002
2.27918
2.61145
0.970424
4.95153
0.141206
3.45336
0.995023
1.20492
0.878731
2.24715
3.16177
1.63377
0.780221
0.655448
0.949315
0.977428
0.474872
0.110055
0.370492
0.517388
1.0241
0.580413
0.0825338
0.928328
0.971935
0.222282
1.88305
1.01779
0.80397
0.754999
0.17528
1.21903
0.602898
0.130546
0.0586326
2.05497
0.646529
0.0729813
1.4862
4.10244
0.407338
1.30593
0.131356
0.799392
1.03017
0.406403
0.0465389
2.10125
0.948357
0.656737
2.9082
2.45562
2.07627
1.97216
0.317699
0.656489
2.76075
0.290804
1.131
1.45824
0.12038
1.98216
0.915448
0.549575
0.157724
2.01194
1.91094
2.04689
0.23117
0.945705
1.11097
0.140861
1.5216
0.768597
0.932079
0.916278
2.89239
0.646461
1.89518
1.83494
1.50064
1.75169
0.334947
0.0261531
2.3178
2.65695
0.372034
1.07688
0.0630296
0.195676
1.58647
0.76669
3.26947
0.729025
0.312116
0.638221
1.741
0.47988
0.655456
0.689962
0.901016
0.360296
2.65009
0.322497
0.0118022
1.09644
3.78257
0.380119
2.22548
1.78511
0.45424
2.15047
0.263656
0.340834
0.819593
0.61707
0.234403
0.103804
0.546126
1.00736
1.31352
1.1129
1.60396
1.65583
1.54909
0.419049
0.0340166
2.92823
0.383122
0.25724
0.0128993
1.32178
0.251198
2.02624
2.0297
0.152308
0.229595
0.0518203
2.76201
3.46699
1.61055
0.341096
0.0628629
0.0392488
0.937897
0.968377
0.400126
0.384884
1.67807
1.63976
0.0160589
0.331309
1.04497
0.820653
1.60681
1.20903
1.48987
0.299656
1.28645
0.358792
0.879402
0.453205
0.0379111
2.57139
0.15688
1.37092
1.8098
0.180561
1.42066
1.47714
1.93807
2.69125
1.02761
0.951262
2.08608
0.481131
1.27
0.199895
3.0109
0.0178779
0.677216
0.810725
0.461589
2.89518
4.3846
0.202009
0.140002
1.14289
0.0949791
0.578395
0.593213
0.87778
1.00134
1.92105
2.55763
0.703712
0.586459
0.346212
0.66837
0.371451
0.561822
0.00955897
2.31439
0.604692
0.665339
0.996954
1.45929
2.02264
1.33928
0.0818707
2.08226
0.772441
2.45911
0.000124004
1.3876
1.2828
0.560973
1.07661
0.15233
1.38358
0.739658
0.26755
0.977936
0.954125
0.239365
0.201337
0.532393
0.781549
0.19843
0.685924
0.0242428
0.854291
0.709019
0.468502
1.3679
4.81015
0.869245
1.07037
0.643225
0.925127
1.07208
0.576348
1.57764
0.00618404
1.11242
0.0359058
0.0155092
3.07655
1.25633
0.0354374
0.0777818
1.16883
0.304727
2.00533
1.29086
0.116295
0.340819
0.261822
0.819999
0.0901225
1.39154
0.223216
0.502608
0.217155
0.00373638
0.968914
2.00609
0.133114
0.0955228
0.213902
0.666944
0.851064
0.0190628
1.64797
0.934377
0.879341
0.22463
2.29268
1.10266
2.21686
1.29804
0.376866
0.0349381
0.485306
1.83386
2.00533
1.29955
1.39532
0.322858
1.99508
4.56854
0.440086
1.0264
1.7713
0.613964
0.797666
2.01571
1.37275
0.554156
0.0293536
0.652689
2.05633
0.261726
1.626
2.43583
1.18676
0.275559
1.17238
0.961924
0.329289
0.467858
0.855136
0.0922213
0.467776
0.034209
0.233241
0.229292
0.338997
0.323089
0.231872
0.0582485
0.180598
0.711188
1.34341
0.848967
1.00182
0.110284
1.38359
0.253183
0.640667
1.36703
0.753949
0.769558
1.11639
0.615965
3.78951
0.295873
0.270349
0.340687
0.748219
0.568588
0.573515
2.78068
2.31291
0.343582
1.42607
0.144255
0.657587
3.13515
1.09331
0.818423
0.0840273
1.46089
0.34629
0.0432923
0.944999
0.0504408
0.547273
0.408895
2.67387
1.02417
0.11303
0.439282
1.26801
0.0651947
0.476145
1.99692
0.678567
0.421185
0.00314628
0.687482
2.86246
0.202101
0.377509
1.36932
2.15703
0.422045
0.457904
1.10502
0.00674661
1.28594
1.31173
2.2188
1.75752
0.451589
3.72248
2.40102
3.85347
0.374086
1.75618
0.378084
0.277428
0.528807
1.54768
1.02002
0.157737
0.216266
0.367188
2.13475
3.32082
1.10436
2.66623
0.0871794
0.936008
2.8684
1.15598
1.07936
0.123533
2.95668
0.00283683
0.796328
1.08427
1.17388
2.25752
0.0130029
0.918283
2.9383
1.02653
0.572076
2.79144
1.13399
0.0628802
0.45952
0.739428
1.96905
0.121628
0.0603494
0.864368
0.47766
0.338723
1.29815
0.188787
0.0199501
0.497232
2.21219
0.708979
1.40505
0.331668
0.484753
0.542857
0.207503
1.76577
1.08314
0.0786785
0.320793
0.658797
0.0995528
0.0496553
2.13956
0.192359
2.30942
3.24596
0.338686
0.199587
3.05306
1.1392
1.15644
0.176424
3.38962
0.403764
0.00547193
2.30487
0.990268
0.613008
1.91145
0.505778
0.473557
1.44027
2.79095
2.97334
0.330347
1.18584
1.40071
1.18169
0.427514
0.4561
2.92405
1.27776
0.610658
0.0567396
1.11857
0.370998
1.72192
4.71595
0.278833
2.03945
0.870994
1.43617
0.364153
2.0341
0.00625528
0.187171
1.10523
3.75344
0.324942
0.828305
2.65555
2.61589
0.588714
1.44742
0.377159
1.57798
1.07563
3.48104
1.15954
0.413615
3.5725
3.04443
0.231228
0.688974
6.33706
0.560779
0.96736
1.06801
0.846286
0.463427
0.169471
1.26849
1.24857
1.28873
0.278876
1.7244
0.102214
1.50706
0.105189
0.431984
0.666807
2.42465
0.277784
0.51113
0.105544
1.00122
0.375462
0.435893
0.715589
1.0028
1.02338
0.688545
0.848387
0.570534
1.2173
1.994
0.408396
0.765322
0.283247
0.44175
0.408767
0.873846
0.0824306
0.0187113
0.917104
2.21707
0.7559
0.52544
0.00345944
1.61521
1.31269
2.07074
0.0635097
0.418199
0.219034
0.318368
3.04777
4.86473
4.97015
1.44339
1.28518
2.08127
1.12739
2.02515
0.914566
0.793511
0.705902
0.360743
1.06191
2.03624
0.701702
0.477501
0.517585
1.66738
1.89421
0.0621695
0.105135
0.120853
0.139901
0.457405
0.676707
0.612123
2.47434
1.15198
2.12978
0.331155
0.0815289
1.46884
0.797114
0.077133
3.00222
2.79533
1.33973
0.376254
0.845989
3.60088
1.36014
0.199741
0.728109
1.40643
0.317507
0.884644
1.36731
0.578956
1.59162
0.396835
1.72725
2.85492
0.584912
0.979037
0.497013
1.22754
0.0760796
1.28248
1.59183
1.32557
0.211402
0.461282
1.56239
1.39378
0.789216
0.140883
0.138519
1.41147
1.14067
1.7208
1.07239
2.32099
1.84196
0.639006
0.0434659
0.509105
2.40357
3.3877
0.639869
0.813708
0.25671
1.17756
0.00524507
2.17466
3.42052
0.873576
0.731199
0.0205696
0.40429
0.0808198
1.70676
0.866691
0.109962
0.729526
1.99179
1.2443
1.24108
0.19633
0.759223
0.29045
2.91521
0.790461
0.204589
2.77401
2.08465
3.46844
0.70421
0.213244
1.12456
1.73258
1.98451
0.281975
0.512304
1.50667
0.898421
0.0612116
1.66171
0.386275
0.0731587
0.189007
1.84235
1.80233
2.25645
0.54443
0.385166
0.556769
1.34719
2.36861
1.46952
0.0509766
1.74024
1.73328
0.285222
0.139292
0.222241
0.0640307
0.056299
1.9791
0.370097
0.183701
1.42405
2.05058
0.0614016
0.410643
1.06362
0.962718
2.26988
2.36326
0.823951
0.329494
0.654993
0.469784
1.07897
0.0311606
0.248093
0.513643
0.0444437
0.776649
0.40196
0.965596
0.0858191
1.51617
1.85512
0.574748
0.137812
0.123506
3.06073
0.427036
4.067
0.339875
1.89032
0.676993
1.83193
0.0253656
0.282365
0.565267
2.55386
0.0670798
1.12742
4.27566
2.10241
1.0534
0.916373
1.03514
0.547984
2.17869
1.29296
0.196645
0.135217
0.589786
1.88052
0.816018
0.168648
0.363375
10.5878
1.89099
2.60863
0.819532
1.8044
0.261891
2.44798
1.21944
1.11184
0.321732
0.222443
1.04717
0.662796
4.78814
0.0442725
0.327078
2.01127
0.389591
0.0616965
1.18559
0.308703
1.02906
0.00714704
1.87204
0.218501
1.29958
0.529605
1.28721
2.35119
0.481793
5.16525
0.646172
0.871068
1.76136
0.233579
1.75259
1.74346
1.09881
0.0940648
0.402674
1.52433
0.156781
0.802736
1.40001
0.407054
0.0587993
0.522844
0.0333995
1.21879
0.29455
0.883419
1.47879
2.20537
2.25892
1.61038
0.193344
0.0231414
0.551876
0.341825
0.274942