-1.23612
2.45664
-0.950194
-11.1625
-3.63791
-1.4712
-4.7638
0.925712
-0.264943
-3.95189
1.06229
17.2702
1.03052
-1.44942
-1.22578
4.41753
-0.0486201
18.7188
0.877297
-0.702183
-0.687849
-3.43517
0.896962
-0.330931
2.92037
0.16343
-1.46762
-1.84107
0.158202
-2.65955
-0.11842
-4.9869
-13.2684
-0.361229
-0.213982
-0.299424
-0.770259
7.41145
1.55141
-0.589569
0.55907
-0.0347249
10.0664
-0.243738
0.455577
0.686236
-3.29562
-0.208194
2.12857
-1.94398
1.42197
2.30684
2.78497
0.77702
0.341592
-4.32404
0.878416
1.36518
0.145663
1.39455
0.725959
-0.553077
61.4644
1.26316
1.1202
0.427727
-0.792861
0.733002
0.531985
-0.722133
-6.65345
2.26357
-1.14566
0.0820163
-0.780125
0.235199
-17.252
1.08671
0.250142
1.49883
-0.626784
-0.221275
251.964
-139.476
-11.0173
-1.0896
0.768542
0.0114721
-1.68821
22.2911
0.512736
-0.981966
1.14232
1.79769
1.65547
1.91441
0.204962
0.679812
124.215
0.234633
-0.422407
0.676322
-8.66832
-1.76154
1.99708
-0.881741
0.38589
-0.940641
2.16459
1.55142
1.22988
-1.18174
1.49539
1.56918
-3.41798
0.933959
0.518465
1.27074
1.36661
-5.38294
-1.22662
908.967
2.79082
0.287798
-1.57655
-0.660275
-2.26228
-0.569354
6.79116
-0.726666
0.540901
5.11939
-0.362749
-1.38944
1.7708
0.211121
-0.796781
0.722651
-1.50314
1.00091
-0.209718
-0.29563
-0.228379
17.2811
1.64197
-0.434329
-0.319625
1.13796
-0.358366
-0.601765
-3.03089
-0.154805
-0.107788
-0.0551558
-1.67682
0.665137
-0.0401426
-3.46784
-0.263493
-0.715177
-1.4441
-3.91965
0.0723337
-0.43015
-0.418935
0.662255
-7.09597
-0.117004
-2.97322
0.772685
-26.6301
-0.748172
-2.8597
-1.83581
0.636052
0.591101
1.26859
4.27204
-0.292402
-0.412898
-0.895908
-1.05351
32.9185
-0.0826679
0.850154
-0.221454
-1.65587
-0.287869
-1.3059
6.20677
0.995906
1.32433
0.942914
-0.365596
13.3447
2.07773
5.93058
-1.95512
1.19229
-1.41585
-1.11728
-13.8842
5.08219
-18.7159
0.335732
-0.619844
1.2005
-0.35487
4.66666
-34.0889
0.934804
0.551524
27.6431
0.244426
0.113081
0.710032
1.12478
-0.45437
2.60961
-1.31068
-7.13037
-1.7913
-4.19492
-0.516755
596.281
-0.129419
0.447426
-1.03995
-101.553
0.145033
1.22853
0.226659
-0.0173082
-2.23905
0.444802
-0.230968
0.190333
-0.41569
0.0354793
-12.5317
-2.39971
5.52176
0.310461
-6.25825
1.31013
0.151538
-0.929152
-1.34336
-3.57575
-43.9171
-1.00271
-1.38607
0.688212
-3.97845
1.82584
1.09038
0.674462
-2.29888
40.4845
-0.0790058
-0.68289
-1.13228
0.573437
-0.666402
-0.158372
1.94317
1.01809
-1.52634
-1.1654
-29.6174
-0.0748085
49.0381
10.2083
-0.694095
0.223075
0.171976
-0.46802
-1.56278
1.8726
-0.976914
-1.05416
0.368612
-0.0585707
7.19912
-6.6149
0.0120488
1.68779
5.47342
4.40434
-3.33876
0.262422
-0.930583
-0.3278
11.594
-1.05382
0.856649
0.378086
-0.298341
0.3457
0.371601
2.47666
-9.17888
-1.84831
-0.444253
0.0808624
0.454858
9.66596
4.61569
-0.255439
2.93304
-0.156359
-2.91318
0.627993
-4.36672
1.00304
1.48463
13.257
0.190842
-0.110216
-0.45645
-7.15258
-3.48591
-3.68452
-6.17586
-0.421617
2.28519
-0.497855
-0.212632
-3.3356
-1.49126
-93.8852
5.89223
-0.591191
0.294745
0.851255
-1.01688
-0.111602
0.142882
-1.93912
-0.187709
-5.41962
-0.730021
0.71065
-0.158206
4.28852
-0.365105
-8.42373
0.0976741
-3.36052
1.14917
0.308015
0.433947
1.66635
1.21261
0.85946
-0.135517
-1.922
9.38205
1.25125
-0.0603233
-1.11514
-0.372026
-1.43807
-3.70527
0.165433
0.962524
2.43477
0.252821
-1.57907
-0.111279
-0.581513
-0.384028
3.1194
-1.10584
0.208329
5.40804
3.41556
2.63354
-0.564475
2.34502
-0.511259
-1.60507
2.03799
0.460128
0.380429
0.116191
1.19501
-2.12105
-29.1151
0.817517
-1.15567
0.295017
0.402617
0.389068
6.73639
-0.873553
-0.0140612
0.390933
0.744901
9.33658
0.828777
-0.222208
-0.667385
-0.686596
3.16312
-0.51294
0.0462077
0.333457
-0.657848
0.636754
-1.27599
-0.516318
0.191173
-0.427012
22.3674
-0.435769
0.166902
-0.781962
-0.498183
-0.271577
-1.52711
-0.649103
0.00729263
0.425266
-0.597865
3.4029
-15.4688
0.880231
-3.2265
1.28594
-0.305814
-1.37961
0.31719
1.53821
0.0949868
-0.523486
-2.36868
0.381213
1.94426
1.14224
0.576078
0.150355
0.477745
1.19707
-17.7643
-27.5734
2.19559
4.94854
8.64618
-0.716757
-0.209244
-0.386943
0.0130512
3.94092
0.72409
0.565861
-17.1663
-3.36569
2.15705
41.8266
2.38749
2.3239
-3.26902
-0.204465
-0.91333
-9.00198
-0.120078
-5.8609
0.46924
0.166376
2.21098
-0.0410908
-0.652955
-10.4788
-1.25314
0.0849697
1.27573
2.46892
0.197426
-2.90505
3.1162
1.08492
-52.5265
12.2987
2.80905
1.07622
-1.65545
-0.556063
0.0910995
-1.16283
-4.49683
-1.57201
0.622132
0.699482
0.615251
0.714887
1.11519
0.88495
61.2982
0.198138
0.381398
14.8598
-9.14362
-0.929366
0.428089
-1.03023
0.526026
4.29728
1.3663
3.48698
1.14962
0.905924
22.3136
0.150994
0.595826
-2.36225
-1.2754
0.70216
0.348867
-1.28872
1.03355
-0.6722
-0.298197
-1.21291
2.37635
-7.45492
1.38673
6.9263
0.607519
1.56252
-2.12111
-0.211597
-0.0898099
-1.09978
1.72997
-0.24597
-1.06307
5.93851
0.246124
2.13507
1.97781
-1.10514
-0.222752
0.306808
0.103262
-0.826899
-0.107271
1.01083
1.62597
-0.169595
0.855888
-6.95938
-0.923521
-2.03887
-1.43584
-2.163
-1.28239
0.225117
-0.435919
-2.85661
0.41307
6.19988
-5.85986
2.82891
-4.41161
1.46742
1.08018
-6.33531
-0.15162
4.58278
0.509945
122.616
-1.43027
1.00184
-0.483823
-1.84472
-0.655887
18.8538
-2.20571
0.383839
0.132728
-0.375052
-1.57565
-0.845974
-0.855665
1.06093
1.58403
-0.82598
4.91421
1.32908
-2.59174
0.915514
0.489806
-0.0148306
0.558599
-0.00636262
0.254243
1.1879
-0.112216
0.209757
-1.30731
4.09368
10.7241
-17.3382
-1.81429
-4.40059
3.03254
-1.0911
-0.429909
2.96096
0.392936
3.99807
-0.371492
0.0440807
-3.92393
-1.03007
0.0251868
-0.761564
-49.891
-15.2992
-2.83969
-1.37302
0.24055
-1.14095
1.19276
-0.314502
0.79567
-1.02926
4.8447
0.431394
-0.797222
-0.0523738
-0.693628
-0.996606
-6.45515
1.06921
-0.468812
1.21419
-0.211861
1.82279
0.195276
-0.28266
-0.263189
2.65234
-0.558808
0.756173
0.54598
-2.63295
-0.916651
8.80883
0.415397
3.49196
-1.05168
5.38495
-0.454578
-0.771527
-0.921714
0.011188
-1.68761
-0.864918
1.86771
1.33526
-0.163902
-0.252683
0.024648
-0.649536
0.774344
0.684746
1.11291
-0.0903735
-0.678335
7.36973
-2.57292
0.808477
-0.0603796
2.56337
0.211589
-3.09572
-6.26449
2.54565
-2.12683
-0.820899
-0.0280494
-1.84678
-0.357748
-0.00692768
0.756002
-3.61217
-0.0372359
-1.42452
9.45054
0.0153072
1.67141
-3.39594
-1.58719
7.5319
1.2305
-0.454888
1.28131
0.121992
-8.60444
1.89101
-0.722734
-1.65426
6.23836
-0.882478
-1.17651
7.09572
-1.17695
-0.115095
-2.65339
-0.986064
0.638365
-1.73771
5.40457
0.243911
0.0316623
0.452305
9.43561
0.313641
-5.08073
-0.976289
-10.2409
1.03981
-0.0553745
0.532947
0.990099
-2.94247
-7.23611
-1.31974
-0.619741
-4.42672
0.199859
-0.973738
1.79333
0.553742
0.651862
0.78106
10.5471
0.755322
-8.61501
6.42191
0.083532
7.02918
3.37922
-23.7222
0.0174605
62.8871
-35.6794
0.826594
4.46392
-0.805955
-0.408822
0.67395
-0.834033
1.42509
-0.142545
-1.36572
0.0454346
0.148564
0.224354
0.440515
-8.09712
0.414544
-0.942828
0.744248
2.18314
5.68063
4.17029
2.27549
0.284823
0.579549
-1.94521
0.725887
0.0128564
-1.37905
-0.750724
-0.0922429
-0.61616
-1.24194
-1.80254
-8.34151
-1.76436
0.697105
2.18681
-1.26328
-7.40942
0.103867
-0.162451
0.911372
3.90797
-0.0630712
-0.191473
-0.655132
0.12574
-0.951576
-1.7709
1.55701
0.799966
-0.120195
5.97465
4.6716
1.85654
0.28634
-3.71975
-3.53328
-0.404295
-0.148801
0.844901
-6.7706
-2.01753
-3.06726
0.0892139
0.046041
-0.946758
-0.159873
2.86617
-0.580931
-0.410569
-0.368359
-4.2374
2.09375
1.86612
-0.655165
-0.220773
4.51727
-1.02976
-5.95428
-6.97675
1.65473
-0.459479
0.153707
0.396698
-0.387276
-14.411
1.15303
1.77201
-0.0228228
1.94594
8.44337
-2.7946
0.248245
-3.61701
-0.330265
-0.117824
-0.637712
0.961913
-2.39293
-8.90031
0.0776697
-0.111031
0.5589
-0.214745
0.0718533
0.231705
-0.0546928
-2.9981
-1.02003
-34.1881
-0.221217
-0.80729
-0.611882
-0.182179
1.70965
-0.833572
0.197603
0.191817
-0.701117
1.91152
-8.90724
0.734068
-0.0511872
-0.232173
1.07228
5.59794
-3.16398
0.055488
-0.574579
1.05691
-1.91787
0.248123
7.82999
-2.41326
-1.42252
69.8503
0.57602
-3.20859
-1.00739
-0.554886
0.663892
1.84544
1.99426
-3.7833
-0.98837
-1.61284
0.926104
0.0758742
0.327559
0.25181
1.27245
-0.10439
-3.33983
0.259134
-1.21035
3.64323
30.3615
-12.2676
0.637338
14.6173
0.594285
-0.350617
-0.153182
-0.975702
-52.119
-15.4356
0.912895
-3.91754
-0.251407
-1.55828
-9.57436
-3.98897
0.194518
-0.00452807
-1.93708
-0.531536
0.203908
-2.57887
-0.460647
5.00127
-1.19065
2.26488
-2.02479
-2.61701
-0.423347
-1.29814
3.701
-0.822807
-0.324226
-1.02039
0.904575
5.19905
-3.2142
-0.0790389
2.09357
0.783293
-0.805635
0.518695
-2.12192
0.284967
-1.39509
1.26545
-2.44931
-1.87144
1.92395
-1.91277
-2.46993
1.35661
0.301109
0.0346455
1.645
0.603053
-1.55101
-0.502878
-0.8637
0.750226
10.6485
6.77552
-3.79383
3.46324
-1.6303
-9.38245
1.33385
-1.96463
-1.02572
2.8176
-2.91346
-6.97142
0.279529
1.14446
-0.741133
0.0033756
-0.311524
7.26146
4.80946
0.353806
1.51792
-2.37556
-0.599299
-0.142833
0.639701
30.7527
-1.00844
4.55416
4.40518
-0.366585
7.82473
1.50349
0.263939
-0.823567
-2.11798
0.529279
1.09772
-0.984882
-0.914263
1.39336
-0.474439
-2.26461
-8.04861
1.83098
1.80183
0.898504
0.0801929
0.362178
-4.24713
5.02665
-1.47946
11.4599
-1.03614
-0.328838
-0.354067
-3.98196
-1.50952
-0.311699
-0.818355
-1.29351
-2.7224
0.0831691
0.276542
-1.40838
0.943833
-0.481514
-0.252924
-0.727197
1.04684
-4.04656
-0.962134
-0.491105
1.06549
21.577
0.517526
-0.472579
0.0703095
1.14116
0.0116469
-0.0818217
1.21396
-1.39864
6.59587
-0.272616
0.390277
0.155943
0.472905
0.0330123
-6.64379
2.32203
0.965476
-4.40241
-0.351519
-0.045467
-0.997577
1.85971
-4.17042
1.50666
-0.359221
-250.778
1.25088
1.08755
3.85384
-65.8577
-0.0276427
1.06352
-1.52429
-0.810457
0.477275
0.332829
-0.270839
-0.0263348
0.979391
-3.85997
-0.0978619
-6.75578
-2.29377
0.91171
-1.67351
-1.72958
-1.781
-2.44354
1.84604
-2.16284
-2.20083
2.59085
-0.588033
-0.077165
-4.45646
0.554758
0.558433
-0.191194
-1.08467
0.734153
0.00489076
1.5049
1.6736
1.0195
0.917876
-0.0123631
-1.54072
-1.07216
-1.24687
2.93135
-0.0324075
0.756006
-1.33819
1.44476
0.923329
-0.342877
0.21336
-0.00654839
-2.29936
-0.0785751
-7.96548
-0.783064
1.58936
-1.41375
-52.0018
-0.380572
-1.02059
-2.15367
6.64387
-41.5618
-2.54647
-0.281567
2.81277
-1.18841
-2.82972
-3.77224
-0.602829
0.426241
0.560332
-1.07501
2.1904
2.25367
0.160085
16.3318
-0.549944
-0.977681
0.273271
-0.989981
1.77986
-13.2922
0.239813
-2.94698
0.0693662
-0.583655
-13.8091
1.34159
-0.729083
3.19812
-0.217526
0.665689
0.335245
1.68738
-3.71599
0.350746
1.67894
6.02083
2.24552
3.63853
-6.19419
-1.23229
-0.402654
-1.11675
1.33976
0.133049
0.490526
4.54024
-0.612121
0.625999
0.00113942
-1.53531
-0.425549
0.706067
0.454077
0.539655
1.01408
-7.33834
-37.1489
0.0769923
1.60477
0.611959
-0.0159789
0.762223
-0.653667
0.11273
5.78521
3.22714
1.34977
0.697524
0.0167238
-0.885041
-0.507969
1.03036
-33.5803
1.74227
0.621122
-0.447954
-1.81588
4.77974
1.0419
-2.95215
1.34743
-0.382147
-0.220302
1.59103
-1.89972
5.63036
-0.0498806
0.402662
0.466461
0.359082
1.92174
-2.88299
0.205493
0.174413
-5.15527
1.37253
0.526913
1.54405
-2.13141
-1.3794
-14.1685
0.416255
-1.74948
0.801027
-0.976238
-2.24656
0.601664
-0.789362
0.225303
0.0523771
0.26638
1.56612
-22.9459
0.026777
-73.9779
-0.647265
-1.01923
0.242444
5.48207
-0.480549
0.609176
0.109752
1.28184
1.17733
66.8341
0.390724
0.243052
2.05793
0.559842
-16.5496
-0.414411
7.63068
0.575253
1.13422
-1.55614
-0.420482
2.56993
-2.60524
9.50588
-0.65377
0.375768
-0.188454
4.25066
-3.9897
9.2983
1.47843
1.282
1.26337
-0.448634
1.26882
2.49179
-0.846115
1.91369
-1.80646
0.0672054
0.74153
-2.74245
-0.25402
-0.929926
62.9274
2.28779
-0.974819
-0.463528
0.00807693
0.208702
4.31753
-4.63228
-4.99548
0.557401
-16.3612
0.448745
-0.662842
2.45832
3.45388
0.343251
0.115971
0.407444
0.911094
0.26748
1.11303
-0.466717
1.5765
0.781831
-1.8345
-16.7862
0.00982968
-0.522985
-0.828144
-1.0212
-0.0332499
0.0852833
2.40424
-0.0780474
-1.50635
0.685219
-0.771263
1.09819
12.0798
0.627879
-0.796881
-1.40475
0.672888
-1.08208
-0.628963
0.345047
2.41385
0.303361
2.3756
0.048747
-0.202368
1.3959
1.77161
0.742394
-1.86851
-1.66145
-1.69203
-0.424724
0.420085
1.12331
-0.330981
3.26499
0.287737
-0.141058
-0.725794
-1.94714
0.0965564
-0.918035
3.66119
-58.5275
-0.187773
-12.1294
-24.3707
-0.323017
0.308126
-0.098508
6.30525
0.350733
-3.35462
0.0504483
2.85136
-0.379371
10.6623
-0.241392
-1.92819
0.555781
-0.471874
-1.02012
2.2279
-0.364513
-0.190308
-1.12046
1.27549
-1.01321
0.541117
0.934747
0.767297
0.648963
-2.05197
-12.0064
0.681498
0.59551
-1.07372
-1.55494
-0.788452
-0.723326
-1.17712
-4.04281
0.0673838
0.282608
0.886863
-1.98525
-0.713768
1.25573
-0.306705
1.04089
0.8418
-1.88465
-0.0609866
-1.20878
-1.08605
0.620979
-0.240537
1.42761
-3.79431
0.618039
1.18242
0.497743
3.74485
-0.907404
0.438342
0.740642
-121.495
2.36561
-5.7444
0.475393
8.8786
0.128206
-28.0711
-2.77554
-0.314789
0.30329
1.11545
-1.07529
2.447
-1.6882
1.05
-0.628474
-1.46253
0.405996
-0.0134169
-0.280637
-5.6154
-0.430983
-0.909201
0.339893
-1.04862
-1.60782
0.123141
7.96472
-0.581639
-2.80498
14.4156
-0.55557
-1.34806
48.2987
0.277892
0.421511
1.09606
-2.40346
0.142287
-1.88489
1.5039
0.202213
0.308878
2.76731
-0.155242
-1.62245
3.15671
-0.277435
-13.2158
-0.471231
0.988442
-19.7701
6.28706
-1.41687
-1.30913
-2.2013
-4.10413
0.548815
-1.07487
-0.344519
0.772248
0.914506
-0.888081
-1.18744
0.892395
-6.11339
0.619032
-1.47561
-8.87152
0.499313
0.814272
-0.138742
0.140094
3.77898
0.792448
1.37924
-1.2689
-0.249343
3.85958
-16.1047
2.70217
-0.0347661
0.641767
0.949548
0.491442
0.317277
-1.46625
-5.01153
-0.884558
4.17204
0.511089
4.56008
-0.37436
3.43005
1.3429
-0.387472
-0.996277
0.95348
0.325508
0.704609
0.168453
0.310637
-0.234359
3.12012
-1.49085
0.686518
-1.54327
-0.787619
-0.556723
-1.37578
2.45652
1.22393
5.90701
1.0823
0.933308
-15.4836
0.555149
0.547147
6.88474
0.185073
-1.29935
-0.658965
1.5513
-7.606
-2.38934
-1.51184
-0.0544509
0.883315
-0.365891
2.09399
4.76726
-0.320433
-0.254229
-0.160656
0.636652
-0.257328
-7.70378
1.65015
5.45147
-0.68835
-6.46416
-3.20774
0.662853
0.368241
-1.25485
-0.399272
-15.2003
-1.43483
9.51052
-1.5885
-0.656733
0.774382
-2.16748
-0.657441
12.1593
1.68275
-0.412507
-1.41104
-2.8158
0.743217
-0.961229
5.37243
-1.18724
2.19588
-0.374714
-1.92995
0.534918
-4.21163
4.28184
-5.59758
0.400801
0.420078
0.913836
-0.314773
-0.474921
-0.807952
-68.9748
2.26233
-669.851
1.12133
0.320994
0.342959
-0.122786
-0.873829
-2.53839
0.467691
-10.7068
-0.70437
-2.73219
0.244555
0.519064
5.87888
4.28572
-0.210005
1.02815
-0.814794
-0.173642
-5.84106
0.12516
3.11583
-0.245486
-0.919832
-0.219216
-0.808258
0.0519274
1.70143
-4.43856
-1.44666
0.397458
-2.00491
1.44277
2.11134
-0.777741
0.195526
1.52879
-0.108795
-0.421926
3.31748
-1.04391
0.754778
0.521453
-0.25096
-0.558283
-4.56456
-5.64667
1.37743
-0.512596
1.5604
0.325736
-0.897661
-0.186042
-0.251236
0.899215
1.51743
1.07722
-1.71638
-1.54775
0.159294
1.04494
1.28555
-0.0827316
0.552021
-2.32695
-8.22124
-1.88473
7.1956
-1.15043
1.91493
12.3997
-13.3044
0.48249
-0.285227
-16.6123
0.0689605
1.87301
0.244291
-10.1763
-0.283924
-0.692461
0.175171
2.36127
-1.45376
2.09148
1.11508
1.08567
-0.712457
-0.199331
2.68192
-0.117423
-0.932235
-2.06273
1.50104
1.69738
0.0302795
-1.37881
0.924059
1.08053
1.43488
-2.03558
1.07059
4.87609
6.20858
0.414601
-0.0520692
-2.60324
-1.52897
4.09995
-0.127598
-0.332916
0.388557
-0.622308
0.466736
1.76892
-0.816843
-0.38772
2.36046
-1.72031
-4.77309
-4.81947
-9.47263
0.447883
-0.840069
-1.80068
6.92964
-3.43794
-0.518283
-4.0956
1.2923
1.5186
-0.899054
7.56411
-0.580279
1.03688
-0.551489
-0.449512
-1.27719
0.00628925
0.683063
0.253848
1.766
0.522745
5.58001
0.791711
-0.061455
0.934439
-3.97718
2.65652
2.19671
4.6202
-0.907238
0.446572
2.11119
0.660342
0.682659
-0.0252593
12.6697
-1.56051
-0.774201
-2.0504
0.0441229
-0.642088
1.85717
-4.77521
0.900172
-0.303755
1.47998
-1.24287
0.497617
-2.36387
7.71594
0.480773
0.6317
0.796957
0.939856
15.3348
1.89543
-0.859324
-0.639839
0.920369
-0.650885
-0.247854
1.82943
0.677434
8.5122
6.97196
5.8401
1.30341
0.449423
0.212089
0.43431
-0.551005
0.0664523
0.915624
-97.2515
-3.48296
1.5546
-52.6716
0.615663
1.6661
9.1992
-0.171797
2.77246
-0.361965
-0.373785
-0.946559
-0.27259
0.339094
1.42819
0.527907
0.697055
-0.623744
2.62096
-1.48443
3.71913
0.198389
-1.88018
0.199341
0.987794
1.04847
21.0207
0.921655
0.356312
1.3022
-2.0891
5.71703
1.08399
-3.39775
8.3044
1.94514
1.33691
0.392124
-0.144362
4.82898
-5.45654
0.0972006
0.560455
3.68507
-0.15934
-1.44939
0.162836
-3.05745
0.0331719
-0.785711
14.83
-0.127755
-1.17906
-0.561947
-10.2765
5.44046
0.557588
-5.6159
1.75817
0.19893
-2.27413
2.0664
0.333215
-0.207191
1.38664
-0.209121
-0.11446
-0.291652
0.432795
0.528539
-0.724344
-13.026
-0.0214413
-0.424053
2.99022
-0.587956
0.798676
-10.2854
-23.0911
-0.904823
1.52283
539.339
-2.19454
2.0037
-5.57046
3.4587
-1.30081
-0.636334
-2.89754
2.16945
0.190569
-0.811501
0.124143
0.343941
-0.0636205
0.478358
0.711362
-0.196721
-0.57686
0.452364
0.74177
0.387299
1.09846
9.14722
3.95637
-0.979472
-1.08913
-1.63925
-9.04961
0.443486
-0.974349
0.493324
1.58042
1.22769
-0.013973
9.11728
-0.135817
-3.34253
-0.564234
4.7418
0.422527
1.95082
-45.8033
0.443539
0.140367
-0.356905
-0.937008
-0.394698
0.289571
-15.2923
4.47335
-0.553995
-0.876541
-0.20235
-0.247178
0.110636
-1.45804
-0.107916
-0.461056
0.428113
189.063
-3.57023
0.376717
1.33443
-0.0278799
0.0704273
1.15342
0.356256
-0.250982
0.811093
17.0421
-0.636737
0.34362
-0.895313
-1.77242
-0.701751
-5.66284
-0.935608
0.000777627
-0.840441
-1.55605
-0.481852
-5.49393
-8.55761
-0.602087
-1.36353
1.39405
0.577051
0.955897
-0.764989
-1.0609
2.19115
-0.624312
-7.04264
22.8016
1.04867
-2.28893
0.65598
-2.27648
1.87357
-4.05276
-0.618907
0.589444
-0.260859
5.28059
-13.5778
0.427688
-0.833967
-1.245
0.24756
0.60639
-0.523515
-0.531357
0.472757
0.539284
-1.06571
-0.909549
0.0437414
1.70746
2.26536
-5.36118
3.26535
0.805976
0.833939
0.206246
10.0785
1.20385
-0.381761
0.725683
5.90458
0.840792
2.49787
15.5413
-0.0464813
-6.64728
5.17698
-0.027191
3.10295
-2.43353
-0.380427
-3.90222
-0.275005
-0.140086
-0.215421
-1.71229
18.2143
-0.340164
0.730568
-0.308683
7.08344
-0.0521653
0.173473
-0.158314
2.13063
1.22616
2.07401
0.712426
-2.00896
3.90622
-0.106753
0.371877
9.04207
-0.322595
-0.445425
0.78654
4.67944
-1.72187
-0.293618
2.31427
-3.37481
-1.04095
-1.00656
-0.469242
0.669276
0.251754
0.992419
-0.0640893
2.21408
0.632476
6.11332
-0.183217
-2.23543
-0.212917
-1.04732
-0.299132
0.70314
2.40267
0.0843201
-1.34082
3.9233
-0.159123
0.753268
-2.0078
-1.06968
0.240086
0.472378
1.24058
-0.290006
-4.30615
-0.598602
0.143728
0.178414
0.11397
3.64825
1.60658
-0.116599
0.698497
1.00966
-25.0741
0.725873
0.438463
0.981118
-0.128174
-1.21837
1.29514
0.976298
0.19713
-0.597376
-1.547
1.1669
-1.31039
-1.50385
1.61667
-5.50739
0.30124
0.331857
5.70979
-0.0558274
-0.222301
-88.1354
-2.45622
0.492114
0.531113
-0.169223
9.90257
-0.611276
-18.2539
-0.75397
-0.370651
-0.053335
-0.754993
4.44895
0.069692
-0.400361
-1.31067
7.88587
-1.70163
0.285544
2.93345
0.0519716
200.591
0.0417695
-0.478906
-1.31442
-0.357617
-0.227135
0.304789
0.09376
1.06577
0.205935
1.65079
14.6369
0.447153
-1.09383
3.71665
0.28539
3.78844
-0.795464
-1.8993
0.0888364
2.31794
13.2528
-1.56813
0.648938
-3.57679
-3.78797
-0.91797
-62.6521
0.145328
-1.85593
-2.23069
0.058094
-0.379598
1.30084
1.51044
1.82669
-0.91801
-0.988556
-0.148345
0.699611
0.059141
1.24103
-0.355056
-0.0945195
1.49082
1.06287
-0.411243
-11.3516
-17.9661
-0.0456496
2.88144
4.37586
-0.586289
-33.4807
-0.217891
-6.77462
0.0192189
5.18472
0.9781
-0.421821
1.43511
0.770582
1.43192
1.3373
0.432233
-0.679315
-0.239607
1.91772
-2.12304
-0.0543074
1.11412
-9.68402
-0.224013
0.217572
0.45292
-2.6566
-0.882126
3.14236
-55.1268
-0.871982
-3.09625
0.999585
0.117755
-0.212491
-0.266914
-0.432714
-0.0482833
0.224666
-3.30255
-1.71356
4.74347
2.36928
-0.845282
-0.256091
0.754573
-3.82073
-2.17987
3.26888
0.00396271
0.0428238
0.0629726
0.103092
3.1198
-1.52287
1.28907
-0.757042
-7.22849
-2.16248
114.987
12.3901
0.25106
0.619865
0.178135
-0.931313
-1.98043
0.754628
1.09588
0.386128
-0.854779
0.311421
-0.251165
1.38887
1.16104
-1.0495
0.0598267
-2.23092
-0.151764
2.79354
-8.45564
-1.3415
6.2871
0.367468
1.39843
2.01809
-0.507673
-1.18599
2.14763
0.0193718
0.107718
0.358849
0.967437
-0.00166606
-0.179454
0.917396
-1.56405
2.02881
-0.345886
0.165284
-3.0187
-0.543683
0.909225
0.110616
2.54319
-3.15685
0.790439
-4.22922
148.122
-1.24841
-10.101
0.141791
0.163825
-2.1508
3.13873
-0.0567942
-0.849761
2.91001
-1.15901
1.48335
-0.361052
-0.299125
-0.385218
1.98396
3.40066
0.251381
1.57616
-1.32891
0.618389
0.600015
0.695937
-2.6059
1.76395
-2.32533
-78.1171
-1.02162
-0.174614
-0.331503
-0.0579649
2.82111
-1.85397
-0.178686
4.50238
-0.744892
0.214685
1.86011
-0.576267
0.62495
-1.02854
-1.3589
-0.0643061
0.0269409
18.7519
-0.555888
10.9031
-1.73358
3.47136
-0.638803
0.264176
3.97347
0.903057
-0.216209
7.42164
11.2549
1.74138
1.70761
1.34817
1.11321
-0.441728
0.33224
-0.237228
4.08924
-0.478634
3.01033
-1.53992
2.35717
0.389933
-0.154916
0.98067
14.2759
0.28154
2.93243
-0.569776
-0.0222563
2.14116
0.427332
6.21502
5.02317
-0.526227
-2.18151
-0.590261
0.848949
0.511014
0.229237
0.0598293
-2.75904
-1.6538
1.7673
0.145029
0.885435
-3.41905
1.92973
-0.77404
2.09032
2.96119
-0.0581526
0.675621
1.29063
1.68036
-3.6096
-1.03901
1.50118
0.109567
-1.16876
-0.688505
-1.0785
1.72124
-3.59649
1.83421
-1.8765
2.75674
-2.14127
-8.57726
-3.71416
-0.673037
-7.07595
-0.290273
-0.135135
-2.06308
1.66596
-0.920135
-0.113151
-0.0252295
-1.03461
-0.333599
-1.84013
0.329387
-0.0447536
-0.762478
1.66473
0.152202
-0.875928
-1.60065
-1.3546
-1.78276
6.03241
-0.1679
-1.6431
-0.661007
-0.766589
-0.477839
0.684229
0.706496
1.7524
-0.392305
-3.09858
5.15055
0.888784
6.21728
-0.459108
0.685248
0.0413218
-0.787335
-0.480558
1.09097
0.0360612
0.581926
0.0130398
-1.27212
-1.88693
-3.03694
-7.96587
-3.38644
-0.824898
0.759747
-5.01469
-0.48218
8.19531
0.7837
-0.937981
-0.123721
-0.571198
-0.850732
-31.1642
0.434367
4.46464
0.171954
1.9833
1.07473
-2.10652
0.705838
-1.76437
-1.13905
0.328794
-1.12066
-1.72236
0.794593
-12.4366
-4.73007
-0.71894
0.679848
-0.660151
-3.06958
-0.244727
-1.37991
-0.114833
1.54325
-1.95728
3.37862
-0.901397
1.33254
0.145465
-1.00135
-1.14371
-1.29453
0.0881261
-4.69836
-2.92125
10.1401
-0.236341
-0.50069
3.45055
0.252241
-3.45047
-2.14878
0.945101
-0.257953
0.617337
-1.04508
-0.0474656
0.451394
-2.22349
-0.435421
-4.54232
-3.41193
-0.343295
-0.564264
-1.00863
0.0400328
-0.721923
108.318
-0.539584
0.524832
1.70325
-0.504248
-0.702382
0.161019
-0.219593
-0.875568
-1.06703
-0.247449
1.23949
0.299085
-1.38546
-2.65716
1.84085
6.53339
-0.866796
0.997693
1.13742
0.215054
6.16594
0.863586
0.715134
1.2816
-2.48886
24.0642
-1.35693
-0.292162
0.110682
0.98532
-0.564829
0.173936
3.61595
0.832407
-28.1925
1.19087
0.349235
-4.21814
-0.367119
-1.26473
-1.03406
-0.289239
-1.3596
-0.560403
-0.666629
-0.187
-1.25819
-2.04822
2.58755
7.54272
-4.38258
4.64982
-23.6581
0.223979
1.14467
0.746078
8.62403
0.489288
4.76265
-0.54661
-1.86844
0.825737
3.1382
-0.999726
-49.501
-1.35749
-0.249537
0.907444
-0.850777
-0.11078
-0.774783
-1.20869
-0.668273
2.96766
-2.08609
-2.05659
-0.306514
-0.0190891
-17.108
-10.4256
-1.22402
4.46049
8.1824
-1.04434
-0.494613
-2.75007
0.999894
-0.66103
-0.307673
-0.924882
-0.762407
-1.75195
0.744057
-1.67811
0.866877
-1.62379
-0.331839
-0.976189
0.766035
0.165691
1.20634
1.38075
4.17452
0.954972
0.392509
-2.17972
-0.216966
0.291492
0.482247
-54.6246
0.0865374
-2.98952
0.831966
-1.38577
-1.05135
0.842345
1.22018
0.407159
0.556299
-0.488336
0.760231
-0.202526
-0.119155
-3.92557
-0.37689
0.855101
2.93072
-0.983228
0.551963
0.100613
-0.140655
0.92835
-0.286747
-1.47042
-0.0864022
12.6285
-0.345524
-0.281367
-0.356758
-1.69686
-0.0962875
-0.312783
-0.668267
0.48776
2.862
-0.0418202
0.769554
0.633409
-1.27892
-0.815918
-1.21787
-0.872542
0.907602
0.495321
-0.537507
0.702618
-2.25585
-6.46881
-1.66059
0.0965202
-0.859785
-1.65939
1.3302
-0.883499
-3.18572
0.610419
1.98829
160.15
0.790736
-0.468926
-1.07514
3.27633
1.06193
0.943312
-1.16955
0.285915
0.475071
0.328001
-1.32198
0.583014
-0.606176
-0.500582
-0.202368
0.769846
-0.165659
-1.51051
3.08156
1.31483
-1.50399
-0.708701
-0.739129
3.55409
-0.88961
0.848643
-103.694
52.2896
0.316491
1.27124
3.01088
2.92773
-1.71544
-0.872589
0.408468
-0.425096
0.917649
-4.16842
-1.69651
2.62729
-4.20707
-1.11138
0.163217
-1.02823
5.39769
1.7212
0.870747
1.24268
11.5581
-2.24997
0.551555
-27.6525
-0.263777
-0.159947
0.332535
-0.186294
0.124903
19.5826
-1.43101
2.00757
0.846896
-0.457394
-1.05561
1.30152
-0.900474
-2.97475
-0.368671
-0.664928
-0.315304
0.765752
0.889792
-1.45799
0.930598
-1.37388
-1.1914
-1.29888
1.27357
0.865321
40.8552
-1.5958
0.85898
-1.59889
-8.1237
-0.355934
0.0910873
-3.74873
1.04131
2.04702
-0.293177
1.79062
-0.193284
-0.380106
0.282855
-1.67974
0.243056
1.36133
1.75153
-0.409196
-0.800771
2.14954
0.423046
0.591068
-0.675496
-1.32194
-2.74986
1.10699
-5.33549
0.374071
0.835655
-1.35344
-0.354459
0.742624
1.0838
-0.338395
-1.36235
0.346358
-2.82663
-1.82607
-2.28467
-0.0935923
3.59229
0.825207
0.501111
-5.32786
0.701339
-0.112535
4.91344
-0.522772
2.11102
-0.436485
-2.38395
1.04393
2.43152
-2.40782
0.159672
0.2515
1.69241
-4.2439
0.428104
1136.27
138.92
0.750047
-1.85406
-0.291765
0.656902
-1.63619
1.29657
7.17351
0.947259
0.282798
2.49685
0.0231514
52.1407
1.22502
-0.714953
-1.35586
1.40053
-4.10778
-0.413487
0.771791
-0.872028
0.375714
-2.55915
-0.513825
0.959507
0.101628
0.360738
-2.87071
1.60111
-1.02275
-1.50827
2.24818
1.23255
2.76217
0.0897575
-0.318139
-1.16126
1.63016
-4.35313
1.27526
3.0558
0.32914
-0.846666
-4.16256
0.332549
0.486375
0.0415949
0.5411
0.65278
-5.30032
1.71232
-2.61802
0.250025
-1.32821
-1.04742
-0.28966
-1.3741
1.7162
-0.577616
-0.053149
-2.55365
-0.221725
0.155014
0.0383492
0.175059
1.78595
0.102387
0.538981
-1.14062
-20.6662
-11.2339
-0.996074
-0.504872
-1.09897
0.56744
-0.26217
1.03379
-0.204182
-1.35201
-1.40243
16.5929
3.31597
-0.386708
4.97626
1.20876
-1.60958
-0.181188
-1.19505
1.51471
-0.695074
3.56651
2.08421
-1.55411
7.80348
0.63626
-0.220922
-1.66123
13.0672
1.0455
-0.655558
0.614715
0.22421
0.695536
-0.503785
-1.5887
-1.64354
-1.33687
0.468187
-0.97298
7.69355
0.179476
1.99478
1.46651
-0.399666
-0.214057
-0.34592
-0.471319
1.56703
-0.706827
0.0334639
0.0331964
0.476823
9.61021
0.608172
0.00986055
-0.301859
3.32993
18.6097
1.57105
-0.261837
-1.07798
0.954629
2.1022
-2.74975
-3.45503
-0.204596
0.931646
1.19558
2.68275
-2.135
-2.41136
-1.95814
-0.797721
0.0857041
-2.38372
1.2119
0.254526
0.29629
-2.40091
-1.35577
0.973238
8.5003
0.691834
1.35952
2.47206
-1.761
-1.58807
-1.08451
-1.66265
0.0852256
0.022191
1.91906
4.12969
0.303064
0.259808
-0.657389
10.4563
0.205395
-12.6745
0.836559
-1.59668
-14.6325
4.02392
-27.6695
-0.611653
-0.302018
-3.786
-0.537021
0.295339
-0.0138981
42.1201
18.078
1.73884
-0.658817
-4.23614
35.0055
-0.787351
-1.60867
0.433829
-2.85429
8.99235
-0.790743
-0.199209
11.7864
-0.193554
-3.44383
0.337567
-3.4267
0.340598
1.75328
-3.30763
-1.29518
0.326857
1.4447
6.59802
6.83899
-0.606575
-0.470646
-0.908247
-0.487092
-1.29134
-0.213641
-2.84062
15.057
3.05655
0.741842
0.392331
-1.8321
2.94889
8.14771
-1.95511
-0.460103
-0.684967
1.15869
-10.9552
-1.91744
1.50345
0.964298
1.46323
0.203022
0.253046
1.69695
-0.251953
0.623254
-0.162165
-0.375497
-2.57775
0.226951
4.82407
2.1504
1.30077
0.961602
1.89411
1.84922
-0.631731
0.0286155
1.50063
0.678196
0.229096
1.21141
-1.28597
0.514706
-60.4138
1.79106
-0.853029
0.0141898
-2.58145
0.875431
-0.316106
-5.32657
-2.37169
-2.40995
-3.07066
1.03633
0.58178
-2.43782
1.35635
-0.151144
4.39425
0.61601
0.410767
0.840484
-0.0243851
-0.776317
-0.839291
0.64468
-0.467074
-1.13585
-4.34574
-0.0706922
0.578692
-0.731299
1.11156
-1.06064
16.2392
-5.46711
0.310241
-3.42815
-0.0639587
0.116193
-0.367854
-1.61549
0.847047
-0.740386
2.7093
-0.146148
-0.0621448
-1.87144
-3157.87
-5.81572
-11.9824
-0.428951
9.03416
-0.810566
0.609577
-1.48211
-2.78889
-0.086349
0.192876
-0.160306
31.3736
-1.60485
0.417745
-1.26412
0.56704
0.275208
-0.197342
-5.5158
0.153297
2.02826
-0.281379
-10.102
1.15319
-5.15151
0.131336
2.23869
1.54362
0.941399
0.0591144
-2.55189
-6.794
-0.274989
2.02375
-6.1473
0.0940244
-0.325489
0.0398641
-0.60809
-0.734442
-0.0255363
-0.577468
1.1294
-0.56968
1.28111
-56.3734
-3.3888
0.594863
-0.20373
1.02017
-0.0836125
-0.489975
0.183899
-30.3475
0.570649
-1.63096
-0.63367
-0.661674
-4.92204
0.0727543
-6.22741
-2.70234
-1.72476
-8.62087
0.286313
-0.525898
-0.275127
14.0785
0.19818
2.38841
-0.74523
2.46431
-0.644489
-0.372633
0.720992
-0.120705
-0.804599
1.36749
0.952112
11.4794
0.288412
-0.901862
0.130956
-0.0972812
-8.041
-0.014671
-0.705443
2.19134
-3.07524
-4.74237
0.722245
-1.33632
-2.22973
-1.9263
-1.1071
-1.47881
-0.331799
-0.11272
0.43727
-1.34932
7.61625
-4.71395
-7.84895
-0.149024
-1.12483
55.2676
7.48531
9.76619
0.661789
2.80825
-1.39929
-2.87536
-1.29483
0.693099
0.843433
-0.144224
230.847
-0.66439
-0.104643
5.47638
0.0480743
1.45038
-1.32814
-23.4777
2.35469
14.046
-0.0668447
-0.786453
0.0952731
-0.425492
-1.64921
-0.00122607
2.21891
-0.151308
0.112688
0.908865
2.02839
0.271962
-0.385284
-1.28966
-1.0148
0.0424867
-0.707641
2.76501
-5.76921
-3.57634
-1.05104
0.155677
-0.00501387
0.67357
0.703814
-3.40289
-2.96463
0.506954
0.370967
-5.65066
1.30466
-1.38135
2.42608
11.6265
0.055121
0.366778
-0.271929
-4.7584
5.66305
0.0160367
-0.462473
-0.222253
-1.20728
-0.0391947
-0.10845
-1.68976
12.5263
1.03828
-0.246356
-1.86736
-73.1622
-1.79462
-5.1479
-1.34673
-2.29871
1.2947
-2.1829
-0.103786
0.135593
-3.32378
-0.563105
-0.903774
-0.323202
-0.345671
-0.189069
0.75799
1.11544
1.73237
-20.1516
-96.5952
-0.652739
0.0716827
1.67352
-13.6971
-0.481108
2.53245
-2.16444
-14.3105
0.260622
3.63736
-0.16702
-0.980046
-2.44872
-0.743546
-0.486393
0.03402
1.58
-0.412403
340.6
-1.52292
-0.474843
6.49946
1.68684
-0.0980058
-0.254508
1.55449
1.0945
-2.38176
-0.290345
-0.0403059
1.26072
-0.441579
0.0990675
1.27437
-0.26018
0.307755
-13.3498
-4.06414
-2.85194
0.658827
-0.99273
4.3551
2.30879
-0.572861
13.2228
0.561752
-0.885812
-0.977913
-2.90605
0.465673
2.70613
25.653
9.20329
0.427319
-0.959229
3.88863
0.232237
-2.55961
-25.1145
-0.605842
-0.094506
4.07657
1.61032
4.36698
-0.385125
0.920505
-0.0485204
-6.17582
-3.1163
-0.954435
1.85508
-1.08422
3.00464
-0.284833
-0.0787108
0.355132
-0.813721
2.01636
-1.04091
-2.45112
13.326
-0.721105
0.702262
0.176522
-0.371775
-0.318774
-5.8375
-0.315037
-6.84968
-0.245688
14.2327
-1.09515
-0.365699
2.05291
1.15454
0.229289
-0.594899
-17.9123
2.10333
0.138983
-0.302033
1.35807
15.5975
-0.163215
0.227796
-0.524484
-4.71701
-7.07134
0.264063
-0.681825
0.207562
-0.0813447
0.217776
-0.458292
-6.3647
-6.94774
-4.53889
15.0337
-2.54486
41.9387
-5.60172
0.0692543
-3.66722
0.195005
0.170596
28.2292
-0.348018
-5.78009
0.163289
-1.67766
1.06074
-0.506802
1.77395
-4.11695
1.36207
-0.232559
0.150497
0.66261
4.7231
5.00248
1.15683
-5.48713
0.386715
-0.120828
0.413483
-2.41373
-0.462046
-0.465198
0.847624
1.65363
-1.19866
-2.33378
3.79318
1.21677
-0.114143
4.7408
-0.207751
1.68282
-0.166022
-0.620059
-0.424684
-1.78861
-0.338275
-3.01842
0.853927
3.58848
-0.0937622
-2.3639
1.23185
25.7754
0.471877
-3.71941
5.49251
-0.117088
0.679336
-0.373269
0.177459
0.876105
1.43518
-46.8355
0.784727
0.455255
2.23577
-1.09788
0.956253
1.23587
0.986461
1.89944
-0.785686
0.199122
-2.29892
0.69919
0.323649
-0.158297
0.37037
6.80061
3.08583
4.55941
0.340593
-0.338888
0.221257
0.745447
-55.1848
1.35905
-0.0175658
-3.12836
1.50241
0.403962
30.0669
-2.57265
-1.68619
-0.701318
-0.569469
-0.062316
0.518099
-2.89621
-1.26877
-0.636928
0.795678
-3.36988
-0.504056
0.989633
-1.53787
-1.49394
-2.10634
18.8003
-0.322786
0.430376
-1.07908
-1.22399
-4.58771
-146.835
-0.920959
0.133686
-1.29307
2.18751
-0.357595
3.5247
2.56976
-0.188416
-0.485276
1.86417
-2.26943
-0.0624698
0.0194572
-0.373116
2.38773
-3.72172
0.675523
0.282695
0.2074
0.47995
19.8052
0.110663
-0.791958
2.94239
0.940688
0.131814
-0.463736
-0.043807
0.577146
2.04936
-1.17244
0.285946
2.18771
15.5896
-0.692336
0.611609
-3.67996
-0.182154
0.92291
-0.57101
-1.30908
4.55916
3.26628
-1.89972
0.318076
-0.097473
-0.292563
0.709277
0.0659548
0.863863
-0.408989
-0.209367
-5.03865
-0.47914
-1.43602
3.21953
0.651783
-1.59017
-1.50769
1.0789
-0.457162
0.334004
2.31864
0.76803
-1.00202
2.19062
-0.624512
0.485502
0.146632
0.267632
-0.572599
-2.62302
69.8685
-0.869401
20.346
-0.280744
1.97883
-2.7166
0.391785
2.72865
0.523023
5.26179
-4.00868
-0.331283
-15.1138
-10.6096
2.95313
0.294715
2.50412
-1.35724
1.16172
0.978331
-4.18892
9.57662
0.521119
58.718
9.54575
-2.15619
0.314882
2.23493
-1.15142
-5.93451
2.14451
10.2764
-0.828524
-405.005
1.41754
-0.0215014
-1.03551
0.986543
-0.60414
-1.25382
-1.24004
2.36904
-17.4257
-11.1047
0.0746561
-0.592978
0.917774
2.29793
0.104183
-1.03327
-5.85817
1.30021
0.110719
1.75378
-0.37484
-0.937635
0.0368852
3.83389
0.769485
-0.578329
0.699215
0.713753
-0.78922
-0.00685486
0.683741
-11.857
0.230247
-0.128994
0.299405
1.14365
0.693073
-0.553778
3.49796
0.312058
-0.360908
-1.10338
-0.170393
-18.9687
0.169801
-1.57695
-0.351581
-3.6318
-0.538181
-11.3573
-2.73418
-0.548539
2.69699
-0.171649
-2.69926
-0.0589563
0.651379
-0.866912
-0.339478
-0.866778
-4.14422
0.198095
-0.13836
1.54569
-2.67674
-0.368676
-0.30962
1.44597
-2.52803
-7.11685
-0.321639
0.333129
-1.40334
-1.44524
-11.37
0.844668
5.08604
0.0636193
-0.565547
-5.7309
-1.0011
0.605225
5.91839
-0.474116
-0.580674
-3.92534
-0.16375
-0.578555
0.108551
0.348365
12.8956
0.445349
0.192131
-0.705464
-0.258403
0.331312
4.70091
0.0325865
-1.06589
-9.84933
1.07284
0.739726
1.89309
0.489569
-2.56299
0.772043
0.266699
1.5778
0.65326
0.586185
0.546116
1.13635
0.65148
0.345483
-0.2786
0.455237
0.25474
0.426215
-0.655097
1.78737
-0.100105
-0.930893
0.533676
-0.425348
-8.13204
1.11488
0.382264
2.42808
0.681158
-0.408407
0.406339
2.78884
-2.58648
0.0635441
-0.398304
-3.41871
1.87704
3.80077
0.206607
-0.611727
-1.17797
-0.805226
0.246532
0.80387
-1.33677
-37.0852
-5.38095
1.08117
0.0835275
-1.35149
10.9163
-1.72028
-2.07198
9.71044
-10.5466
0.487127
-6.00574
0.308496
-1.24075
-0.285543
-0.627473
-0.814164
0.862966
11.9247
0.399745
0.511501
2.40451
2.49706
-0.175438
0.183804
5.00296
-0.0777675
-0.579505
1.79172
-3.08335
-0.255516
0.196341
1.94811
0.287741
-1.02277
-1.00184
-1.20442
2.28078
1.55291
1.52445
2.88583
-0.13137
-2.43987
-4.84851
0.485173
0.936919
-0.492071
-10.8306
0.0110076
-1.5645
-0.745569
0.292057
1.03872
-0.145336
0.026929
-3.05061
0.00800998
-0.967393
-0.137167
-0.485501
0.120166
1.0587
0.68193
4.2436
-0.136799
20.1794
-0.071036
1.69932
2.91852
1.23422
-0.0535293
11.6063
0.730508
-0.509264
-1.02753
-0.620442
-0.0574594
-1.44084
-0.0370653
-2.3857
0.586704
0.544854
1.66066
-0.52299
-0.57061
97.1636
-13.9894
-0.187355
-1.09385
-1.0704
-0.0573623
0.0270502
-1.22074
-2.49733
1.91972
-1.56115
4.57909
0.354632
-0.388487
3.81214
-1.84041
-1.61429
-0.768041
0.562664
2.45296
1.66507
1.01289
2.66196
-0.491477
0.156631
-3.59402
-0.884182
-0.211545
-1.5984
30.7808
-0.0795248
0.953926
2.0586
2.65879
-0.854103
0.121332
-0.358338
243.755
-0.140752
2.57037
-2.76272
-0.160593
-1.39187
-6.97739
1.97378
0.811969
1.07561
1.23406
-0.72036
-0.370727
-1.11792
-0.617175
-0.436797
-0.532141
-1.15289
0.0480961
-0.218462
1.26728
-0.523639
0.410455
1.63889
2.99322
-5.12246
0.384852
0.62841
4.84013
0.797441
0.390732
-0.500786
-0.846746
1.99994
1.96423
0.0372897
-0.526951
3.7437
-0.903501
-0.120615
2.30157
18.9394
-0.59536
-3.05404
-0.668135
-1.40556
0.549157
-0.0302161
2.97085
-0.541092
-1.40636
-0.166297
1.22045
-17.2463
-0.909937
-0.989123
-0.621111
-1.19398
-0.227813
0.17818
-0.0297474
-1.84568
-0.851076
-8.99565
-15.189
-0.281335
2.185
-2.16625
0.353765
0.592717
-0.465458
-1.51625
52.4296
4.55303
-0.0168795
0.53232
2.771
-0.362257
-1.02374
-3.20246
0.185529
0.992909
0.641248
2.92199
0.960496
-1.94658
-7.64281
0.230427
-0.413401
-1.2278
2.16922
4.51
-0.0875804
-0.844974
0.235182
-0.246625
-1.54626
2.21965
0.800915
-5.18975
-0.244415
-17.176
-30.722
-0.927027
-0.313861
-9.76993
-0.886334
2.62675
46.1544
-1.72248
32.3016
-0.390738
-1.08245
3.09992
-1.09286
-5.94942
0.697903
-0.96346
-3.96628
0.164212
-3.80563
0.801091
0.0261644
1.14037
-2.16557
0.489608
0.642631
3.23364
-1.58437
3.8821
0.849624
-0.404614
1.07896
2.26578
0.458376
-2.90256
-1.92388
-0.982126
2.75559
0.922307
-0.464539
-1.66509
-0.824391
-0.265389
0.275617
-2.04052
-0.50975
-1.7768
-7.00587
0.161446
2.19814
0.242587
-5.57101
-1.02081
3.54363
-2.07194
-1.14853
0.701116
40.2221
0.207334
-2.32652
1.72033
-58.7031
14.2007
1.71483
5.85933
0.586032
2.64147
1.34969
0.0638474
-2.59161
-0.64141
0.739995
-0.478585
0.670321
-2.7677
-0.732592
1.55404
-0.05169
1.43518
-0.564801
-1.45616
-0.179756
1.20973
1.48639
2.12857
3.39103
-0.369037
-0.264238
-0.843374
11.3865
3.6747
0.676802
-0.482451
-33.2047
0.217903
-0.931327
0.171941
-1.01268
-0.108943
0.613252
-0.377183
-2.6189
0.106597
1.81541
-0.34432
0.828748
-0.23739
-4.38939
19.3221
0.132435
17.7537
0.574719
1.46956
0.487742
-1.48271
-11.0048
-0.00589431
0.700613
13.9256
-0.13618
-3.67555
-0.92164
-0.455305
-1.28386
3.85611
0.967837
-4.62826
-0.771591
-8.13057
-0.596837
-0.78322
0.097549
1.51508
-2.48789
0.640486
-0.146441
-1.20046
-2.64034
-5.71395
1.00901
41.6764
0.172039
-9.68192
3.39054
0.814517
0.423694
-0.721424
1.2883
1.38685
807.882
0.00999141
0.7377
0.0305751
-0.7873
0.050556
-7.73338
1.94519
-2.73705
-3.53012
3.7589
0.0183856
6.31959
0.880342
-0.645552
2.28047
0.765005
6.56614
0.162887
1.8246
-2.10078
1.74252
12.2007
0.481876
-0.0861003
-1.57911
0.424256
-46.3811
1.23651
-23.7826
-0.373655
2.25132
-1.11227
-3.76697
-0.256493
-0.985879
1.73889
-1.07228
0.872055
3.02323
-15.6559
0.192768
-0.294081
-5.40852
-1.17116
0.289877
1.14969
1.05525
-10.1661
-27.2684
-0.315503
-1.42307
0.0426935
0.457271
-0.168259
0.365517
0.716502
-1.7369
-3.53784
-2.21321
1.57822
-0.923709
-1.47802
-1.73512
-2.56647
0.168074
-3.41977
-1.05567
-0.122084
14.1496
-0.55567
-0.797495
-0.25628
-0.39354
-0.571389
-0.127748
-0.160207
-4.40609
0.451829
4.03769
-1.33874
0.395871
-3.54584
-0.523037
1.88441
0.758742
-0.326769
-5.85389
1.77845
1.41341
0.493051
0.837394
-4.46632
-15.474
-1.92605
1.52733
-1.24757
2.76067
0.501075
-1.99314
-0.627282
-1.75518
1.88441
-0.765519
1.54826
-0.992473
0.0456922
-0.0421893
-1.45339
-1.41184
3.23314
-14.3226
0.749453
-1.40245
0.110073
-2.44691
-4.14919
0.436782
-0.497058
0.340465
-2.57917
0.220702
-15.1362
-1.22587
-0.151019
2.05602
1.2231
0.348303
2.07681
-0.165923
-3.3657
-2.12105
-3.48295
0.320263
7.08565
-2.37582
1.56286
0.407513
1.19016
0.473976
1.29906
-5.57512
0.409774
0.708795
-0.718185
-0.0643575
2.08928
-0.194281
-1.47885
1.73222
-2.01071
0.331432
-16.454
-1.20145
4.09063
-0.226788
-0.403696
-0.699557
-1.11789
-0.829462
16.8261
0.0781472
-1.59406
-0.4823
0.521108
-0.282092
1.07105
0.568068
1.42674
4.01205
-3.56333
-0.282911
0.124
0.0179964
-1.36149
0.461649
-0.372936
-3.41701
-1.88163
-0.20167
-2.33226
-1.99565
-3.89885
2.07487
-0.670451
-0.61923
0.161724
-0.168066
1.98418
0.0926736
-0.597146
6.40439
-0.916411
4.00467
0.041377
0.00274983
0.959631
-0.738081
1.27049
2.82502
-7.53921
0.651045
-0.0406425
0.55744
0.486126
0.070772
-0.290872
0.0195343
-0.375151
-3.57018
-5.82128
3.26329
38.6847
0.807555
-6.27607
7.80237
0.373306
0.642073
103.616
0.631539
-0.649386
-1.62598
0.689399
2.14922
-0.567323
1.27165
-6.77111
1.41514
0.596409
0.600315
-0.300915
-1.04225
1.47555
-4.98506
-0.673343
-0.26997
0.855322
4.11389
1.79839
0.519648
0.846726
-0.0527485
-0.85451
0.0369858
-1.05664
1.80038
-7.54594
-0.928707
1.68939
-5.56165
1.16686
0.256104
-2.14117
-1.27413
-1.0239
-55.9853
0.96424
-1.37851
-148.891
-0.136379
2.30833
4.0364
1.4312
0.87829
8.40046
-12.3494
1.67476
-0.365193
1.19008
-134.242
-0.771828
3.82266
5.15748
-0.448634
-1.60994
-0.222547
-0.0878464
-24.0909
1.63372
-0.557856
-0.971349
-2.58554
-0.474511
0.220949
-0.483292
0.0481451
-0.532664
0.141532
-0.109652
0.707729
2.63141
-1.15043
6.87355
3.56333
-0.859901
-2.40732
-0.17032
1.00851
0.0739512
-4.51596
-1.50421
163.843
-0.354987
-0.566616
0.517967
-1.49424
1.55056
1.15862
0.88273
-0.556029
-0.0635448
-1.13864
1.08779
-1.27333
43.7827
0.774833
-4.6712
-3.01873
0.348156
0.3185
0.227856
-0.20604
0.855927
0.630579
-4.15085
2.36612
-0.410067
2.62441
-7.03831
-6.09162
-1.25514
1.23172
-0.315464
-2.48622
2.48408
1.21215
-30.535
1.96628
-0.391501
-1.21678
-1.38126
-0.466039
0.478379
-3.01909
-1.29508
0.296641
-0.865939
-0.749297
-0.471985
-5.7853
0.113962
-1.14346
2.87444
0.964362
-0.0104335
2.32543
-21.9863
1.53434
-6.78949
-0.3179
-36.8601
-1.59433
2.16262
-22.4222
0.812096
1.74178
0.220077
-5.17313
-0.690904
0.754044
-0.281475
1.98004
2.52021
0.0510531
-0.274458
-0.860626
0.037525
-24.5478
2.23461
6.79417
-4.46728
1.50854
-0.747929
-0.148815
0.191381
-1.49186
-1.03622
1.40242
-0.887519
2.74435
-0.695252
-0.686274
-0.970912
18.287
-1.80787
-2.11197
1.15762
-2.25264
3.40221
4.88242
-0.36254
-0.31281
0.229046
0.185824
-2.42365
0.317949
0.694105
9.25866
0.486073
0.391915
-1.0087
0.920973
1.0599
4.39647
0.0837539
-0.613189
-0.213919
13.5393
1.14434
0.373566
-1.27558
0.564712
-2.08403
0.143407
-4.04351
0.328663
-1.23233
6.98497
0.044829
-1.52614
0.20281
0.18501
-0.730289
-1.44138
1.09651
-5.96968
-0.0800054
1.40252
0.987045
-0.599411
-21.6571
-4.88266
8.38767
0.981514
-0.210441
-1.77948
3.85205
-1.18376
3.91573
0.422074
3.60804
-0.225626
-55.5692
9.9215
-0.506483
1.68946
1.5377
-3.87136
-1.42836
-1.02523
-0.600639
3.06576
0.64492
-1.32987
-0.0605271
-0.352693
-0.465192
1.61938
2.04246
0.956422
-1.10078
-17.0761
-0.10906
-0.309836
-0.672162
-2.69706
21.4298
-1.99207
-5.68866
1.14145
-0.691394
-3.13974
7.76049
3.19403
3.83984
-1.57131
-2.34008
-0.286799
1.24396
1.7532
0.0738894
2.0702
0.00324162
-0.374084
20.708
4.92118
1.09675
-2.91778
-0.0381112
-1.51643
2.73363
-0.0621165
-42.9615
0.883627
-0.429873
1.20743
-7.27178
-2.7859
-1.30555
-0.285363
10.249
0.219776
-0.478021
0.113616
-0.931583
1.91733
-3.44764
0.174286
-0.45903
-1.64752
0.850115
11.7257
1.11569
1.32754
-1.51341
-2.14271
-0.503475
0.824391
-0.319589
0.0991866
4.57492
8.13992
-2.81656
-1.08046
1.70959
-0.286716
0.384933
-0.512236
0.691062
5.35558
0.616245
1.16638
-0.85763
4.40158
2.72964
-1.58036
1.96684
-3.36559
-0.579918
7.59063
-0.360604
-116.92
0.151218
-31.8415
1.7652
8.28406
-2.64885
1.46919
-0.48769
-0.0976195
-0.561964
-0.237188
1.53726
-0.605655
-1.07501
1.60533
-0.745701
-11.3257
1.18024
0.0863155
-1.75363
0.0643846
2.44399
-1.07697
-1.52552
-8.63907
-2.01534
-7.7051
-0.953952
-3.84763
0.431772
-2.38557
-27.3708
-1.21325
1.13525
3.94409
-0.596182
2.13861
-0.0839213
1.95328
-2.05922
1.48533
-0.300079
-1.59853
-0.698656
3.26761
0.376735
-0.205055
0.511065
0.332282
0.399754
0.709052
0.469486
0.232058
-8.34816
1.19118
-1.06203
3.83873
0.892411
1.30646
1.37607
-1.38533
-0.409974
0.877918
3.89898
0.740591
-0.61722
-1.47985
-0.0694569
0.631145
3.58528
-1.85386
-0.141836
-0.479583
4.04865
5.15237
-0.917539
0.865527
1.18417
-1.17713
1.27471
0.635075
0.571813
0.230934
-0.110084
-6.95723
-0.211747
1.00485
0.205587
0.433666
-0.584674
0.053888
0.425552
1.19768
-1.29907
-0.93789
0.747626
-2.22767
-2.65623
-0.405438
1.29495
-1.18872
-0.539678
-0.450444
0.532824
-2.04946
-2.0094
-2.4656
0.622597
-0.360677
-2.58177
-0.429772
-0.240257
-1.78575
0.850026
0.728003
0.531893
0.0374973
6.59971
-1.91055
0.75333
-4.12251
-10.8187
-0.910801
-4.9775
0.820347
0.570874
9.96754
1.75334
-0.059254
-0.0379749
-1.14515
-1.16397
0.333821
2.37111
-0.880767
-0.362811
2.65657
0.465923
-0.12603
-0.999497
1.60551
1.20329
1.61018
0.281792
-1.46557
0.355755
-0.294084
-12.5681
-0.755035
0.743432
-2.82153
-8.16144
-4.46965
-5.88319
6.98301
2.12103
12.5691
-0.288041
-0.961308
-0.325028
-38.3492
3.56993
0.303466
-7.8421
-0.942259
43.8613
0.104674
-3.98663
-4.04348
-1.6554
-0.189945
2.40651
-1.46292
-0.380321
0.268023
1.60214
1.83209
-2.36269
-1.02349
0.32062
1.12545
1.13916
3.62587
7.1917
-0.485771
0.499833
-0.967968
2.04197
-0.394479
0.75627
-0.512387
0.532812
-2.34445
-1.73336
-3.40163
1.51232
-0.747464
-0.443383
-8.81689
-0.601056
-1.57236
-1.41009
0.00332713
0.715898
-5.0201
-0.386365
0.499434
9.63315
-2.94282
0.0128289
0.0452106
1.17745
1.5313
-0.72938
-3.9996
0.333664
-0.242578
1.47298
6.60065
0.579461
-0.373724
0.872122
-0.885167
1.6393
12.2385
0.24951
0.783035
1.78755
-2.338
0.439559
0.950468
-3.12926
1.52147
-0.0109245
-1.27465
0.529514
-1.37763
-6.13553
1.78988
-0.857507
0.0617899
2.0561
-1.26496
-0.728958
0.846938
-5.92585
0.651448
0.331097
-2.52869
5.89331
2.00456
-2.9984
1.08357
-0.102666
0.0443721
0.513376
-0.106263
2.32044
0.0398591
0.0988125
-3.02156
-1.15635
-0.588374
0.479581
0.0211461
-1.35772
4.09954
1.01653
24.2659
1.40933
1.31487
-0.265373
-0.253463
-0.0325067
-3.77644
2.35278
-4.88021
6.24007
5.46124
-0.3628
-1.82324
2.55188
-0.257109
-0.0100997
2.21888
-1.57846
-3.66391
-0.673465
-0.138549
0.606918
2.36952
0.197253
-1.40391
-1.44569
6.5253
2.66002
-0.302689
31.8812
-0.969689
1.67782
1.30185
-2.81589
23.7635
1.49067
2.13749
-0.858397
-0.469768
0.663544
-0.640296
-6.50718
0.0625365
1.53255
0.901109
-0.868224
0.550199
3.51812
2.9447
6.59305
-0.437338
-0.483841
-4.6704
0.304587
1.16994
-1.17995
0.863726
-6.26801
0.128326
0.175821
1.32813
0.321592
1.20019
0.130056
-0.132707
-2.38824
-1.38087
-0.0099998
12.5891
-0.0103972
-0.669428
0.124579
0.103187
-2.26378
2.46641
-2.35642
8.2676
-2.17761
-0.642478
-0.732483
1.00957
0.186488
-0.501848
-0.517452
-4.00374
-1.58382
0.210933
0.229621
3.5434
-4.2398
-0.499895
-4.0246
0.503963
0.700788
2.66443
0.637827
1.33118
-254.931
-1.22473
2.41691
-2.70553
-0.412177
-19.8554
-78.5666
-0.388545
7.25512
-1.22008
2.93723
-0.444852
1.15739
0.231858
-1.11315
1.67736
1.85116
0.349493
-0.777629
-0.188285
-3.61104
-2.58009
2.00089
-0.338565
-109.335
-0.269432
1.13424
-1.14585
-1.03867
-2.11094
-5.82822
0.451263
-1.29586
5.63195
-0.0384315
-1.16439
1.56856
-0.0228482
1.55457
-1.1632
0.340578
-0.908927
-3.79038
-1.14424
-0.663386
-0.042416
-1.2562
-0.32892
-0.841733
4.84526
0.619759
0.212501
2.83311
-0.190456
0.403149
-8.58065
-14.1867
-1.20749
3.46802
-0.0329932
-1.70599
0.593898
-0.563923
0.0654052
1.35412
1.29065
0.0274029
0.180166
3.22448
-6.29626
-1.77922
-0.760397
33.7807
-0.516389
-5.19169
2.07631
2.05497
1.94568
-10.0738
0.361564
0.133934
3.12318
-36.484
0.690725
0.671599
2.22302
-1.10131
-0.308701
-0.0931529
-2.55921
0.256191
0.497164
0.582007
-1.47928
1.39551
-0.0843251
-0.261722
0.294672
0.417485
-3.38804
-3.33692
0.738898
1.11818
-2.3634
-2.97631
2.86582
0.172979
-0.519258
-1.02852
-1.8226
-1.29664
0.558886
0.103714
9.18738
8.82628
1.15197
-0.171962
0.59468
-28.6535
-0.602374
-1.23912
-0.783977
1.74273
-10.6978
0.236999
-0.411635
0.129761
-2.0546
-5.07443
-0.933864
-0.595891
-2.49527
-0.180328
-0.726067
0.0785157
-2.22831
5.03258
0.571318
-55.2308
0.480878
2.65448
0.41432
0.959258
-2.64714
0.573199
-0.51922
2.08684
-3.22398
-3.31996
0.989372
0.26973
-0.448597
0.570202
0.526583
1.16448
-2.83375
-1.19284
0.220029
0.439086
0.991964
1.82337
3.56084
1.08603
0.431953
0.985904
1.22917
2.06882
1.74374
-0.0227836
-87.8914
0.959573
0.790985
-0.750753
-3.06776
-1.41458
0.657117
-7.99431
-13.6749
0.385481
0.92676
51.0154
-0.355514
3.87672
-21.714
5.49677
0.316272
2.08519
0.692747
0.773129
-0.688944
2.0475
-0.339123
-3.10027
-0.415213
0.374309
0.676188
-1.42528
-5.11978
-0.0615214
-0.234196
-1.36436
3.99172
-3.35722
-0.93846
-0.634168
2.22187
729.9
-20.7879
1.23554
0.550888
0.823172
0.914412
0.0970643
0.989272
4.05827
-1.2831
-0.641203
0.136023
1.64212
-1.80781
3.46984
0.434375
-0.503704
-1.92377
-0.308695
0.658203
-2.3128
-0.0570356
1.6032
-0.197212
-0.508834
-0.175968
0.26801
0.551088
0.518035
0.607931
0.249861
-0.538431
-0.00366886
1.00302
-0.455892
-1.16826
8.69047
0.0793588
-3.20043
0.360394
3.12545
0.411156
8.74927
0.604955
-3.15548
12.9484
0.329779
-0.469145
-1.96671
0.558465
-0.179532
0.556171
-3.47249
9.92297
-0.43735
8.60697
0.910003
-1.30216
0.962942
0.200534
0.93137
-6.35924
-0.980512
0.767918
-0.455949
0.384874
-0.0179525
-0.100114
-0.893485
-0.893194
2.30845
-3.18471
0.534348
3.6001
1.09961
-0.666635
-0.415119
-3.30907
0.0260357
-0.347329
0.750161
2.28754
0.170683
-0.116738
0.155019
-0.0429353
3.09958
1.81373
0.0331808
1.16289
1.32414
-0.347526
-4.22241
-5.76231
0.406534
-0.691832
-0.921452
5.00356
0.0795291
-0.184979
0.459842
-5.71715
1.3045
-2.27602
-0.0790405
-1.20774
-0.70105
1.08106
2.50993
-6.37269
-1.11087
0.177027
0.611199
-0.521773
-0.847408
-2.161
0.342318
0.020574
2.95496
1.00351
0.358725
0.119743
3.18452
0.39608
1.1197
1.85413
-0.292922
-0.23942
-0.29196
2.5813
0.205556
0.00844757
-0.33388
-0.604838
-0.951503
-1.11582
0.588436
-0.163403
3.9486
-2.85957
0.262292
-0.121665
-0.948109
-0.19601
-8.21189
0.633586
0.134417
-3.19872
-2.71451
0.162307
-39.267
1.02215
-0.328585
1.65837
0.397693
0.367948
-0.15259
0.201909
-1.76944
4.6395
0.536604
-1.37856
0.622421
-0.586226
0.0395744
3.22937
-14.5624
-4.22319
6.14762
-0.25172
1.6146
0.0636469
-6.41542
5.52393
-0.557811
-0.925385
0.80268
0.915449
9.43053
-0.255519
-0.425846
8.66456
0.599202
-2.31408
4.79328
0.783413
-0.0145977
6.59195
1.68099
2.26095
-0.475478
1.23747
1.24763
-3.69637
4.66434
1.4386
0.336466
-1.3744
0.816894
0.836171
-2.9591
-0.147557
-0.432075
-3.37393
-0.38172
1.84501
-3.31478
-0.261714
-7.78004
0.203688
0.0837387
0.074704
-244.107
0.188686
-5.07404
1.61454
-12.8539
-0.453825
0.361863
-1.25335
2.0972
-0.98843
0.571592
-2.18193
2.44322
-66.6188
0.714075
-4.12089
-1.85
-0.274151
-1.39258
-2.71656
-1.28174
0.6894
-1.36029
-1.24497
-0.779867
-6.27599
-0.263838
-0.40408
0.838871
-1.27444
0.424034
-2.85108
0.630754
2.8547
0.360484
-0.277654
1.10934
0.354733
4.53452
2.04194
-0.46691
-2.98026
0.0485925
0.40495
-2.59704
4.8313
-2.5213
-0.862346
0.0915285
0.192761
0.553006
0.953634
1.30548
-0.172365
-0.222232
-5.06987
-0.107801
-0.9322
-0.544539
5.19297
-1.06807
0.806476
-0.711065
-1.04796
0.649234
-2.50653
-0.0106282
0.62402
0.175672
-0.23312
0.183772
0.623004
-1.33502
1.04052
-2.01658
-5.31217
1.03218
0.216367
-1.35415
5.81085
-0.715635
-0.0191878
-0.998465
1.94093
-0.679057
7.21427
0.569472
0.229735
171.073
-1.0574
0.336451
1.82308
-0.331763
9.51654
1.44605
94.6752
-3.44959
0.45819
0.55007
-0.0470264
-3.84041
0.783496
0.158354
-0.358998
-0.703748
0.714072
-0.18447
0.00570112
-5.12937
-15.3918
2.77535
2.10796
-1.30081
-6.66187
-0.207605
-0.0961041
7.43421
2.61366
-1.42461
-0.192927
0.295801
-0.76911
-2.75716
-0.0369645
2.74595
1.1077
-8.58072
0.301494
-0.746782
-0.298322
-0.00569253
1.8596
0.723119
-0.277184
-5.30431
-0.923216
-0.819439
-3.93646
-4.24397
9.74898
-0.0248046
-0.463521
6.60281
-1.57087
-0.207175
1.29844
-8.63528
4.14512
-0.733509
0.924533
-1.2225
-0.651798
-15.4243
4.50465
1.4233
-0.388317
-0.301965
0.167554
23.3536
-0.421817
2.83817
0.743328
-0.255274
0.287611
-5.59516
0.65222
-1.38205
-0.398879
0.628556
0.94921
-1.09654
0.992192
-0.85623
-2.25326
-1.39033
0.777514
0.116793
0.109078
4.41918
-6.69376
-0.0596734
-1.73989
0.172934
-0.650963
0.653707
0.270198
-0.0804293
3.41007
-4.87918
8.50721
0.0435163
-2.13782
1.075
-4.04914
-1.43714
-1.79184
-0.900872
-0.277716
-2.6942
1.32234
-2.15037
0.446002
-1.14561
-0.936106
0.402228
0.436908
2.23298
1.37168
0.281092
-0.684172
3.11768
-1.87253
1.1602
-2.64465
-0.553842
0.727606
-1.63905
2.0201
0.539119
-0.290074
-943.981
-0.743385
0.479106
-0.363005
-11.2284
0.232369
2.84655
0.0746415
0.758427
-60.2735
1.21447
0.250651
-2.6189
9.26672
-0.516217
-2.01263
-0.261879
0.0134321
-0.201744
-0.845958
-2.18947
20.5592
-0.246022
-0.326191
-0.261143
1.18446
-0.492506
0.717615
-0.272467
7.7451
0.323852
-1.02146
-4.66553
-3.37455
-0.639641
-0.687283
-0.588628
0.470188
4.35886
1.68097
-1.07667
0.970264
-0.938177
0.877733
0.31393
0.0954669
-0.251038
13.33
0.562717
0.575642
1.19028
0.678902
0.132979
0.805395
0.706378
-0.882706
-0.472515
-6.82607
0.341625
-0.66252
-0.850086
0.962941
-1.38235
0.102922
-1.20097
0.174985
0.401732
-1.04561
0.871721
-0.883821
0.191531
3.16535
-1.38377
-0.849653
0.315918
-0.416826
4.36031
0.443238
-0.829559
-6.29266
0.0981684
-3.4008
2.67404
3.01826
1.05146
-2.85166
-0.124502
3.20998
1.30052
-0.139566
11.2029
-0.407521
-1.68165
-0.0292567
3.33954
-11.9578
-1.43619
0.0162066
42.7993
-1.696
-1.94624
41.4979
-0.0294599
0.362774
1.52003
-0.00826392
-6.89988
1.26894
-4.40814
1.74167
3.58479
1.05984
1.71776
6296.38
-1.46097
0.826061
-0.524685
0.598577
28.7483
0.614286
2.19981
-0.469465
9.2287
-10.5063
-0.100408
-0.586377
-0.125891
-11.7554
1.22393
-0.36355
0.565312
-0.973878
-0.0683794
-5.18773
-0.926324
0.316206
-2.60223
-0.939368
-1.55374
2.37217
17.1673
-17.9262
0.950487
0.55272
-2.47784
-2.49503
-0.115892
-1.2606
0.879004
1.34223
0.359528
0.869092
11.1927
0.729744
1.03366
-1.23286
0.434505
-0.164897
0.134064
-0.37916
-0.812012
-0.330977
-6.66391
-0.292549
-0.167388
1.64311
0.284861
1.39405
-2.09442
-2.21911
-0.318857
-0.174199
0.703371
3.06209
-18.1034
-0.42026
-1.9016
-1.74294
-1.1626
-1.57396
-1.31397
-1.88351
-1.93649
2.36106
1.3386
2.28062
-0.895005
2.22213
2.29219
3.43376
0.992674
0.313212
0.464427
1.54901
0.0137552
4.62935
0.447501
-1.3832
0.37697
1.88977
-2.66797
-1.20018
0.183301
0.997082
-0.668455
-1.84602
-0.497469
0.848365
-1.67115
9.3168
0.864294
-2.11005
1.76037
-0.88725
0.0295409
-5.1413
-0.249075
6.56636
1.65164
0.524732
0.723967
5.15371
101.938
-0.171212
0.774811
1.07111
-9.64037
-2.85274
-0.0277885
-1.59032
-0.250849
0.669775
0.698667
0.371857
-0.410008
-0.789759
3.63089
-10.6986
-0.322004
0.123078
-6.40208
1.16972
-9.17165
-3.30392
-0.469508
0.62933
-2.932
2.83479
0.53255
11.9221
-0.0755663
0.532147
0.37432
1.64502
-0.15803
-0.804457
0.0408585
0.212738
1.00731
1.28439
0.0997811
-0.0437227
0.804367
1.99852
0.533437
3.14268
5.67097
0.733562
-0.845564
2.35752
-1.63101
-1.59238
-0.0850593
-1.73337
1.45116
0.970017
-1.96564
-1.39541
0.729458
-0.95525
-7042.88
-0.837655
0.858029
-0.909196
1.05279
-0.0873743
0.90196
2.00689
-0.417563
0.261369
5.70103
0.087753
0.00387726
-1.29013
-1.00827
-0.097639
-0.469967
0.317005
0.396765
-0.582702
-0.242864
0.795739
0.920669
1.10065
1.12571
0.234699
-0.889565
5.75675
-0.160165
-0.761409
1.88251
-0.157646
-7.04076
1.1607
-0.756323
-0.925293
-9.64838
-7.00383
0.122509
-9.20276
0.928759
-1.0348
0.445034
-1.36615
-0.129253
0.15787
-1.31241
0.166469
0.00301309
-0.11138
-5.23552
2.22404
21.3545
-0.119281
-0.760701
-0.960636
-3.31666
0.469015
2.21515
1.53391
0.606107
0.49891
-1.53991
57.0089
5.50621
1.52703
1.30272
2.01596
1.60733
0.468101
-1.5683
1.56842
-0.25383
1.25828
0.305535
-0.281424
2.30274
2.99131
6.35906
-0.426451
1.06005
2.03839
0.310943
8.51282
0.772264
-0.933806
5.6731
-0.864055
-0.312372
0.640685
0.699315
-0.210444
1.15307
2.76564
1.51676
1.63537
1.00668
-1.30594
0.187853
-0.203437
-8.18321
-1.96625
6.80397
0.279137
0.284668
-0.837803
0.242251
-1.21769
2.52714
0.0651277
-3.74299
-0.589871
-1.96427
0.0755089
-1.12704
-0.370947
0.499277
0.380039
2.10906
2.08137
3.75202
-2.71898
-1.06947
-0.402987
-1.30888
1.94688
0.923421
-1.49498
-5.31895
2.34307
-0.588579
1.12491
4.52353
1.19804
-1.74986
-2.18824
-0.383604
-0.62793
0.186331
-0.867648
0.665866
0.454862
-1.52578
-2.83261
-0.812135
-0.136983
-27.7052
36.4569
1.26882
-1.00352
0.376698
0.0461134
1.28559
-0.483303
-1.0963
0.550436
2.18597
-7.36994
-1.82781
-1.51661
0.705759
-0.964498
-1.56778
-3.51873
-5.98879
1.78025
-0.747705
1.32711
-2.53643
-0.306555
0.293367
-0.154769
-0.651202
2.89832
25.7161
1.46741
17.1624
0.839321
0.696611
0.720391
0.670444
-1.63916
-0.912261
0.426483
-0.0889322
-5.52892
-2.40743
-0.271331
0.360708
4.45972
3.4381
0.243424
-5.14313
0.961864
4.22084
-0.77872
1.56337
6.18211
3.33211
4.08167
5.68626
-0.35631
1.8178
-22.1794
-11.4763
0.921887
0.590153
0.487292
-3.35593
-6.98855
-0.853367
-1.04575
-3.45747
-0.364967
-33.0706
-1.63359
2.70524
1.36999
1.77051
1.26158
-8.84662
-1.40618
0.827121
19.4391
-0.804363
-1.81174
0.000775799
3.6956
2.02218
-1.28115
7.79478
-0.667953
-0.436616
1.43849
-1.24025
5.22897
0.0937606
-1.49533
-4.96931
-0.0328196
-4.32629
-0.389501
-0.434044
0.948331
2.19829
-1.36422
-21.4269
0.0946337
-0.171412
8.69078
-9.51645
-9.5917
3.02544
-4.62224
-0.50753
-10.771
0.88067
-0.756438
-0.467462
0.667059
1.55474
-9.1519
0.0640617
-0.854585
0.17798
1.27198
1.89397
-7.27164
-1.20335
1.19616
0.761778
-32.0761
-0.104078
-1.14997
1.09735
0.905391
0.773155
-2.92255
0.293088
-2.55653
1.98001
0.468484
1.74222
1.533
2.28983
-3.22857
-4.19188
-0.752865
-0.0571028
0.182159
10.8248
-0.681381
1.20288
20.3617
4.77845
4.46441
-0.224827
0.0178743
2.77627
-0.799585
-2.60877
0.481956
-0.637019
0.286384
0.138433
-0.510761
-2.40276
3.52639
0.191619
-3.06798
-0.519998
2.32656
0.55625
-6.36478
-0.681757
0.00108776
8.43112
-0.262696
-4.53321
1.83075
4.4054
-1.92143
0.826065
-0.609236
-1.73547
-0.34592
10.8287
1.784
0.637092
-9.58307
2.98516
-3.34874
0.559305
0.634788
5.41016
-1.43455
0.576235
-0.760067
8.6524
-0.27311
20.7038
-0.131177
0.92298
-0.671063
0.894785
-0.338906
-0.351797
-0.626098
0.985712
1.38573
-4.82795
-0.313308
0.761752
-2.00951
5.596
1.46602
0.213935
0.816211
4.31541
-2.32829
0.848698
-0.79298
-6.80669
89.6703
-1.1059
-0.223882
-6.89643
0.0103246
1.22632
0.300956
0.269209
-0.507088
0.859423
23.5407
-4.69678
-1.80256
-1.52052
4.96347
0.848298
-0.0982827
2.99238
-0.751686
-2.24968
0.620665
0.536112
1.07263
0.0796288
-0.0137407
4.48316
0.168863
0.996656
-0.882379
-0.654976
0.942228
7.53337
0.408859
-0.295011
-0.820199
-10.63
-0.778543
10.6317
730.932
-1.9173
-0.477197
2.10775
-0.502209
-0.285867
-3.26455
3.07891
-0.546113
-4.62233
3.03274
-0.990224
-0.534535
0.360507
-1.60616
-0.997781
3.17351
-23.4392
0.394094
-36.5952
-1.01921
-4.66004
4.6488
-0.368205
-60.6764
0.23538
0.990255
-6.23975
0.041875
-2.43213
0.672414
-0.0104471
-0.385856
-4.11705
-0.340903
2.51093
-11.9183
-2.05189
-0.67231
-1.84734
0.860042
2.50474
-2.98042
1.44158
0.124389
-1.74815
2.412
-6.14466
-1.36768
1.49121
0.142936
-1.2149
-0.546829
-26.2353
26.5594
-0.683312
-0.04321
-0.0850502
1.06826
-1.5604
-0.379208
0.749374
-3.0021
-0.167151
-0.9169
-0.219004
-0.614244
1.15055
-3.04256
0.203075
0.324101
-0.940871
2.19507
0.806923
-0.188531
0.698398
1.7687
-18.0157
-0.756155
-1.29229
-0.526794
-2.78933
-0.223053
-0.225778
0.990256
2.07388
0.330052
0.568787
0.752225
-2.13021
0.776592
-0.110405
-0.197958
0.472565
-1.62845
1.00088
1.70734
-0.680845
-0.45722
0.0638082
-0.206338
0.246514
-0.395445
-2.52266
-0.0957442
2.42041
-0.385519
-0.660057
-49.9747
-1.12484
-47.1078
0.325058
13.5957
-0.721753
-1.10197
-7.63622
-27.5034
0.498506
0.703046
2.66757
10.3542
-1.24763
0.257267
16.1635
1.86752
58.6706
-1.78574
3.89888
-20.3991
-1.10812
1.52902
-1.81022
3.8609
0.499208
-1.27074
2.22754
1.63753
-0.664036
14.6627
-1.02917
-25.7105
-0.131104
-0.30852
-0.287549
12.3633
49.4314
1.21522
-1.18805
3.19963
15.0032
0.71089
0.555664
4.85129
-0.0164499
0.743697
6.53706
-0.724612
1.58672
-173.685
2.25747
0.279341
0.49449
0.0772817
-3.98699
3.90337
1.92015
78.185
-0.36786
0.769461
-0.0104981
1.39098
1.18866
0.165293
-2.43687
-0.278901
-3.14381
2.02191
-10.2372
0.554266
1.90261
0.283598
0.818088
-0.123179
0.45432
-3.52736
0.146034
-0.0371106
3.27167
-0.391658
0.0512089
-3.10846
1.06971
2.33153
-0.202789
-6.89414
-5.68911
-0.612936
2.8543
-1.62016
0.0279349
11.2369
0.455749
2.96322
762.578
2.31266
0.714477
-0.332292
-0.0797492
1.52254
-1.04986
-0.85882
-1.11356
7.27591
-0.515418
0.700798
-1.44133
-2.58048
-0.702216
-2.38865
-2.86264
-41.3169
-1.09362
1.09396
85.9862
6.55773
-13.253
17.8358
-0.41679
-4.37815
-3.78869
-1.71819
0.0355685
-1.19824
68.961
0.212302
-0.926044
0.43587
1.02336
0.788938
-1.22218
-3.0481
-1.01466
3.66951
0.224771
2.01329
-0.673224
0.607664
0.903495
-0.595104
-2.25189
-0.374959
0.934282
2.16189
-0.928887
-0.625877
-1.6699
0.660972
-1.06048
1.22437
-0.248166
2.79776
-2.06419
1.56842
0.423721
-3.2783
1.00716
0.0279161
-0.891851
-29.4177
-2.53785
-1.72343
0.527993
0.488439
0.723634
0.845884
-1.28314
0.274648
-1.74803
3.15609
-0.589552
-3.21329
-0.17998
-2.13482
-56.2554
-6.82493
0.520435
1.34226
-0.0527008
2.33638
2.5632
0.378874
0.309925
1.51963
12.1487
-7.62212
-0.452747
-1.38211
-163.024
-0.0597894
5.69128
-2.16202
-0.619816
1.24084
1.43176
-7.259
0.37632
-1.08398
0.0335015
-3.37044
9.21109
2.83114
4.52446
-0.762517
-0.986827
-0.140885
63.5767
0.340461
0.282661
-0.125769
-0.82965
-0.20072
0.0775781
1.76209
-0.708241
0.900911
-25.425
0.131289
1.73604
0.122331
-0.859133
0.75846
-1.54264
-1.60686
-1.37544
0.705353
-0.283113
-2.76859
-1.87316
38.3176
-2.80533
1.23422
-0.915112
-1.0554
4.83067
0.602325
-7.6597
2.86592
0.131483
3.67822
1.81222
-1.42991
-1.78839
-0.23188
1.15626
1.29165
6.20514
-0.152704
0.499097
-0.0376401
-25.733
-0.343191
0.0889688
1.30978
-0.815888
-0.352561
1.45592
-0.406702
-1.27099
-2.11096
5.39155
-0.815891
-0.0788025
-0.149153
1.53736
-0.374194
0.152922
-0.484505
0.248539
16.653
0.143956
-0.543616
-2.67341
0.333506
0.517789
-20.3621
0.793969
-0.033726
-0.302249
0.760962
-4.10759
0.0996386
0.0896413
-1.35868
-0.0925141
-0.911527
-2.47179
3.39589
1.46792
1.24781
-0.270533
1.32624
-1.50735
-0.329777
0.925768
0.527615
0.0859056
0.566498
-0.227593
2.06496
-0.754827
1.50863
-0.62597
-0.00475722
-0.104874
-1.69365
-0.4657
-1.87597
-1.16756
1.07611
-0.423879
0.185707
-0.426755
-25.0227
-0.637348
-0.262459
-2.26046
1.0697
-0.661928
2.85058
0.378625
-1.71381
213.058
-0.625638
-0.617855
0.144259
-0.0908579
-0.972556
-1.30882
1.57725
2.729
-1.91029
0.998729
0.672108
1.33308
0.500507
-0.0999084
0.271546
2.00093
0.0427092
0.143463
0.133302
0.186545
-2.72622
10.7993
-1.95575
-3.20013
-0.317019
7.95813
0.468591
-1.81301
0.21267
-2.05095
-0.47486
2.36666
-3.45544
-2.71949
-0.236898
2.77188
2.75237
3.71604
0.532026
0.100939
1.00143
-0.0775195
-22.4656
-1.32796
-0.235275
-1.0583
0.499409
-0.941123
1.69578
-1.62675
-1.21089
-0.333429
2.2339
0.926905
10.4839
-40.2925
0.147618
-0.537779
-0.518002
0.480254
0.190259
4.63808
-12.0126
-3.19325
0.215797
-0.997101
-0.432336
0.922836
-1.10421
0.0583171
0.802725
-0.633002
0.232848
0.821918
-0.714769
0.168721
-3.64143
0.0004665
-0.0980151
1.22874
0.140096
-1.23681
-2.04605
2.00096
-1.0524
32.6125
-0.227029
-0.657794
3.53906
-15.5584
2.02335
6.79879
1.09144
-2.12772
-0.0599972
0.121029
0.198927
-2.45563
94.4685
-1.5011
-0.302554
0.404462
0.280044
-25.0167
0.617048
-6.09252
-1.41163
-1.79639
-0.2403
-0.08969
-0.451791
-15.5487
54.1779
-0.967576
-0.619106
-0.387113
-2.97331
2.87622
-1.55954
23.2769
-0.395732
-0.0811149
-0.165024
2.41138
0.400113
6.08556
0.504174
-0.340752
-1.19209
0.213981
2.7839
-3.28532
-0.286921
7.72632
53.4633
107.851
8.88051
-3.74816
-0.183177
-0.0672695
-3.41681
1.89822
0.831795
-1.03833
0.430249
-2.05431
1.07891
0.355195
0.670111
1.45428
0.903689
1.04523
-2.60458
8.61921
-1.23228
0.0400404
-0.38134
0.934035
95.3731
7.18601
1.62127
62.2561
16.1199
-1.54848
0.577723
-1.4433
118.784
1.70761
0.557742
6.21563
-0.366689
-0.146829
-0.251645
-0.0943986
1.57568
-0.477811
4.26513
1.10098
0.353623
0.0393153
-0.388003
11.5503
-1.16782
6.20302
3.3259
-2.38521
-1.27259
-49.0789
-1.63444
5.81194
247.75
-0.218373
1.44858
0.858273
0.880952
-3.87687
30.4419
0.187441
-11.0564
0.381309
-0.486491
3.28851
-1.36914
-0.294111
-0.450067
-65.1644
1.64271
-0.132345
-0.948256
0.0750519
-0.618506
-1.02281
-0.415096
-0.26293
-66.2893
-1.89649
-0.641093
0.495575
1.16334
2.02525
0.992516
-4.45884
-1.50469
-0.626818
1.28495
-0.780794
12.8423
-0.683695
3.64887
-0.426272
-0.704373
0.410505
0.576905
0.000684155
0.143974
-1.64889
0.59662
-2.57815
1.24825
-0.0898816
-19.3186
1.34093
2.13976
0.460753
-7.5273
2.77406
-0.204883
0.137124
1.08096
0.329798
-0.145585
-1.65383
-2.28334
-1.49599
-1.81979
-2.39505
-0.147737
-5.65398
-0.197498
-0.0654534
-1.32231
-12.3372
-0.875308
-0.91525
0.0343075
0.738929
3.95569
-1.0639
0.880663
0.0356731
1.25884
0.647055
-0.837722
0.0406548
-0.845542
-0.716084
-0.0513806
0.463615
-0.490308
-0.488342
-70.405
0.378599
0.211688
2.92534
-6.60356
-7.97936
1.73341
-2.36993
-4.6214
0.197015
-2.29902
-1.21749
0.416822
-0.0898786
1.29507
-0.854937
0.113498
-5.64671
-42.9416
-0.687347
0.0985395
1.39094
-0.226343
-1.50807
1.46503
-7.09898
1.28772
2.67776
0.713031
0.191772
-0.626801
-0.0133915
2.86696
0.477799
0.726907
-0.40621
-1.11962
0.913378
-4.74411
-1.08673
2.58787
2.21832
0.449186
0.401215
7.68938
0.0437254
-24.5434
0.393731
-1.44831
-1.01848
0.155306
0.344599
2.18272
4.65777
-1.73467
0.86053
0.567404
0.898621
9.87232
0.00716287
0.251687
1.48168
1.6994
0.813052
0.537193
0.459259
-1.19297
3.39293
-0.770162
0.966445
5.36939
0.287704
145.064
-1.03517
13.4292
-0.89788
-1.92162
-0.316791
1.64164
-0.239265
-0.275723
-0.90325
0.683453
1.06688
-2.51643
-0.5497
-2.05802
0.599735
-0.683235
-0.315463
-0.177426
2.69768
1.94002
0.114445
-1.54989
0.00882982
-1.01497
2.18926
-3.93422
-0.0490501
1.17281
7.66325
-1.68914
5.02969
-2.60314
1.7189
1.52757
-57.8832
1.60354
0.502417
2.66878
-8.56444
1.17598
12.1884
0.882268
0.815107
1.09409
-2.07918
1.08549
-1.5775
7.02601
0.795923
-93.7437
0.745742
-0.487449
0.0330127
-15.9254
0.168358
-0.126187
-0.147297
-0.304969
-0.19693
-0.306044
0.88112
-4.01057
-1.47478
-0.704592
0.921938
0.816742
1.64774
-0.425108
1.56465
-0.88215
0.259428
-0.484054
-0.377909
-0.612667
1.04457
-0.598953
0.792103
-0.146346
-2.25167
5.09603
-0.60437
1.75463
-0.0130202
-0.858922
-0.985416
-0.546431
-0.047244
-1.45232
-6.51218
-0.278998
1.26643
-2.40607
1.47099
0.0388743
-1.23518
0.560221
-6.86243
-1.03981
0.0378599
0.823023
-0.509112
0.60025
1.56447
0.305262
0.416447
0.664511
0.763018
-7.73228
-0.841398
-0.706839
0.481379
-0.277951
1.44437
10.9033
0.207074
0.350685
4.8098
1.35618
0.665238
0.42422
-4.84824
0.53943
-3.08042
1.12033
-0.217806
0.785668
0.812737
-1.648
-2.58232
-0.470728
-1.2723
-4.45551
-0.998032
-13.6536
-3.96734
-3.61563
0.827554
-0.53588
-3.10932
-11.9101
-0.946826
1.11625
0.524979
1.9731
-9.74969
-1.38803
2.35928
0.729443
-1.22137
1.30865
0.172138
1.22354
-0.746834
-11.4245
0.298561
-2.5391
105.707
13.4815
-0.257266
-37.2764
0.4241
-1.5984
4.83541
0.834293
0.221399
-4.36151
-1.03487
0.775092
-0.696161
-1.01835
2.064
-0.826472
-0.767947
0.181444
-1.1691
4.61437
-0.16984
0.502888
0.3959
1.03037
-14.8421
0.592972
8.64213
0.870022
7.57253
-0.701984
8.10521
-1.42144
1.32233
-1.23428
0.00844239
2.39873
5.44147
-7.02957
0.555365
1.26997
3.10873
-0.451838
0.135546
-6.72022
0.207709
3.55706
9.79371
1.2519
0.0383018
-9.74518
-2.36476
-0.734615
-9.8151
0.247221
2.26325
-1.52513
0.335558
0.128131
-5.4476
-9.7175
0.240996
-1.44259
3.75027
28.9116
-8.8837
0.354905
5.90651
-0.364214
-0.965829
-6.13575
1.81133
0.499339
1.46933
-0.289458
0.831743
-3.795
2.63295
1.98763
0.858942
-1.27761
-1.13491
3.56551
-0.288094
0.22025
-0.0794646
0.424985
0.430272
3.39198
4.44485
0.299542
-0.326328
-4.73023
1.61884
0.208148
-0.326576
4.0781
1.29272
-22.9029
3.12316
1.21309
19.3901
1.01719
1.07916
-23.8789
-14.7451
-10.4865
-0.97224
0.334357
-1.58678
3.1476
0.283922
4.31364
-2.24576
-2.31298
1.08873
2.51984
-1.47119
6.64909
0.710536
10.1145
-0.13163
-0.1611
0.464116
-0.492449
2.21042
1.36644
0.0804005
1.02292
0.308578
0.112012
1.95134
-1.84706
3.92411
3.07741
1.12616
-4.32864
0.103885
0.987706
-1.99656
-3.07692
0.0992899
-2.45167
3.26177
-1.54836
-2.236
-0.549138
-0.390854
10.4116
-1.48719
-0.79837
-0.233266
-0.240954
-0.0209934
1.94511
1.76015
1.44106
-1.43132
-1.69899
-0.244208
-0.81546
-0.1332
-3.89076
0.290063
-1.07345
5.2842
-3.04634
-0.116083
-0.967649
0.639862
-0.405494
17.786
-4.51005
-0.20692
-0.906598
-0.795824
2.02579
-0.747046
0.0320119
-2.31108
1.71077
0.711486
-0.406329
2.08267
-0.762363
0.143534
0.684692
5.22784
-0.986659
-0.737572
0.0457435
0.786789
-2.34399
-1.59649
0.769946
12.4343
-0.280533
-13.4478
1.88261
-4.3801
3.20591
-0.043614
0.0115966
-0.243426
0.267699
1.01071
-1.06873
-0.697339
4.1442
-2.26915
0.0874375
0.974301
0.148038
-2.60365
0.441008
-0.982514
0.0152597
-1.69059
2.4897
-0.158383
1.78712
-1.8012
-3.46267
-0.180603
1.10211
-0.506598
0.366716
11.381
1.01684
-0.956723
1.25564
0.914747
-7.99182
-1.20578
0.511411
0.862799
-0.193501
2.16597
4.63748
-5.89419
-0.0602324
3.51631
-10.3523
-0.774173
-1.29984
-1.0172
1.59361
0.542147
2.61152
0.561903
0.4204
-81.9374
-11.191
0.473873
-12.0005
-0.587953
-57.4953
2.21321
0.0462269
3.13074
-0.316785
-2.59148
-1.17389
-0.70056
-0.938045
-0.435481
-1.57747
0.775926
-0.64053
-0.0435895
9.58764
-3.18394
21.5859
-6.09555
0.445417
-1.29712
-0.00108285
-0.728242
0.960293
-1.58046
0.726253
-5.62356
2.99859
0.115437
-1.40434
1.59937
1.89134
-0.486211
0.211129
0.383502
0.574493
0.214434
-0.964591
3.76748
-3.67512
-0.539887
-1.02725
0.689101
0.268023
-1.85257
-1.17805
-1.38394
0.327187
-1.75727
2.39716
-0.291049
0.450233
2.43798
-0.400619
0.303908
-1.22963
0.35951
0.393583
-6.18421
0.94066
0.807414
0.0466127
-59.7378
0.767471
-0.259405
-0.283677
-11.1107
-1.99771
-118.128
1.90321
0.418873
21.4027
-1.64194
0.472915
4.34572
18.6406
0.054138
0.932634
-4.0403
-0.0972362
5.48878
0.0343097
-0.417538
12.5938
47.8197
1.77082
1.3247
1.05796
1.50305
-2.05155
4.37653
-0.659876
0.497133
1.18371
1.48093
2.90523
-0.668208
-2.70438
2.8629
-0.402006
-0.0333307
0.877011
-0.365021
0.0639395
0.992159
5.69274
-40.9299
2.1745
1.08359
2.96524
-1.08443
0.584128
0.669134
1.59668
0.528851
-0.357468
-5.30553
-1.37046
1.29602
0.627781
-0.0824656
-0.600517
-1.04088
-0.461946
0.126192
2.52902
-0.786889
-0.413563
-21.0359
0.483055
-0.823724
0.178151
0.804271
5.0791
28.6842
0.664321
-0.543361
-0.446963
0.705458
0.4175
1.57903
0.419793
-0.75939
-0.613163
1.06892
-0.449954
-4.34229
-0.522331
0.581448
-2.79438
1.31278
5.42817
-0.718423
5.54319
-0.0729109
0.483415
0.247727
-3.01014
8.47426
-0.368122
-0.199831
0.789216
-0.0535765
2.23031
-0.684133
-0.522177
-0.230229
-0.328007
2.15341
-1.05284
-0.354729
0.947177
4.38983
0.590928
0.172529
1.25859
-0.547365
0.640206
-1.21804
1.53397
0.381715
2.30029
177.076
-0.538199
0.0410457
6.16838
-0.343548
0.615007
-0.709836
1.7798
-0.0296715
1.94753
-7.97373
-2.10749
0.228775
-0.521218
18.9082
5.14807
0.934285
-0.490096
0.374443
-0.328889
-1.1076
0.1503
-0.635556
-120.597
-1.69878
-3.38475
-139.24
0.875901
-1.29023
-5.96134
0.253838
12.7889
0.10851
2.51317
0.393709
-3.07737
-0.194094
1.32027
-22.9531
-2.95851
0.632444
-0.761005
-2.09198
-0.287258
-0.599681
-1.51499
-0.99713
0.646047
-0.117158
-1.76938
-4.53959
0.539696
0.224476
0.529102
-1.61154
-0.0720391
-0.52797
0.712008
0.627005
9.23465
0.724614
-1.32511
-1.24941
-0.498527
-0.273786
2.3292
9.71253
-0.0867146
0.507559
-1.15522
-1.11411
-0.253216
-1.63084
29.3223
0.614665
1.69655
-0.231424
0.771422
0.119057
-1.1629
-8.62449
0.744603
0.038988
-0.907983
0.676327
-0.67927
3.25471
1.58314
0.57685
-1.74054
-17.6485
-0.734149
-0.0940172
-0.0696272
-0.15595
-0.0918466
53.9471
-9.13218
-0.767198
2.29992
5.03649
9.10106
4.44027
-4.33829
13.5724
-0.130495
2.96731
-0.746227
1.80103
-0.0134896
-1.76284
0.422323
4.80575
0.985473
1.04072
0.036865
0.334029
-15.5613
-0.191864
0.263418
-4.38649
0.29245
1.41965
-0.742282
1.36214
1.17346
-18.8717
1.42086
0.333551
-0.387492
-0.206775
-0.0634309
0.278123
0.538582
0.97741
-3.69323
1.34625
0.287327
-0.611114
0.252567
0.822495
-2.62578
-0.884519
0.788213
0.162554
0.430613
0.64657
2.01625
-5.56449
1.75971
-0.942708
0.136049
1.24593
1.36837
-0.185767
-1.26108
-1.74325
-1.42975
5.65591
0.0714529
1.33379
-0.684708
4.82438
-3.92079
0.579924
2.52705
-0.37416
0.967357
-0.785139
-0.340506
-6.56052
9.91074
0.551365
0.0349133
0.274962
-31.051
1.63768
-1.21848
-34.3836
2.11156
3.96374
-0.62595
5.4455
-0.0579845
-0.595245
0.712488
0.0630539
-0.986211
-1.29406
8.90167
-0.667599
-0.186771
-1.2057
-10.4126
-1.01907
-3.44088
-0.326594
-1.51815
-10.215
0.706799
-0.105384
0.240268
-2.39263
112.076
18.9909
-1.59723
-2.2482
0.390228
-8.37336
0.679236
0.150305
-0.9916
0.386008
-0.390887
-1.55644
1.71173
0.765722
0.316156
0.511492
-1.14467
0.409357
-6.76078
11.0146
0.323118
0.212161
0.298844
-0.845168
0.105156
0.206948
-2.36067
-1.78701
0.105419
1.90567
-2.6817
-0.795047
-0.577898
0.897377
-0.957049
-0.778261
0.0622275
0.273069
0.188306
1.27739
0.00129573
0.704536
-0.238301
1.14499
-0.356471
0.412736
-3.40692
0.41432
0.137442
-3.24229
8.75898
-1.10244
0.255224
0.888652
-0.0172536
0.0354103
0.506662
0.158505
-1.52222
0.130365
-1.10843
-1.15616
0.94588
0.905746
-0.532255
4.40074
2.9453
-1.78866
0.173404
-0.827699
-1.96105
0.0868627
-0.829703
-0.276473
-1.52801
1.31427
1.05666
-1.06175
-2.32687
-7.84041
-0.189363
-1.20123
0.674332
-0.222546
0.90992
0.474885
-4.00651
3.47812
9.68651
0.246022
0.274203
1.56512
1.2302
0.378974
1.75972
0.0912652
1.18625
2.55163
-0.77022
-0.132747
0.846819
0.551896
2.31387
-0.0375353
9.56159
6.46469
-1.9093
0.732733
-0.185411
-0.859088
0.727444
-1.20757
0.0884311
-1.61316
0.858594
-0.226176
-0.313937
0.188478
1.39157
0.653623
0.0330687
3.20202
-1.65838
-0.857867
-1.43425
3.05307
-1.75855
-0.500134
-0.70646
3.37743
0.466445
5.33609
-0.442381
-0.223655
0.203929
1.19676
-0.240544
13.7545
4.41418
0.744515
0.0401273
0.807312
3.55404
-1.13336
-0.968889
-1.27532
0.323938
1.03907
0.365987
-0.599421
-0.97847
0.53437
0.0926476
0.843426
-0.138391
-6.30974
-0.397063
2.99973
0.615068
4.84648
-0.359407
-0.922402
0.854857
1.28194
-0.546783
-0.944168
-1.22033
-0.0578428
0.136912
-0.158627
1.59494
0.413549
0.122941
0.556226
0.330642
-2.45514
3.42213
-1.37807
1.24371
2.47409
5.08887
-1.10718
1.42955
0.57512
-0.387551
0.773372
-6.53893
1.13889
-1.53592
-2.24862
23.8577
-0.356965
1.52606
12.0713
-5.409
-0.112598
102.512
0.662141
-0.506851
-16.3604
-0.251952
8.90583
0.382571
-0.254328
6.76318
3.43903
-0.202241
-0.0528857
3.39288
0.793464
-0.242308
0.049985
0.300896
-0.727916
3.91457
3.90201
-1.61507
-2.54571
0.832854
-0.589607
0.592266
-2.32258
1.31204
-13.6125
-0.729126
0.70236
-0.310178
-0.872724
19.3359
-0.541352
-1.83929
3.42127
1.10795
-12.9022
-0.0491617
-0.262446
-1.60787
-2.55117
2.09498
-0.3244
-0.772302
-0.195761
-0.0895325
0.312004
-0.105058
0.754638
2.19568
0.855644
-1.91394
-0.112952
-1.2876
0.62389
-0.197444
-0.105426
-1.20826
1.56645
-0.332192
-1.86735
-1.04771
0.0188868
0.55949
2.01488
-0.0893338
0.398296
0.903087
1.17303
-0.145156
0.473887
0.0335425
-2.01698
-0.471806
-74.1339
28.5882
-0.120656
-0.446091
0.857103
-0.612681
1.30806
0.612363
5.97603
0.387232
8.97933
3.82582
-0.522649
-0.955319
0.309572
0.865167
-1.19728
0.556632
0.552845
-5.89088
-2.68671
3.18076
-3.44604
-0.39061
0.803066
0.219947
3.24967
-3.56499
0.282461
0.153435
-0.072457
-2.64306
-0.750728
0.0808122
-1.39972
-1.75464
-0.226234
1.03297
-7.31217
-38.9962
3.34268
0.642888
-27.0876
-2.24625
-1.03467
-0.313107
-2.2889
0.0203376
1.40342
-0.389991
-0.451897
-10.0368
0.194827
0.826685
0.0785095
-0.367467
0.123152
0.747902
-3.83423
-0.400183
-1.69162
-0.197159
2.06701
0.386722
-1.91761
-0.728943
2.63691
-0.0137124
0.116106
0.278243
-0.467421
2.58929
-2.94505
-3.37155
-0.262172
-3.60659
0.571839
-0.609155
-1.09674
-1.60018
-1.33328
-0.136573
-0.135285
0.0704625
0.229973
-1.36463
1.41465
15.4118
-2.68375
-0.221236
9.70256
-0.512667
1.49942
-0.196587
-6.22114
6.68698
-1.6478
1.0833
0.315084
-6.3569
-0.38273
-0.704069
-1.40582
-0.578351
-0.347177
6.94593
6.492
-2.43857
-0.416418
0.282543
0.184013
0.537465
0.459547
3.0903
0.769264
1.042
-2.60227
1.27751
-1.309
0.282131
95.5541
-7.70448
-0.0878377
0.613553
-0.167113
0.3672
-7.61866
-0.703898
0.465121
2.25765
4.35491
0.722666
0.366146
0.116856
3.73675
-0.886952
-0.0944205
5.2552
0.0418909
-5.37606
2.16795
9.55492
-1.29394
-3.94276
-0.19071
-6.12761
-0.123592
0.517255
-0.806322
-1.64925
0.824433
-1.12909
-0.137036
-14.8503
-0.121669
-4.65189
-0.478985
139.621
-2.48407
0.453269
0.628918
-27.5089
0.0289253
-4.06451
0.0611094
2.22195
-3.95349
-1.43689
2.13855
1.0656
0.9496
0.09873
3.16439
-0.119823
0.561868
-0.333817
-1.282
2.90395
4.02897
7.52245
1.5748
-0.698077
0.581993
0.0760171
-17.1693
59.2144
9.33716
-0.940827
1.23871
2.88136
0.370281
0.00541137
-1.16168
0.334626
-3.48449
-32.3505
0.45773
-0.698693
0.117376
-0.838002
0.938278
0.50479
0.0941037
0.557405
-0.133658
2.238
-0.287409
2.29287
0.660092
0.61049
-3.87779
-1.03534
-4.77959
-0.370618
-0.812862
0.686034
-0.211188
-0.217881
-0.822716
2.61477
2.56932
1.73244
-1.04732
37.782
-0.0952212
1.29205
6.9979
-3.46718
-5.52867
-0.204134
-0.702454
-1.72615
0.196448
1.27297
-0.189664
-1.14946
-2.1819
0.519411
4.35317
2.7695
-1.61042
0.992685
-0.317061
-0.935488
2.70409
0.865845
0.248739
-0.858932
80.6749
0.288267
0.780677
0.0949717
0.92222
1.58502
0.530177
-0.395345
-0.616048
-1.08303
7.00896
-2.44814
-0.00897681
0.454919
0.600235
2.60715
-3.67233
-0.981399
-0.0849134
10.7532
-1.03233
-1.26856
0.993695
4.65493
-0.0780093
-0.171558
1.0892
2.96923
1.77527
0.288266
-0.379551
-11.8904
0.570302
0.37264
1.89941
-0.74652
1.70489
-1.01762
-0.585999
-2.13928
-1.27808
-6.1999
1.6722
-1.37343
0.0427812
0.917656
-0.018577
-0.300987
1.18796
0.0604954
1.92934
2.14648
0.701034
0.351853
-1.91832
-1.15633
0.20331
0.971888
2.0705
0.209214
0.0342911
-2.90577
-1.12474
-1.07035
-0.419588
-3.96568
0.478242
0.963443
-0.193251
-1.75975
1.71068
-1.99639
-1.04871
0.914308
1.56483
-0.443844
-0.544985
1.86849
1.62817
3.77308
1.20339
1.73377
-4.66012
0.95343
-1.53849
3.79542
-0.357105
-3.89942
-1.25187
0.352985
3.35482
0.291766
572.627
0.553752
-3.83679
0.148817
-1.87708
-1.49597
-0.817538
-3.0092
1.37862
-1.58799
-0.026401
0.170308
-6.61684
-3.716
1.45804
3.98265
2.02185
2.57728
-0.648022
2.26663
-4.05052
-1.40907
3.19098
1.16789
0.262048
1.36288
-1.10736
-9.8108
-2.57376
0.532806
-1.65595
2.49881
-0.637061
2.23632
-0.177785
0.577113
-0.403893
4.05052
-9.55549
1.30396
-4.5727
-11.4815
-0.745115
2.47895
-0.982049
0.959532
10.7305
0.707228
-0.900921
7.8064
-1.24346
8.41196
0.0193965
0.127375
-1.54107
1.16467
-7.14705
15.3495
-0.0787062
-1.25962
-2.43248
0.642712
-1.23703
2.08905
-3.78358
1.21891
6.34465
-0.759171
0.0636338
0.712089
3.43647
-0.173106
2.94095
1.81088
-0.180217
-0.630027
-21.8412
-0.984311
0.0611827
2.99289
-2.93812
1.1837
1.20089
0.451137
5.48233
0.0871529
-1.40187
0.178448
-9.09973
0.852253
-0.266314
-6.51341
0.290059
-1.90742
-0.00665988
-0.388913
1.66398
0.874496
-1.14052
1.53117
0.868062
2.17438
3.39233
-0.639852
1.59949
10.2782
1.05501
-2.28939
0.549933
-7.72861
0.215212
-0.703726
0.219515
-1.04656
2.35936
1.65074
-112.595
0.149304
-1.10349
0.640882
-6.04761
0.235045
59.1673
-0.0561647
0.631938
-0.928239
-0.497302
-0.718077
0.322593
-1.43272
-0.040476
0.728049
-1.69053
-0.54942
5.2348
-0.582958
6.13983
4.14091
-0.74527
-0.0219092
0.113071
-0.714796
0.404741
-0.399728
4.69425
-3.85462
-0.125501
-0.368125
-2.21712
-0.0747962
2.98485
-17.2279
1.95702
-0.973387
5.45988
-3.62153
-7.60579
-2.53734
-0.00170417
3.21899
-1.21166
0.0528849
-1.11277
0.72702
2.64173
-1.52471
-0.41133
-0.196142
-0.566296
-3.87371
-3.59683
0.760716
-1.32428
-4.93309
-1.02242
0.665853
4.91824
-22.281
-0.813843
0.282254
0.115365
29.2174
0.641781
-0.0439742
-0.691502
0.680906
-1.80669
5.17858
0.223778
-1.30691
-0.271605
-2.96577
1.18839
-0.333938
-0.291539
-0.463771
-5.72231
-2.49041
5.18262
0.127827
-1.3205
0.330457
-0.111788
1.28947
3.79985
0.557733
0.0738553
0.782412
-3.4182
-0.0995984
1.54042
-0.303464
0.750904
-1.71943
-116.33
6.03598
-1.85429
-0.74975
6.02355
1.30587
0.452748
-0.409285
-1.45255
1.51929
-26.4301
1.47211
-11.7138
0.447721
1.1036
-1.46912
0.629162
13.6363
-20.1039
10.2765
0.889396
1.33109
1.07434
3.52781
1.19334
-2.32951
0.0152914
-0.66613
0.0125579
1.25091
-3.34824
3.42225
1.38377
0.595644
-0.508783
0.242525
-1.9962
-0.722673
-0.25429
1.22647
3.59702
-0.498991
-4.00352
2.05411
3.74765
-0.722974
-0.869171
4.41381
-3.82091
0.466911
0.816532
-1.93402
-0.0724303
-2.11646
-8.19679
-0.107038
-0.332657
-3.34503
3.65699
-0.863183
0.154166
1.03997
0.729642
-4.70378
-3.72508
0.340408
0.390547
-1.84719
1.98242
8.12472
9.26391
1.15487
0.440418
4.37295
-1.06958
-0.94102
-5.60876
-0.353583
-13.4761
2.28169
-0.0308323
-0.847503
-5.64992
0.42336
6.25304
-100.475
0.415135
-1.21648
0.738423
3.83271
1.6079
-1.04479
-0.762113
-0.533332
-22.6502
0.749186
0.501367
-3.55358
0.251429
1.73878
1.10745
4.92515
-1.81168
-3.97127
-6.65692
-1.63779
-1.17106
0.644124
6.93609
0.0558828
0.856277
-0.644554
0.849817
-0.0862161
-0.434206
-0.372775
3.08659
28.5443
9.91075
-2.84276
-1.14892
-0.636156
-0.668645
1.05135
-0.639465
-0.0195975
0.36341
-5.29685
1.65105
0.0659517
0.029387
-0.754882
-3.36413
-2.71875
-5.73354
0.943943
0.33537
-0.274413
0.922821
-0.246505
-0.557085
6.06921
-3.32644
-0.775017
-1.34202
0.273735
-0.813197
1.37464
-0.350876
-0.453581
0.101259
1.6743
-2.68832
0.572046
0.602842
-9.52137
-0.924519
-1.05888
-0.336617
0.286695
5.68086
1.89612
1.30186
-0.384557
-0.994194
-2.09399
-1.27911
4.77046
0.597958
1.16641
0.664874
0.897041
-1.21703
9.50317
0.875389
0.0196974
4.15407
-0.524541
-0.560384
-0.619314
-0.130902
-1.69408
-0.626306
-0.822148
-2.45998
0.0449756
-1.43928
1.63836
-1.67976
-0.414845
-1.10491
-0.685531
1.67326
-1.36163
-0.203583
-0.589356
0.939871
-1.28596
0.164075
1.16021
2.08094
3.07969
-0.275841
0.443273
0.170561
2.65308
-2.18812
4.63344
0.0042973
-1.30026
0.425308
-1.37667
0.19601
-1.03216
1.27616
-2.53096
-0.872088
1.29479
0.286674
-0.643251
0.297016
42.7857
1.44971
2.15134
-2.13423
-0.292712
6.49802
3.61479
2.09879
1.43459
0.566129
0.316825
-9.20945
0.389469
-2.19618
-0.202472
0.2562
1.59011
-3.33488
-0.0725567
1.08807
5.02592
-1.09888
-0.668424
-6.24985
-1.35411
-0.825553
0.194359
0.566789
0.823127
-0.281755
0.0774057
-3.07478
-5.59085
-7.83101
0.464812
-0.542182
0.253572
-0.0652637
0.851404
1.30124
-3.47616
-0.623602
-0.249369
-27.951
-0.268921
0.0701634
2.27944
0.0296761
0.33549
-6.58816
1.30989
0.636571
1.0049
2.91892
-1.25155
0.979107
-2.81054
0.53891
0.459479
-1.13694
-1.28206
0.322137
-2.18724
-1.41972
3.23022
1.73963
-0.474663
37.1064
0.0579995
-2.3489
-0.222995
0.599191
0.2219
-9.02639
-0.595532
0.504163
0.0204748
-0.323109
-1.59813
21.7717
-1.782
0.00294756
-0.44617
-2.48138
1.10907
-9.23247
-13.3406
0.150122
0.496619
-2.45638
0.160025
-5.42024
-0.0457569
-0.259998
-0.349791
0.108732
-1.19814
-1.7382
-1.29277
-1.14979
-0.184147
0.771188
-1.33273
-3.72077
-3.13039
-1.35416
0.700676
2.24509
-4.33594
0.388282
0.485199
8.73068
-0.545967
4.04243
-0.412473
-0.0136642
-1.47229
-0.673424
0.437629
-2.77732
-1.11469
-5.09923
2.88337
-0.100329
-0.0619995
-2.09585
-29.2319
0.427565
-0.159359
-0.04572
-2.47076
-1.19658
0.639407
2.70127
2.86224
0.474663
3.01552
-4.19315
-1.20781
0.398444
-0.331958
-10.7945
-0.790614
0.400433
0.625914
-74.3173
-3.11587
-0.142709
6.72972
0.115788
-7.49391
-0.12052
2.00955
-12.9409
9.67552
-2.23825
-8.52791
1.30258
4.03651
1.57997
-0.0809358
2.26311
-0.360256
-0.51247
15.5973
0.184729
0.0200265
30.9742
-0.385306
0.364649
-0.248297
-1.74175
-0.214301
-2.83944
3.5281
-3.1668
0.894224
-0.182525
2.47311
1.54579
6.26857
-1.98958
0.341031
-0.407406
-0.190309
1.61205
-1.2962
3.09243
5.74609
3.08542
-1.48124
0.0980601
-0.120977
-0.177706
-0.488032
0.0919628
-0.755213
0.284904
1.05763
1.56674
50.5242
-5.07109
0.859364
2.21449
0.72691
0.473969
-0.0335168
0.751844
18.67
-28.2475
0.557984
-0.405878
-0.561612
2.17201
-0.301837
-6.53846
0.516231
-0.862095
-0.988473
0.530848
-0.902163
-0.323687
1.54524
2.04079
-0.824025
0.157499
3.17015
-1.92074
-2.06754
-3.23557
-0.18052
-1.23745
-0.539339
0.637178
0.748646
5.73546
2.06788
1.32771
0.174337
-4.38592
-0.199013
28.7182
0.770753
-1.57947
-127.719
-1.95542
-0.0307143
0.291241
-0.374025
-0.0522906
-1.67116
0.363861
-0.466378
-0.808225
0.407206
-0.598944
6.47173
0.266719
2.17901
-0.0483327
1.46269
-2.85131
0.0664708
-2.46366
0.321621
-1.76661
0.554395
-0.704861
-0.549624
-2.161
-0.140238
-0.640803
-0.236754
2.24804
-1.4343
-1.5691
-1.8319
-0.181536
1.61101
-1.30753
2.08935
0.863083
4.32729
-1.70412
-11.2244
0.550174
4.64386
0.297019
0.632537
-0.134388
-0.635246
1.34403
-0.220255
-0.748555
1.15937
-206.526
0.220649
-0.861513
1.7208
0.77843
0.119723
0.775413
4.20088
-0.015855
1.85637
-9.23355
12.9086
-10.87
-1.23136
-1.19764
-0.497285
-2.14356
23.2365
-0.912752
1.09717
0.964468
0.369877
1.47518
-1.44924
6.95576
-0.171669
0.375599
-0.723193
1.90202
-1.42489
0.500125
1.66859
-1.33008
-1.44774
-0.650929
0.377875
0.178396
-1.8455
0.659372
-8.18173
-0.367393
0.900449
-0.542351
0.13948
-7.00893
0.533643
0.861797
0.69913
0.478602
0.776168
-351.934
1.1098
-0.134792
0.390722
-10.1333
-0.551964
10.4504
0.548512
0.0442295
-0.553997
-0.855695
-0.507401
-1.74175
-0.468372
0.197233
0.873878
-1.86615
-172.362
-33.9996
0.254781
1.91977
1.72363
0.553345
1.60972
0.0517186
-0.0743027
-0.802353
0.971428
-2.40634
2.11418
-0.949736
-1.18093
-5.10779
1.07011
-0.721808
-0.0426388
0.0563477
0.72063
13.0244
-5.98829
-0.884294
-1.24987
-0.0383023
12.6087
-2.2177
-0.0615681
-0.302391
0.980942
-1.72902
-0.791639
-0.525124
-1.75319
-1.39358
-0.798436
-0.187038
2.49907
1.20136
8.31526
7.84532
5.74892
-0.735791
0.244259
-0.0418665
0.849201
-2.69612
0.658814
0.981847
0.926089
0.875853
0.735271
21.8495
1.91569
32.3785
15.9787
-0.692873
-3.3757
-249.023
-1.78735
5.00305
-1.77346
0.76604
-6.72772
0.490921
-4.11636
0.199428
-0.70666
-0.884679
5.42955
-1.46037
0.301608
-9.08348
-3.2949
-0.442739
-0.0974825
-0.34644
1.8794
0.341112
-0.536846
-2.20623
4.36984
-24.7013
0.33982
-1.08354
-0.150579
-0.649249
-1.32411
-1.79294
-0.0857602
1.91215
-4.39947
-0.270053
1.33422
-3.4302
2.27995
0.762852
-1.38643
-0.0268248
0.53244
17.549
-2.7408
-0.124797
-4.41289
-13.0796
-1.35727
0.532488
0.886092
7.79333
1.22665
0.499828
-5.42815
3.83394
-6.43706
0.163735
0.618302
-0.309588
-2.79498
-3.23076
-0.945943
0.87254
-0.197561
-0.221241
-14.5364
0.201885
-0.558877
-1.68997
-3.34079
0.472332
-1.56039
-0.9011
0.157016
0.921871
1.11529
0.372047
0.510129
-1.16785
27.4708
6.04893
-1.18625
-0.931727
0.220147
-2.019
-5.23936
-5.63312
-0.30742
-15.5494
0.470495
-1.34887
0.251943
2.5181
5.50236
47.728
1.53639
1.38623
9.27734
0.481615
-1.8102
5.39761
2.59663
1.79363
-0.585217
0.546483
-7.49455
0.00219289
0.803389
-0.855957
-0.681568
22.6015
-69.8028
26.7523
0.30764
-0.242652
0.573442
1.12239
0.267439
-0.126946
-1.17548
1.19454
-0.222911
0.171803
0.346111
0.234682
-0.106003
1.23632
0.154508
-19.4586
0.67726
-0.552844
-0.350234
9.15026
-2.83014
0.6468
1.58052
-0.368691
0.0888071
-0.0362898
-0.491099
-1.61002
-0.560443
-0.682724
282.145
-2.11122
-1.2016
1.07261
-3.79686
1.26226
0.0614329
97.199
-1.39205
-1.24605
-0.195483
-112.607
-4.21095
-0.238035
1.70383
0.810806
-1.40263
-2.54406
1.86862
0.717255
-1.00852
-67.7478
0.596647
11.7565
-0.380358
19.4779
-0.43729
21.8768
0.202489
-4.25835
0.516728
0.796796
0.0388488
-0.78114
-0.515325
-0.538255
18.2708
-6.81378
-0.578317
2.2491
-2.28723
-2.85276
0.335329
1.60184
-1.46939
-0.928054
0.0301249
-2.43341
-4.04878
0.00835671
-0.133634
1.61275
-0.327879
-0.911617
-0.542622
0.535461
-0.301864
-0.919768
-0.610682
1.34611
0.898623
-0.177868
-8.88554
-0.119711
4.03863
-1.23512
-2.36773
4.69015
-1.3608
-4.47899
-0.877054
1.59135
-0.636291
0.848047
-0.156223
-0.375067
-1.2701
1.1547
-0.402056
0.676755
0.954305
-0.799044
1.11288
-0.451274
-0.03356
0.794668
0.0521514
0.94556
1.09509
-0.220359
0.99027
0.315764
-3.14432
-9.72468
-0.783197
1.08594
2.78068
2.54878
-0.0177995
0.78287
-5.68055
118.756
0.103704
1.00858
-8.26661
0.135472
-1.38946
0.32268
0.27869
1.03213
-0.905429
-3.77278
0.0448544
0.308216
0.391903
0.109972
1.10431
0.0912118
-1.13594
5.79378
0.903563
-0.096625
21.3761
7.00054
3.01949
1.82516
-0.442905
0.0385648
0.490486
2.00093
0.748669
1.09731
2.80724
-1.14652
0.431024
0.350976
40.2755
0.569822
-1.24442
0.48555
0.872248
4.37109
0.266763
2.22235
-3.58656
-0.686841
-6.76161
-0.264976
-1.29483
-12.0227
-1.16807
1.49682
0.188535
-2.14286
-0.0389324
0.89966
-1.75808
0.624958
-2.43665
6.51178
0.567191
-1.50611
1.05616
1.06447
-0.536186
0.265336
0.508449
-27.6531
-0.632769
0.457818
0.483558
0.149406
-0.301641
-0.139252
-1.39785
-0.252851
0.493373
0.352616
-0.727649
3.34217
-1.16297
1.3129
-1.75125
3.12462
-1.16973
0.701292
-44.9106
0.338523
-0.76402
1.49065
-0.279316
2.58684
3.13229
-0.939013
0.861126
-7.28892
-0.998136
-0.816162
-2.09701
-0.343805
-1.13991
-5.74918
-29.7351
-0.133882
-0.898672
-1.23983
0.649391
8.24192
-0.411165
-11.8658
-1.35524
3.00722
-0.200702
0.97647
-0.346542
0.404777
2.96648
0.763876
0.624638
-1.47261
0.284056
-0.64765
0.734542
-1.78227
-1.18253
-1.48751
-4.24477
1.10407
1.66185
-1.46735
-0.274639
21.0303
-1.14599
-0.309039
-1.18853
-0.693136
0.507246
-1.32002
-0.583428
1.94568
0.658319
-1.33673
2.00552
-5.36389
0.830791
5.954
0.980267
0.379941
-1.2937
1.08664
0.452834
1.95905
1.51357
-6.08852
3.79911
-0.978842
-3.14863
-0.556253
2.59052
0.661535
1.3979
-0.143251
-0.310714
-0.660225
-0.476904
-0.167505
-0.518981
-22.7018
0.0400827
0.896043
1.63335
0.743573
1.13727
-1.10275
-3.85261
0.53089
-2.31282
-258.718
-0.112688
0.440382
-10.0741
0.04129
-0.789197
0.365038
-1.40939
-0.326027
-0.573509
0.177182
1.07635
-3.6127
21.3069
4.55706
1.12997
0.184171
1.85015
-0.0130537
-3.62814
2.33051
1.3073
4.69536
-0.104954
39.5736
-0.839125
3.25168
0.653277
0.147782
1.99067
0.0287183
2.2208
-1.06507
-3.41016
0.555019
-1.24811
-0.00379185
-0.62021
-1.25823
-0.0642308
2.37573
23.9143
-5.10594
-1.14517
0.664154
-82.5755
-1.63585
-0.799778
-1.17701
1.70618
0.647753
-0.49297
9.08018
-0.544839
0.847742
0.576939
-12.8764
-0.0749851
0.24296
3.5956
-0.139269
0.000286693
0.38679
0.889088
3.31015
0.129782
-0.715367
-0.178291
0.415766
-1.44683
6.27467
-2.6113
0.036737
5.40543
-1.32682
1.96806
0.512947
0.560686
0.299219
0.398756
2.04576
-3.31087
0.0520672
-1.53926
-0.220434
-0.132299
-0.0675519
3.30248
-2.01583
-30.1859
-1.09135
-0.505009
0.154255
1.24692
-0.468966
-4.74634
-0.654389
3.4734
0.753285
0.0641712
-0.0365273
0.621065
-0.0624818
1.38435
-0.399676
-1.42922
-0.295946
-0.88006
0.0111523
-0.691393
-0.985859
1.19984
-2.44414
0.985769
1.30817
-0.291242
-2.09156
-1.68494
8.49718
-0.201775
0.187192
1.25254
-3.95537
1.41924
0.706828
0.35606
-0.104543
-6.98401