-47.965
0.412028
2.80435
3.16459
-0.516712
-0.124613
-0.359723
-9.40601
0.12853
-0.674245
-0.0205254
-3.29699
-1.28132
7.71738
1.09283
2.30347
-0.426782
-1.43567
-0.409947
0.235802
1.28297
1.86758
1.82619
0.231169
0.672791
0.736431
-0.118858
-1.64013
0.264026
2.88686
-2.57482
2.01788
0.714371
-1.0364
1.14826
2.30066
-3.10157
1.26861
-0.0859481
-1.13989
0.654531
0.501781
1.68502
2.07305
0.0341521
-0.532707
-0.53988
-1.79234
-0.706908
3.62986
-0.68939
0.566763
0.457969
0.0372179
-2.63981
-1.21812
-0.230069
-1.01965
5.29193
0.27947
-1.41528
1.46392
-1.62897
-1.58019
-0.984364
2.20013
-0.122767
2.02957
-8.87262
-0.0917468
-1.51765
-2.09596
0.726922
0.284371
2.95082
-0.593996
8.88692
3.3905
-0.613747
-0.154312
0.26818
2.7277
0.67311
3.44838
-5.78828
3.04006
-0.439843
1.16723
-1.05889
-5.21989
0.246523
-0.170697
1.19939
-0.818232
-58.6008
-0.365653
-1.89557
2.69659
-4.72751
-0.85823
-1.8416
2.31068
-0.856756
4.69467
-9.101
-27.1455
-1.83726
0.915374
-0.8126
-13.8046
-2.66806
-0.260897
0.954336
-1.93232
-0.0636452
1.58302
1.06298
-0.787426
-0.624881
0.431461
-0.603905
-0.289585
-4.25697
-3.10863
1.73889
-0.60901
-1.19185
-0.588894
1.52138
12.3777
-0.709954
-0.0459284
0.0999999
-0.285518
2.18417
-0.306314
4.74422
1.32086
0.754489
-1.31641
0.305413
0.441907
2.06383
-1.03618
-0.6006
-19.1811
-0.546967
1.72932
1.06679
1.15867
0.236844
3.59945
-0.142722
2.30209
1.05184
5.10135
2.17512
-0.330903
0.989596
-8.99208
0.624964
1.49796
-0.154054
2.38916
1.54342
2.54507
-0.666572
12.505
-12.3759
-3.64031
-0.08986
-0.187335
1.41135
2.06899
-0.473708
10.7783
1.0025
0.138989
0.962573
-3.30597
4.01201
0.21656
3.63442
5.48907
0.538662
-13.6984
0.0905763
0.81513
0.543714
-1.23435
0.122173
-0.267265
0.918378
1.82589
2.62912
0.112921
-2.93268
0.457812
-0.670989
2.2636
0.636587
-0.761954
-0.636395
3.02778
7.5905
-0.597318
0.478291
-0.130888
-1.83285
0.257033
0.235154
-0.961965
2.10074
0.779024
0.0757127
-0.383045
-2.26905
0.339161
-0.841237
-4.44975
-0.877432
0.743896
-0.836837
-0.134136
2.5813
3.14329
-2.88262
6.14058
-0.0120218
0.996757
1.42318
2.77525
5.22573
0.160918
5.02924
-1.0934
-1.52738
0.525017
-1.78176
2.59693
27.1553
2.23972
-2.93943
29.5809
-1.61173
2.37131
4.88902
-1.52546
1.2086
0.176961
-0.143453
0.397004
5.22802
-8.09936
-0.582406
-1.89808
0.622978
-2.69536
-0.92871
0.0143672
-0.794792
-1.38803
1.42684
3.70425
-0.571772
-4.38555
-0.295194
0.213555
0.628919
2.36019
0.515151
-0.47426
0.0962169
-0.547144
-0.60026
-2.77341
-0.0767542
-0.183113
4.20474
9.16292
0.744535
0.174263
-0.296744
-0.325213
-2.87706
-0.843405
1.84676
-1.27382
-0.11553
-0.0939939
-0.0210238
0.987871
0.839835
-0.839184
1.38416
30.5856
-0.29604
-3.05341
0.176246
-0.433939
-0.78775
-3.65362
0.602337
-2.02697
-0.31569
-1.37887
0.831209
-0.501391
-1.06726
-3.80406
-0.913822
-0.690987
10.0352
0.660408
-2.59771
0.0618719
0.13754
0.858735
-0.340287
0.340826
0.432709
-2.69716
0.719006
0.190872
-0.189666
-3.62618
-24.1981
0.327857
1.0521
22.3314
-0.890379
0.408399
-0.270302
-0.477183
-0.24886
-0.273378
0.895237
0.995977
-0.0836674
0.331985
-1.98478
0.79809
-1.06269
-1.28121
-0.764382
0.408057
-0.136902
0.980724
0.258714
-2.5803
-0.393536
-0.292526
-1.2429
1.80207
0.329468
5.97666
-0.272426
-0.359473
0.697433
-0.488975
9.18228
0.776841
1.85291
-1.6408
1.5924
-3.11763
-7.98943
0.54948
1.83176
4.04921
13.0186
-3.27722
-0.285356
0.413266
-0.423989
-0.875868
0.74322
-1.87269
-3.75437
-0.552421
-1.30701
2.71498
7.4165
0.362032
-1.94521
-7.33837
2.18988
1.58614
-0.000590569
-0.975311
0.257748
0.189605
-1.02844
1.27749
0.149482
-0.680872
-10.0814
0.624988
3.61093
0.884046
0.459376
-0.286515
1.68739
-2.91423
0.890433
-0.52529
0.355456
1.18753
9.06918
0.432151
-0.372905
-0.584854
-0.957556
-10.301
0.251256
4.3626
-1.69119
-0.716894
0.391507
-11.9965
0.203666
31.2586
1.08581
-1.59439
-4.33373
-7.27337
-2.04263
1.17665
1.02582
-0.57911
285.922
-14.3485
0.727903
-1.31461
1.90754
-0.141285
-2.11991
-1.16054
-0.113604
189.106
-0.796429
-0.24201
-2.91063
0.288412
-2.10623
5.10288
-29.4904
0.608639
-4.6741
-2.01236
-0.762689
1.40472
-2.59189
3.47385
-1.33012
1.24305
5.02138
0.637991
1.12244
1.37573
-0.335581
0.201517
-3.04479
-0.552054
3.38476
-0.565397
0.134263
-0.0265226
-4.87383
4.10891
0.953557
-1.51556
0.336331
-0.360302
-0.654317
-12.783
1.88419
29.6234
-42.4391
1.69671
-0.756407
-0.251228
-0.137668
1.7372
0.569654
0.978461
-2.76457
7.09688
0.0124489
2.03868
-0.310001
0.182984
-2.78558
0.655981
-0.961355
-4.299
-0.138044
0.508747
-1.24664
0.340201
0.718387
-1.20987
0.13584
-0.0227307
-0.727031
1.29732
-0.00190906
-0.0582489
0.237221
4.19189
3.99587
5.15984
0.356392
-1.3106
-1.82883
-2.35527
1.0216
1.04872
0.661637
0.250188
-4.02108
-0.812078
-0.389502
0.60372
0.204673
7.30567
0.238039
-0.0104781
-0.409665
-0.931753
0.932812
-0.240878
0.0421003
-0.398443
-0.130721
-1.23307
1.19594
-1.79836
4.70855
0.146506
-0.933735
-0.286656
-0.540982
-0.256123
-1.15832
0.246486
1.30003
0.230115
-0.788847
1.68492
-8.11824
-11.259
-8.25588
2.72057
0.238266
0.614363
8.74363
10.1345
-0.44756
0.633175
0.220167
-1.09137
0.32475
10.3044
-0.962713
-0.264315
0.713422
0.0291565
-7.46715
-0.452924
5.17454
-0.733894
1.53817
-0.359775
1.57529
12.9584
-0.29997
0.71749
-0.450266
-0.260638
-0.195822
-24.7422
-0.789752
-2.45042
0.800113
-2.11949
-5.4032
3.24547
-0.3437
-0.597452
-0.414357
-0.353875
-1.76932
-0.718847
0.533995
-0.682078
-1.74558
-0.667533
0.359108
-4.21658
0.535657
-0.591618
-8.02788
0.695728
-0.557361
1.13802
2.31613
-1.41684
1.56825
1.2869
1.47608
-1.36212
-1.0206
0.0974588
-0.554423
8.49308
12.0932
0.0174378
0.0565267
-0.866276
-0.90371
-0.0119823
-0.0466849
-0.157367
-0.614841
-0.605155
-0.933905
-1.4415
0.0488309
3.33607
-0.26395
-0.968406
0.258483
-0.454155
0.0789554
-0.0305455
0.82394
-0.395797
0.957972
1.36422
-0.598403
-1.11022
2.30857
7.74959
0.304028
-0.157686
0.344564
9.01782
-0.547612
-2.33447
0.148049
-1.44802
-4.2999
-1.36133
0.281224
-1.56519
0.55832
-22.4979
-16.2557
0.303547
1.96733
3.41298
3.3878
-3.43507
1.66995
0.889458
-1.69551
-2.70805
-2.31519
-0.439938
0.693313
-2.03998
-0.649674
-0.416842
1.17206
0.68782
4.5457
3.84839
-0.0178747
-47.9166
-1.41844
-0.426464
-1.42555
-2.77991
1.32629
-5.40874
-0.596501
-41.3157
3.38837
-0.585779
-1.73918
-0.681928
1.13767
-1.74195
-2.20469
-3.74869
0.397032
-4.79148
-1.5507
-0.22121
-0.298777
2.65048
-0.348872
-1.02072
0.491121
-5.7944
0.667047
-2.50064
0.305885
-0.0349085
1.8083
1.22191
-3.98345
0.856632
-1.96468
-7.13957
0.498215
1.92884
-54.2846
-0.656895
3.66489
-0.254455
1.99964
2.57974
0.0143529
1.08474
0.629749
5.67596
0.117869
0.799667
-1.48686
1.09179
-2.458
0.461916
0.12418
-1.41278
-1.26425
2.19724
-3.91803
-0.793835
0.893054
-0.83165
0.824695
-3.95894
1.26959
0.167077
0.929909
0.264696
4.89224
-1.00645
0.828331
3.40683
-1.46558
2.89608
-0.477597
0.657847
-6.3303
0.338882
3.54615
0.648999
0.82332
-0.444313
-8.94433
0.512161
-0.0897974
-1.10274
0.0746354
-57.6116
0.601997
1.83375
-0.0811585
5.01313
-1.7533
0.479313
0.293146
3.15926
0.266341
0.810324
-0.444433
0.258087
4.61881
-8.21077
-1.22485
-1.25538
0.0276967
-3.03888
-0.979367
10.3858
0.631732
1.08417
5.53273
-10.9984
-1.3391
-0.594539
-2.45954
0.798512
-0.0924721
0.000272462
0.953823
0.488161
1.41572
-0.0722813
1.59873
-1.2229
0.290328
2.05087
-0.453054
1.2854
-1.00716
1.11199
0.370416
-1.35547
-1.93826
-3.61976
-0.372395
0.680631
-2.66684
8.88995
0.215141
-130.857
30.7265
-2.77188
-4.46811
-0.0438975
-2.5697
0.942239
-1.03404
-0.757133
0.081124
-0.146072
-0.925411
-0.10215
-10.1375
3.13407
1.04641
-1.30997
-0.263829
-1.525
0.520892
-0.579476
0.51283
2.02319
-2.5329
-12.7465
2.05148
0.529395
-0.248517
0.151816
0.00926489
9.39887
0.262581
-61.1919
0.512386
-3.35929
-0.310868
3.6871
0.213128
11.5328
-0.168645
-0.274492
-1.5411
0.115074
-2.83571
0.0862812
-1.53182
-0.319006
-1.60044
-1.2772
-3.23522
1.89686
1.65118
-0.0955773
0.235213
-3.48527
0.866397
-1.20758
0.82024
1.16472
-0.560056
0.141734
2.49404
2.19432
0.273192
1.7313
-0.895382
-0.393647
-1.96594
-1.31421
-26.2896
-0.282724
-0.0615701
-53.7612
-0.28448
-0.0753954
12.6425
-0.260249
4.05508
10.5741
0.00544626
-0.621852
-2.46875
-1.31504
1.1547
1.04804
-0.332982
0.677671
2.29766
-0.214813
1.30661
1.66826
-0.337051
0.154516
0.512491
2.61976
-0.497765
3.58171
-6.16704
-0.486382
3.94464
-2.81623
0.498784
0.756106
-0.91971
2.18732
1.57807
0.252637
1.15763
-1.24461
-0.82673
9.64061
1.5792
1.37183
0.905302
0.537239
-0.0275514
-1.34228
-1.26544
0.137495
1.05281
0.302272
3.84174
3.00714
1.17206
-1.37894
0.344177
0.0610314
-22.9816
0.509605
-14.7144
0.388825
1.13308
-33.1058
-0.834387
0.070666
-1.13325
0.266586
-0.974997
-2.91606
0.280994
-1.64864
17.9978
-6.50237
-0.290885
-0.631418
-0.798975
-3.66292
0.189761
-1.03533
-0.549273
-2.04725
1.3684
0.953266
15.7719
1.32745
-1.25184
-0.306422
-2.96973
-12.4542
-0.311467
-0.423744
-0.593092
-1.22856
0.861346
-0.416894
2.21832
0.648371
2.10034
1.15432
-5.40217
5.52187
4.01263
-63.9321
-0.0192825
-8.6426
-2.75645
0.499777
-31.5653
0.830152
0.503991
-0.679138
-0.0498089
-0.34694
4.91126
-1.53238
0.182353
0.800134
-0.0902959
0.834712
-0.33688
-1.69926
-0.908767
0.671097
-1.76239
0.786681
1.77969
-0.976859
0.160581
-2.06231
1.23133
-0.612097
-0.181582
0.806329
-0.38454
-0.612957
5.00757
0.861447
-2.17678
-0.0304993
4.22926
23.6733
-1.37152
-8.75272
-0.414678
-0.457287
-1.60513
9.99312
1.88599
-1.74408
0.299993
0.00338769
2.84482
0.650563
0.554018
0.605799
-0.718074
-4.27457
0.579251
0.73444
-2.18399
-0.2585
1.69779
-9.15764
-0.610186
4.51562
0.580472
-0.216185
0.180844
-70.1435
1.13106
-11.3327
0.062218
11.8208
-0.63621
9.63156
1.29614
2.36756
0.922253
-1.26491
-19.0511
-1.45735
0.101366
1.32269
-14.8854
2.74386
0.767853
1.08752
-7.46257
0.0140743
-0.814676
-0.13552
1.18383
-1.42754
0.659082
3.60788
4.61916
-645.372
0.906484
0.146019
-7.25137
-0.174972
-0.403507
-2.37788
-1.05251
-0.110368
1.36855
4.52688
-1.36287
-0.279609
0.210377
4.61887
-0.280656
-2.78105
-2.49087
0.474217
0.630337
-1.07518
0.839351
-2.5018
4.02339
-1.04148
-0.569564
0.499569
1.77539
-1.67277
0.363109
1.14758
0.892835
0.0643942
2.49743
-0.700002
-0.189829
9.06237
0.1754
0.0809275
-1.11453
-0.121159
3.61766
-0.611481
1.25053
0.462193
-12.0238
-0.125772
0.0467049
0.298521
-0.0841393
0.100013
3.19011
0.267782
56.6123
-1.29429
4.622
-4.32141
-0.847567
-3.91941
-0.150896
0.11598
-1.54901
3.47817
3.76658
1.0483
-0.310299
2.21416
-1.09102
-0.0542208
-3.92613
-0.663962
0.797306
0.451607
-5.5958
0.720613
-38.6993
1.00855
0.573991
0.482946
-0.739556
1.08813
0.232418
0.0120573
-0.452071
-0.842176
1.55963
0.145192
-1.31325
0.976329
2.23107
-1.0207
7.56665
-2.78998
0.251098
-0.0780472
1.69971
0.464102
-1.87591
-1.6744
15.1344
-1.85059
6.29533
6.31552
3.88303
0.488786
-0.256299
0.49981
-2.09518
-0.714227
3.24576
-4.24987
-0.00029938
0.00178934
-0.197401
0.845321
-0.757617
-0.0461259
8.07001
1.12635
0.778142
0.862301
-1.64013
-0.0175021
6.69686
0.237245
-0.125707
-7.47366
0.0466126
2.61538
-0.481823
-4.18393
-1.2152
2.38861
0.719949
-2.56721
-3.46437
3.13689
5.0588
0.415533
0.265976
0.349034
-1.86048
0.708135
10.1237
0.0903568
-1.4286
0.466295
0.771145
-1.7259
-0.405845
-0.0764279
0.589331
1.33457
0.657096
-0.515866
-4.33563
-0.141198
-1.43635
-0.526555
-1.17952
0.734348
-0.421144
0.349634
1.43884
0.083343
-0.0206939
0.808386
-1.68314
0.0464585
10.0943
-2.02842
-0.194817
-1.19469
9.10611
-54.3147
-0.524812
0.589747
3.25011
-1.76604
-5.52713
4.36446
0.827762
2.12256
1.094
0.00717697
11.5024
-0.556859
-2.52117
-1.27482
1.74386
-4.37784
11.3876
-0.155195
3.00235
0.172659
0.589921
-1.05355
13.1461
-0.69398
1.5074
1.76318
-0.244064
-0.756759
-1.42556
-0.668013
-0.190558
0.747885
2.73721
-1.94424
6.78297
0.079188
-0.741577
0.997076
3.43826
-1.72022
1.10445
0.290617
0.513148
-2.89654
1.3154
1.95147
-0.74187
2.88811
0.795064
-0.147299
1.19993
-6.02416
1.88725
0.217477
0.3847
-0.832681
0.310182
-2.4139
-0.548699
0.00216204
0.815766
-0.154561
-211.513
0.956403
40.5618
294.983
0.702753
-2.93233
0.433145
0.214861
5.34048
-14.7646
-0.902847
4.53637
-1.95313
1.42311
0.243628
-5.45193
-0.474541
5.07059
0.811364
-0.432093
3.09046
1.57019
15.021
-2.10943
0.33096
-1.44093
-0.0591635
-1.853
1.58527
-0.349899
-16.3265
0.270751
-0.367104
0.0191337
0.968913
0.0168959
0.269023
-0.45605
0.392338
-0.326682
2.82615
-3.08323
-0.979424
0.460875
0.653707
-3.83666
0.401148
1.58252
-0.778503
-1.04389
-1.39794
-0.957222
2.73106
-2.37653
0.202592
-2.78213
-4.1055
-0.964963
-0.320188
0.0164576
-6.731
1.37155
3.36624
7.63556
-2.79106
0.652199
-4.62979
1.02482
-2.04163
-3.61917
1.14898
-0.602858
-2.23587
-0.788177
-0.963883
-0.0169374
0.188142
-0.307804
-0.819318
-0.251323
-5.24311
1.48521
-0.71573
-0.457724
-7.71136
-0.784103
-1.19569
0.458278
-3.07826
0.33847
-0.569496
-3.12743
-2.81379
-1.16197
-1.36921
1.15602
3.45538
-0.610687
-1.79586
-0.713662
3.25205
-0.731152
-0.193701
-15.5976
1.25017
6.21519
19.8991
0.216718
-0.224062
2.61618
-0.647215
-12.0748
0.46071
-0.502591
0.998539
-0.147704
0.921918
1.5494
-8.61404
3.55334
10.9541
1.49203
-63.1688
0.0626714
-0.173723
-3.03524
-0.717536
1.05395
1.03172
-0.93662
1.68288
-2.47347
1.86964
0.231265
0.155674
0.862149
-0.0349881
12.98
0.0141234
-0.655684
-0.785905
2.93396
-0.97521
-1.21178
0.57373
-7.15505
-1.50033
-1.56867
0.475957
0.552296
-10.1979
-1.11634
0.277545
-0.0701631
-3.31942
-1.14939
7.85556
0.516507
0.249618
-1.35005
-2.34049
0.346091
1.42219
0.971924
0.240335
-0.962325
0.120072
0.630863
1.13041
0.259486
-0.259707
-0.278107
1.74443
0.0210062
-0.237888
-0.370235
0.0367571
-0.482288
-1.03695
2.66396
-0.634075
0.387817
1.29242
0.393669
-0.619545
0.0559732
-10.2751
-0.00678278
-0.808778
12.1953
4.44121
-2.4902
0.0601074
-0.518505
0.630736
1.19615
1.25154
429.05
-4.65113
0.0647033
0.142723
-0.0464391
1.30493
-0.417651
2.41875
0.821598
-0.246815
0.735235
1.0753
-0.55316
-0.419028
-0.994817
0.175416
-22.4196
-0.540033
0.300903
1.46912
1.20974
-1.0109
-4.53272
-1.00544
-3.4465
0.185381
-0.688333
2.18409
3.9183
-19.7493
1.6973
1.32723
-0.255523
1.42977
-1.25413
-0.641143
4.88784
-3.37135
0.615206
0.71007
-0.969605
-1.20254
-1.95538
-0.720632
0.384386
1.47884
-5.02423
-0.888543
-0.811733
-0.216441
0.297672
2.03263
1.83458
-0.267007
-1.11786
-3.39106
-2.46673
0.0161704
-0.892751
-0.0542067
-0.277755
2.46633
-1.07014
2.03066
0.398475
-0.64833
1.97805
1.29547
-1.16737
1.12653
0.320813
-0.223698
1.14436
-0.283883
2.19243
4.54866
-0.210772
2.30514
-0.66437
-0.151114
-1.8918
0.520569
-0.376608
1.29889
0.865576
-1.02787
-0.876575
10.2993
4.08118
0.524674
-1.39612
0.447297
0.800313
-1.35554
-1.06452
1.10073
0.969879
0.42945
-8.18021
3.01065
-15.7136
-0.532667
12.364
12.4018
0.687542
8.77214
0.595624
-2.38951
-0.700206
0.263092
0.715062
-1.18031
-2.10103
-0.588356
-2.54755
-0.721621
-0.262626
-0.273887
0.0452262
-3.31499
0.0091343
-1.90733
-0.251269
-0.579825
-0.443719
0.122335
-1.33849
0.352975
0.882382
-5.14686
2.32288
-0.0890827
0.0550392
-1.11599
0.466839
-0.754075
-1.74489
1.21535
0.0143971
1.17095
2.04881
0.800579
-146.344
0.273414
-0.959454
-0.400514
0.757686
-11.4811
1.48516
15.4413
-0.422674
-0.677119
2.60986
-1.043
-1.83264
0.677332
0.736673
-1.13456
0.30384
-0.318449
-0.034444
-1.14858
0.673252
0.2192
-16.7114
2.40122
-0.597031
-0.0328548
-3.90304
1.34423
1.79044
0.0272861
1.68332
0.590727
-0.391601
0.0604453
0.661424
-3.21521
-1.45831
1.85857
0.0733083
0.164075
-0.109177
-0.0350735
-0.203384
14.4641
-0.0270609
0.150934
-0.189411
-0.614697
4.51384
20.6098
0.501189
0.442086
0.565895
-1.07023
-1.2695
-7.07974
0.102133
0.31482
-1.0751
-1.02687
125.017
-3.56378
5.17345
-0.99973
1.00704
-1.02705
0.304799
1.12232
-0.364697
0.0151422
-13.5302
1.15101
-0.880135
-1.5631
10.7186
0.0639113
-0.485303
15.6616
0.763055
-4.0383
-37.9911
1.40213
-1.22095
5.97047
0.771939
-0.168022
-0.424389
0.0230554
-0.812351
-2.07345
-1.78362
-3.24645
2.58998
-0.821984
-34.8207
0.503192
0.761105
-1.95975
-0.618248
-1.54713
-0.800409
6.00126
1.01331
0.681422
-0.494696
-0.308496
-46.0817
-0.680271
-3.08181
0.782252
-0.0547064
2.28242
0.829818
-1.97235
-2.84704
-1.50704
-2.74068
-0.890182
-2.65299
-0.611054
16.7482
0.720073
6.1665
35.0231
-38.8617
0.349912
-1.10528
0.0973195
0.701245
-0.81777
0.477136
-1.19512
16.3662
0.0864227
-10.1916
3.03677
1.42669
1.09225
8.02345
0.262491
0.49709
-0.321907
-0.796451
-0.0966787
2.30608
-1.74664
1.43647
3.07077
-0.23004
-7.89102
-1.58418
-32.2633
0.344844
-0.0628219
0.347052
0.370947
0.835879
-1.45305
-0.369297
-0.181079
0.632442
0.300014
-14.437
-12.3286
1.24266
1.30631
-0.267951
0.414873
1.93198
0.18272
-12.0489
0.102821
0.31272
-0.547053
3.17814
-4.62755
0.0263023
0.248503
1.49304
0.88796
-3.5909
1.89712
0.510963
-3.31242
1.40932
2.65011
47.325
-0.13104
-2.04502
-0.897047
-4.27493
-1.12479
2.19026
0.576597
0.476188
-1.44896
0.791361
-1.5932
-0.216838
0.806141
7.79607
0.134683
22.8679
3.54443
1.04671
-0.883499
0.883118
-104.432
-1.38743
0.572219
0.774695
489.716
1.80976
-0.101546
0.714452
0.728965
-6.49966
-1.05338
2.17845
-1.18666
-3.97009
-1.74999
1.42296
-0.524966
2.16816
-0.988189
-7.79639
-1.33284
-63.0839
-0.300266
-0.0443747
-0.595941
0.398838
-0.18125
-5.9933
122.355
-1.15018
-0.850556
5.29615
2.10401
0.256168
-0.967969
11.7321
0.134357
-0.460947
1.89278
-42.0776
-0.343427
0.0303297
-0.600573
0.76562
2.06212
-0.688439
1.43608
0.15287
2.80844
0.284495
0.0136056
1.02102
-0.408812
-2.74922
-1.14585
0.242537
0.588957
-1.67209
-4.60925
0.681244
-0.182698
0.506691
-1.39691
0.591242
-0.316917
-0.912412
-0.261116
-0.414356
-0.244491
0.249957
-2.22075
1.03554
-4.91328
1.03346
-0.00887443
-21.1005
0.256109
-2.12953
0.135598
0.812028
0.329133
0.661693
0.575846
-3.53281
-3.66067
-7.08563
0.0925006
-0.742811
-0.104972
-0.0104952
0.221755
0.949635
-1.49492
0.0443216
0.198796
-0.385232
1.83332
-0.124593
-1.53662
-0.224
7.14599
-0.657013
0.140235
-0.394161
4.29372
0.922556
-0.444963
-4.25677
0.672732
-0.215267
0.0465152
0.721951
1.70766
0.267233
2.88441
-0.660175
-0.151989
19.4365
-0.17243
-0.606307
-0.591456
-2.8924
0.222125
1.8012
3.86114
-0.320309
11.1123
1.0532
0.833886
0.449815
1.55239
3.98519
0.751656
-1.57929
0.0820071
-1.16687
5.66843
-0.838501
-6.96746
-20.134
-0.0533794
1.67058
-0.703248
-117.649
-1.00076
2.06802
-2.50088
0.603492
-55.91
12.0928
-28.1724
-16.9574
1.93953
0.266588
-0.053388
1.62143
34.5984
-1.01794
3.32939
-1.50297
0.988997
-1.42238
0.264168
-6.22157
-0.776062
0.620757
2.57684
0.641544
-1.11351
0.354661
-0.781673
0.997128
-2.00963
8.9574
1.27713
-1.41482
1.21409
-4.67449
2.60015
-0.103724
3.14848
-0.309429
0.111988
-4.30732
-4.5462
-3.51737
-4.13861
0.488118
1.92627
-0.89865
-0.495109
-2.839
1.12202
17.6011
0.883476
-7.39691
2.83068
-0.488107
2.00616
0.135486
-1.13973
2.91757
-1.14833
0.293736
0.854628
-5.43795
0.927016
-0.745917
-1.40936
-1.66423
0.17918
-0.439768
-3.38421
-1.98871
-3.61673
1.94426
1.12047
0.570492
-0.563287
-1.08331
2.16414
-0.111747
3.34525
-0.598191
-0.0394584
8.55968
-1.16577
-0.331351
0.365631
-0.760123
17.6723
-6.73872
-0.899412
-0.772095
1.28541
11.1583
-0.478941
-760.766
1.17719
2.06141
-6.8884
0.598033
0.686378
0.235561
-2.20252
0.890967
-0.0844785
-2.94958
-4.64511
0.0920787
-0.611003
0.159376
0.883641
2.9792
-0.151514
-0.414942
0.530572
3.623
0.533191
0.562243
-0.00881668
-0.815601
0.443528
-0.0590061
-0.423904
-2.7685
0.099706
0.44691
-0.858259
1.72227
-0.047448
-1.6292
-0.832182
1.70248
-2.55902
2.27536
1.68776
0.394596
-1.42503
-0.20213
-0.175458
2.96833
-1.80327
-0.731896
2.46943
1.01787
-5.03373
-4.15366
-4.03369
1.11041
-10.925
0.522969
-1.09496
-0.166841
0.366259
-0.389511
4.35542
0.797706
-1.86593
15.5654
1.44513
0.449869
0.615274
-1.4923
0.0431956
3.82622
-3.61216
0.0561217
-0.711538
1.28132
-2.87715
-0.107758
1.92213
0.0761957
-0.156926
0.486065
-0.49773
1.92545
0.377974
-1.26679
-77.3445
1.76
0.152753
0.0625356
-2.87761
7.41853
0.199711
0.241354
0.45176
-1.21126
-0.396322
-1.11792
5.78131
0.478242
-4.82795
0.119904
-0.0987884
0.128867
0.616074
-2.8342
-30.3573
0.573544
0.438963
-5.06831
0.355675
1.68502
1.57945
0.169289
-0.561774
0.261912
-0.977041
0.844294
-1.50688
0.32433
-0.178995
0.649495
2.12101
0.523268
1.02849
-0.239712
0.0331388
-0.466231
-0.341435
-1.35596
-1.26214
-0.357732
0.290873
-11.6493
0.255699
-0.54161
8.40497
-1.34854
0.301015
-2.2711
-0.533143
-0.127408
0.338222
-2.14487
-0.539949
-1.17514
-0.733676
0.168061
0.976577
0.789004
-0.948731
-0.805348
-3.18341
3.03755
-0.567979
1.95713
1.57915
-1.56766
0.423831
2.72865
-0.0504067
0.523207
0.223633
-0.429289
2.35637
1.79166
-0.749435
0.294698
-0.902236
-2.53013
0.571758
-2.14982
-7.50927
2.11219
-0.451342
0.657437
-1.68434
-1.25072
-0.859665
-1.23289
3.4477
-1.76164
-0.115767
-0.262968
-0.679578
0.774705
-32.133
-0.205628
-0.323811
1.61889
0.324031
0.982355
-0.0482432
-19.3975
-2.98659
-0.555126
0.378795
-0.376259
0.453694
-0.573758
-4.15185
0.0561685
1.17687
6.07036
2.78646
-0.690078
7.55255
0.183069
-0.955395
-1.09851
47.9451
-0.0617896
1.96267
0.383042
0.168732
0.544149
-1.89834
3.35457
1.68589
-0.0415625
2.38576
0.689681
-4.81158
-10.5071
0.835812
-2.54236
0.647668
-0.652435
0.0458513
-5.79971
-0.749236
0.0125382
-0.860287
-0.00871564
7.32637
-0.673885
-0.23588
4.75844
-5.22302
1.08133
-1.64412
-22.2349
0.147062
0.974563
-2.5055
-6.78709
-7.03582
-1.83016
-15.8139
0.00907516
-0.18551
-0.563574
2.39605
0.754657
-0.806616
1.53398
-1.30486
5.34069
-5.09989
0.267818
-0.454462
-0.703016
-2.20925
-0.16094
-3.55262
-5.18763
0.800842
1.0542
-2.5952
-0.474937
-14.672
18.3569
-1.37324
2.19812
1.31674
-0.572613
0.0824976
1.23123
1.92472
-0.649744
1.07674
5.06789
0.628489
-40.8376
-0.212799
0.646215
0.691544
0.680552
-1.32951
1.13711
1.6852
1.71896
0.888648
-6.75773
1.11013
-0.339753
0.619886
4.12798
-0.936533
-0.540657
-1.04197
0.222048
-3.71151
-2.2771
-1.19422
-0.470008
0.019642
-1.33261
-0.00652692
-6.01354
0.804077
-0.897859
-0.201275
-1.32396
-1.96399
0.284402
0.389783
-5.14582
-0.665342
0.765262
-2.74013
-0.852829
0.797085
-1.04137
-2.0386
0.70595
-0.53722
-0.280818
1.50101
0.220041
-2.94948
0.999489
-9.02149
0.0773523
3.80619
1.72041
0.37336
0.113758
2.21879
-0.73986
3.68471
-0.622156
-3.8686
-0.108532
-3.01867
2.79318
3.12081
-0.0527605
-0.898375
-5.72743
-11.5651
0.466563
1.24765
-0.528564
-0.109188
-0.575648
2.30877
0.625768
-1.6275
51.6773
-1.02718
1.38175
3.6943
-1.86468
0.107854
-0.371142
-2.44287
0.258881
-0.21577
1.07567
-0.310179
0.304928
3.87587
-0.693209
0.557333
0.537235
-1.19174
0.0808135
1.56211
-4.46649
-3.00139
-5.56955
5.45583
-0.758102
3.49304
0.0518511
3.05212
-1.20226
-0.453866
-0.0966544
0.172498
0.164377
-0.0654182
-0.415102
-0.749172
1.70277
-3.12392
0.574577
-0.346511
0.389957
-0.56508
-0.157682
-1.17407
-0.207239
-0.992235
-0.826203
0.824605
-1.59551
-0.404512
-2.04044
-0.186329
-0.471739
-0.726754
-0.124142
1.51181
-0.0809839
0.330447
-1.62412
0.0110629
0.810343
-1.47527
-24.8447
-0.738105
-2.0193
0.0619969
-2.47963
2.70511
-2.13391
0.554495
0.880395
-16.3715
-52.4241
-0.914687
4.62373
0.228291
-0.216958
-1.53634
-1.6384
0.0411168
-0.577563
-0.191966
-2.29445
0.79156
-0.670506
0.228431
1.63666
-0.207493
-2.44186
-3.60411
-0.281741
0.717745
-4.82913
-3.22556
1.00868
-0.19719
-11.0031
1.12199
1.76889
-7.96767
0.621806
-2.78989
0.478003
0.064158
0.603791
-0.199626
1.27268
1.73911
-3.15596
1.91596
-40.6509
-0.198285
0.298889
1.57896
-3.68856
0.164995
1.58336
0.496688
2.38793
0.118934
-0.143662
0.0631537
32.529
7.37492
-0.451054
-0.225351
-1.32931
0.978585
1.63936
-0.103571
-6.23563
-25.9437
26.7736
-0.321715
-2.62288
-2.78789
0.222991
-1.31579
-0.70045
-0.090532
1.78663
0.210499
-0.087208
4.85045
-0.180177
-1.58621
-2.32843
0.896714
-0.808424
0.154492
0.484024
1.37832
3.24919
0.722452
-1.83584
0.722194
-1.85206
-0.248725
-2.19907
-2.90795
2.50256
4.05058
1.37266
3.26606
0.020387
-3.38372
-3.03459
-0.757799
8.05575
-2.36747
0.237014
-0.627361
0.211728
0.920451
0.548422
5.37986
0.123921
10.7172
2.02179
5.33933
-0.824316
0.257176
1.47289
-0.0163272
1.92818
-0.523544
-1.17755
-11.1983
1.77905
1.21247
1.34643
-8.11896
-0.183126
0.985666
0.472543
0.133957
3.17416
-0.598584
-0.298176
-1.46827
2.08505
0.697208
-0.142569
-0.339432
0.340149
-3.18939
5.25872
0.142796
-0.446927
5.98854
0.299751
-0.554714
0.399474
0.236086
-0.708984
0.0871741
-8.74621
-0.14444
2.63067
-0.268007
2.30548
-0.203813
-1.08599
1.29997
-1.68587
-0.00138115
1.97215
-0.0821135
0.737303
-0.758737
1.16935
-5.27478
-0.260795
4.65165
-0.99909
-0.00249536
-0.460197
0.108408
-28.4386
2.43002
-12.4264
0.612083
-4.85241
1.4865
0.362605
1.28473
10.1903
-0.284005
0.5062
-7.82181
0.623512
-2.00211
-5.01241
0.153298
-1.83416
0.23985
-0.974404
0.805153
-0.606529
6.88352
-2.17731
-1.88298
6.94847
-2.70845
2.47635
-0.201788
-1.45976
0.152597
1.70132
0.0924081
-1.1419
0.215324
-3.82228
0.534999
-3.06167
0.826418
-0.0836085
4.14432
6.82282
0.999549
2.7791
0.565391
-0.489927
-0.0758762
-1.48377
2.60729
-1.98874
-1.2167
-0.4222
-0.191534
-0.785626
2.89434
0.0754235
0.828048
0.944353
3.31782
-0.23805
13.4467
1.53169
0.455924
1.76486
0.853781
4.19769
-0.159265
28.9836
-1.55531
0.277329
-0.42147
3.22547
-0.0521364
2.37547
2.01922
1.36427
-1.35341
0.692421
-0.0507502
-0.00649506
2.70006
0.864225
0.0278229
-1.10741
11.4814
-2.62126
-2.52675
-0.409518
-0.762095
3.1516
-1.08294
-0.0834631
0.703705
1.93599
1.93402
107.576
-0.717875
0.150025
-0.597854
4.12736
-1.31965
10.5133
-0.0376488
0.0977006
-4.36791
1.59317
-43.0202
2.02179
1.27037
1.46453
1.35003
-0.470934
2.43219
-0.41361
-0.0159408
-0.904921
-40.0577
0.870069
1.5566
-0.827545
-0.17521
-4.16913
0.194929
0.635847
1.15548
-0.0152474
3.32592
1.05266
0.872751
-15.1571
0.142573
-2.66667
-0.570873
0.775072
7.36066
-0.121194
1.71801
1.75342
-2.66766
0.625016
1.98395
0.630878
-5.64765
-2.22697
-1.19335
-0.271042
1.55498
-3.72662
-1.08998
-1.34465
-0.165842
-1.26798
-59.3396
-0.159529
2.30088
2.02475
-0.208543
8.48696
0.103188
0.0714014
-0.832139
-0.48591
2.45055
0.370631
0.26221
0.368234
-0.308106
0.830976
8.85862
1.64737
-15.7188
-2.80491
15.941
6.38729
-2.0406
1.34214
0.753459
18.1027
-2.08726
0.443135
1.05442
-2.97207
1.74794
-1.4769
-0.0414708
-0.116036
0.020137
0.415926
1.47237
-0.35275
0.678875
0.762274
3.28086
-2.48208
-1.90713
-0.52662
0.691087
12.7611
2.83164
1.95033
1.89142
-1.04882
-0.846626
1.41792
2.36356
-1.11302
-0.583807
-4.70028
2.33391
5.24519
344.632
-0.434139
1.95628
14.7148
0.322027
-0.312582
-1.02152
-2.09632
0.955332
-6.29829
-1.31148
-9.46747
-0.650009
-2.09336
-1.43711
0.399138
0.926687
-20.5889
1.48744
-3.14496
-0.105886
-0.299787
-1.94724
-1.9979
-4.66428
0.942422
-0.27433
-2.22508
0.0504405
-82.2163
-3.52579
-0.882108
-1.0893
-2.10706
0.561694
-2.76092
2.7126
-0.531295
0.385142
-14.5563
2.56857
-10.2437
-0.101136
0.770837
-11.1563
0.38944
0.0297916
8.2048
-1.11897
-1.81992
-9.27117
-1.13997
0.835987
3.91163
1.53226
-0.617446
4.02295
10.4329
1.55434
0.841823
0.129024
-1.40291
-2.79861
-0.586786
0.0252616
1.08556
0.618732
0.653006
-11.9062
1.3435
-0.056777
-4.0012
1.32667
0.317366
-1.16161
-0.404383
-0.652538
0.119969
0.523013
-7.06891
4.62043
-3.69481
-1.26399
1.1564
2.13372
0.999856
1.99815
-3.87226
-0.40086
1.10673
0.254876
4.42005
-2.40664
1.26967
1.05285
0.748377
-0.283069
0.045156
-0.674319
1.50792
-0.666645
0.335815
0.329574
0.245164
-0.353369
-4.69945
0.235305
1.3759
4.55752
7.18008
-0.908155
-0.566562
2.29972
-1.67717
0.649792
-1.07123
0.485117
8.34652
-1.30993
29.1886
4.34316
0.0314913
-9.13998
4.81292
-1.32978
-1.08066
-2.83058
1.33794
1.77474
-0.624746
-0.160329
0.438426
-0.843193
-0.211115
0.210431
6.60433
4.82811
-0.612434
3.45404
5.26523
0.898528
-0.652259
8.80156
4.78688
-0.359504
14.889
-1.2292
2.94308
-0.928118
0.382821
1.78806
8.70331
0.762987
-0.929374
-2.33953
-1.51581
-11.5404
2.15255
-2.02889
-1.84492
-2.10892
-4.28299
-2.82182
-2.67744
1.26821
5.26466
2.23171
3.99401
-1.51454
-1.16735
-0.930404
-0.0600678
8.12965
-1.16009
-0.250824
1.39834
-0.0860969
-2.60404
-1.70963
1.42574
-2.42833
-0.248802
1.24313
-0.194299
1.22467
0.441659
-0.054566
-0.809115
-0.515684
-0.0295403
-6.2026
0.763911
3.58628
-13.0154
-22.441
-0.435632
-1.09126
-0.902999
0.877039
0.188862
-23.2279
-0.573485
2.22556
-0.630286
-3.90118
-1.88447
0.576583
-0.450909
-1.76773
1125.66
-1.44382
-0.188074
-0.693952
0.0635334
-2.40278
0.170824
3.10531
5.27765
-36.4215
-0.599707
0.369598
-6.11038
-0.555706
0.503893
1.26466
0.89607
-12.813
24.2423
0.843138
0.322276
11.1424
0.297431
3.20195
-4.53885
-2.02144
2.49049
1.2852
0.0907326
-1.4673
-0.23878
0.833097
1.35643
1.06927
-2.67637
1.26158
1.09645
0.123877
13.365
-0.208648
-0.421654
0.728626
-1.88146
0.399568
-0.263034
-0.101483
-0.29616
4.28931
1.529
-1.79915
0.503207
1.86622
3.09451
7.81299
2.05265
10.5192
0.382146
-0.760395
-1.77931
1.48461
-0.340078
-1.31626
3.91761
-0.436488
0.958518
-0.371376
-3.28194
-9.26074
1.79355
-1.03106
3.34199
1.57481
0.410402
0.883094
-0.406156
2.49173
-0.78265
0.100787
-2.78633
0.717869
6.46646
2.16838
-2.59574
1.84204
1.29278
0.181902
0.925932
1.25139
0.0193281
-0.769997
-0.327211
1.56631
-1.6835
-0.240206
-3.20797
1.84571
1.19206
0.302557
2.21194
-0.101992
0.976435
-2.0808
-10.5776
-0.176119
-2.66178
0.114202
-0.830774
7.05299
0.948503
0.181002
-1.134
0.0760744
0.0810175
-1.21943
-0.0698937
1.36592
-0.928893
-12.3586
2.99865
-0.37672
1.42416
-4.2844
-0.827889
-14.2428
-4.30072
-3.67247
0.632714
-0.463726
10.6779
-0.148796
0.467852
0.336751
-0.0447466
-5.64945
-84.5717
-0.582674
2.14507
2.05096
-2.87285
-0.685314
-5.33126
0.955706
-34.6264
-1.23716
-0.810693
7.87507
-2.61706
0.849785
-0.812117
0.0514465
1.40725
1.81577
-0.181914
-1.71632
0.316863
2.55593
0.70989
-5.51918
-0.968851
-0.518688
-1.73767
1.3201
0.714696
-0.166305
-3.58464
-1.79507
-0.409967
1.12541
-0.459204
1.88443
-0.412588
-0.346145
-3.14564
-1.43034
-1.57158
-1.46876
0.900865
-1.63121
-2.40676
3.56838
1.97264
-3.11231
1.07359
-1.10189
3.25111
2.00746
-1.5622
0.689512
1.71376
-0.213755
0.134587
4.93982
4.29453
-0.735697
-0.392029
-0.0256424
12.1536
-1.6264
0.40867
0.374699
1.68414
-1.81393
-1.21427
-2.03958
-0.736884
-1.06399
-1.21992
-0.171865
-0.745217
2.24493
-6.44143
-0.0167503
-0.605336
0.220745
-0.782324
-0.152291
0.53972
0.137563
-0.15364
5.94791
1.19236
-5.79708
0.100468
0.80057
3.25107
0.150582
-0.484632
3.75355
0.341771
-0.33075
-2.7229
-0.320065
-0.651245
-1.96716
-0.305633
0.0699668
-0.100885
-0.419338
-2.435
-0.642076
2.54612
-1.4379
1.40145
0.338066
-0.682728
-2.49813
0.498962
0.180422
-0.351719
-0.21367
-0.268759
0.389429
-0.677762
-0.568376
-1.75593
-3.35556
1.33521
0.636103
-0.433455
0.0953363
2.58777
-0.488516
-0.330929
-0.252399
-14.5015
-4.77931
-1.44983
-0.646445
0.331672
0.286335
-9.36117
-1.76383
-1.15234
-0.212821
-1.40495
1.54321
1.47868
-0.672005
-0.39366
-1.08653
0.264991
-13.7716
1.72271
-0.19762
-22.239
-1.94523
2.40739
0.699049
-0.587635
-0.720846
-0.673419
0.0530917
-0.1845
2.71971
-4.05341
2.90901
-7.90043
-0.551367
0.0566819
3.98512
0.119011
1.36911
1.81637
1.71047
0.374332
2.14584
0.647363
-0.17669
0.605596
-3.10296
-0.493914
-1.38204
0.888692
-12.4896
-0.186688
-1.17714
-0.128662
2.18969
0.151286
0.951868
-0.478271
0.490649
-32.5571
0.610919
-18.9567
-0.137552
0.545104
-1.43907
-0.215942
0.885054
-1.25487
-1.94704
-0.188942
-1.91974
-0.575328
-0.818072
0.397985
2.96867
-1.45478
-1.02914
1.17162
1.6987
1.94192
0.325928
-11.9863
0.195204
3.96247
-0.645498
-0.833874
1.33469
0.168736
2.82117
0.254992
0.810906
-0.291889
0.287684
1.28799
-0.226685
6.19941
-1.72977
-0.447508
2.87357
-0.378874
-2.99835
0.431036
0.751919
4.59486
6.07691
2.3497
2.19003
3.5909
-1.31496
1.57444
1.12574
-0.71606
1.74702
-0.30496
-0.300345
0.0828898
0.520187
0.418464
0.261603
12.3973
1.77514
0.118155
-19.4041
0.618191
2.93286
-0.303371
7.71764
4.14356
0.3429
-0.44544
-6.35867
0.423145
0.73348
-1.67129
0.637675
2.31807
0.561523
-0.856543
3.82107
-0.494399
0.801008
0.326581
-0.479769
1.1011
0.957172
-2.19929
-17.1199
0.903203
0.849334
-0.112026
-8.50584
-0.169841
1.21433
1.19811
-13.0754
0.529916
1.32734
3.38173
-1.67323
-6.38129
10.6299
-3.15499
1.24379
0.752632
-1.20211
2.40951
0.248933
-0.884072
2.49813
-7.03313
-0.651557
-1.03051
9.62761
-1.56632
-1.35683
15.2373
2.11128
0.133507
0.435814
0.234552
-1.33708
-3.60568
0.254251
2.53
-0.795385
-0.128478
-1.79132
-0.173118
-0.788605
0.0381575
1.02621
-0.987398
-0.867738
-0.299621
0.0345324
-0.124728
3.63613
-0.105577
1.57293
-0.843849
0.979114
-0.117918
-0.487759
6.51747
-0.831289
0.310325
-0.586934
-4.85958
3.44831
15.9351
-0.607263
0.916195
0.400532
0.721408
0.300997
1.31271
-1.25584
0.515694
-9.54913
0.849881
1.04982
0.358486
0.97478
-1.13056
11.7198
0.84327
3.24537
0.454632
0.104559
-0.116493
0.0187923
-1.78941
0.615709
0.310341
-1.01086
0.248236
-0.844139
-3.44206
-1.87206
-0.622357
-0.475477
2.60189
1.86538
-3.19079
-0.73199
2.16979
-0.360096
-1.17622
1.92542
-0.280494
0.775053
1.12887
-1.25908
1.19793
0.0549507
-1.75583
0.175098
-0.300434
0.176129
-5.90032
0.278989
-5.71067
10.6082
-4.56184
3.26373
-0.0412263
-0.0731487
2.93105
-0.499651
5.51674
0.869092
15.0335
0.29446
-0.380147
1.49532
0.637759
-1.46871
-1.79288
-0.94646
-0.477478
-0.443916
2.22559
1.54753
-0.454959
-373.307
0.634159
-0.718347
-1.50516
-0.741063
-0.81043
0.405108
-2.24583
0.391237
0.196424
31.7132
0.655083
-0.912363
-1.15047
9.71491
-6.63889
-3.78275
129.992
0.467869
-0.119455
0.186333
-2.65996
2.6795
0.968732
-0.332324
-6.56811
0.0752238
3.65815
-0.366101
0.0863641
0.547792
1.04258
1.86642
0.302344
0.00618476
0.593402
-0.746744
-4.28067
2.42373
-0.0104376
0.264563
1.72667
0.403667
7.15956
-0.10644
-23.1499
-20.8687
-0.018767
-0.710685
-1.9894
0.986706
0.863681
3.0594
-0.640435
-0.114304
0.903508
-3.05969
-0.782128
-0.598194
0.84474
-0.202207
14.276
-1.75256
-2.33138
-2.10474
-0.335877
-1.3477
0.240216
-2.54741
-0.877377
0.738824
1.19012
-0.142443
1.18517
1.1199
-1.88413
5.67324
-0.230648
-1.11173
-1.06499
3.77927
1.40695
-0.585065
-0.703497
-0.0908402
-1.05343
7.60825
-9.74496
-0.378903
9.83424
3.07844
-0.333605
-0.429251
-8.26205
-0.22467
0.688923
2.29193
-6.89058
18.2146
-0.674749
2.76584
7.49111
-0.202483
-1.092
-2.18917
-5.18791
6.58239
0.826088
79.1258
-1.29279
-3.24982
-2.83437
-8.51647
0.855017
-0.116575
-4.60732
0.214551
-0.853553
-0.0907985
0.258209
9.38634
-1.27049
0.0457445
0.126856
0.600783
0.624989
-1.33776
0.978029
-13.7967
1.7477
3.49928
-12.3782
0.39993
-6.12897
2.51508
1.63694
-0.197724
-0.132315
-0.0572304
-0.107337
0.403433
-0.455966
0.22612
-16.3925
0.14029
0.633449
-0.694981
0.133476
-5.03929
0.0223665
-7.43693
-29.9633
2.71515
0.740191
0.801898
-1.14222
0.587548
-0.565897
1.28203
2.57105
-5.1368
-1.56874
0.93052
6.82512
-0.0343711
-0.767521
-1.01011
0.433752
-2.49222
0.676591
0.745023
-0.299965
-1.01307
-1.47167
-9.16671
-0.256428
1.37712
-3.84754
0.0675408
0.424535
-0.355652
-1.1926
-7.08303
0.745744
1.0785
0.618717
-0.494261
1.61572
0.229506
-0.285753
-1.51954
1.55747
-0.736797
0.16234
-0.340112
-1.78851
-0.975209
-1.1698
-1.38395
-1.95149
-6.13805
-0.0291705
-16.1569
1.47105
-0.814422
2.36947
0.443254
-0.169716
0.332914
-0.45394
2.1122
0.267761
-0.488893
-3.1418
11.7222
0.646427
0.0190021
-0.0175515
-1.87157
0.91025
-0.180314
492.921
0.508877
-0.786395
-1.85106
3.8886
0.299633
0.673593
-1.50167
7.59724
3.17981
-1.46832
-50.4934
1.21053
3.2293
-5.86464
0.30729
-0.223261
-0.182303
-0.109899
-6.58786
0.072334
-0.381202
-0.333407
0.439247
-1.53991
-1.93437
21.3627
-0.466197
-3.28202
-2.24528
-1.55945
-2.29072
0.36155
-0.776174
0.916364
1.02728
-8.07136
0.2643
-3.8158
13.2177
3.25177
0.820059
0.803988
-1.12051
0.259982
-10.1443
-1.05344
1.61138
1.45671
5.41478
0.918756
2.70255
3.25645
-11.5235
-1.68084
-1.11359
-0.240422
0.367361
-0.079953
7.80683
1.50963
-0.195782
0.0362645
-6.34277
-0.712883
0.918683
-0.411324
1.35414
0.706134
0.297267
4.92167
1.36751
1.88548
0.132058
0.113505
-0.2012
-0.857304
2.2977
16.8172
2.47141
1.18992
0.231354
3.13957
4.1686
141.859
-1.38969
1.40544
0.206167
-0.14892
0.229697
1.61989
0.340689
-4.25242
0.353799
0.788471
6.7912
0.944868
-11.1064
0.281208
0.545464
1.07298
-1.3788
-1.02755
-0.0289923
0.906452
0.774814
0.175393
0.461491
-5.0948
-0.18341
19.372
0.383123
0.100794
-1.22064
3.74853
-0.961968
-31.7582
0.0731735
-0.726008
-8.69684
0.0907231
0.338213
-3.59669
0.275353
-0.481429
-1.25612
0.100987
-1.18891
-0.492848
1.1518
1.19875
0.528559
0.111708
6.91132
-0.425467
-1.70988
0.473154
-0.359498
8.11124
-2.06142
0.937664
-1.12885
2.03496
-1.54003
-1.05369
-0.268072
0.168106
-0.438504
1.23319
-2.81719
-5.05894
-2.01998
-1.80267
-1.57251
-1.28585
5.19227
-0.202833
0.807516
-3.79792
0.054038
-0.699443
0.154832
-0.785936
0.0402302
0.0997113
-1.26525
-0.0784088
0.439093
1.41848
-1.08405
-0.564537
0.535893
-0.224208
1.27677
0.456676
-1.8967
2.32317
-0.49258
0.487773
2.68566
-0.675399
0.664026
-9.81941
0.815722
-2.4911
-1.21972
12.2457
5.18867
-0.725982
0.222482
0.578542
3.74231
-0.809961
2.05058
0.961025
1.86041
1.38974
0.342051
-1.43344
0.886237
3.89444
7.9582
0.35122
-0.831608
0.372819
2.16801
-1.76753
-1.255
0.416653
-0.0358628
-0.6748
2.07544
-4.93652
-1.50341
1.57506
1.9263
0.719955
-0.629069
-7.15295
-0.667056
0.110065
-0.71023
-10.1035
11.3992
-1.2163
-0.797468
-0.248413
-0.0442365
-0.416163
-0.192423
-3.38843
-1.71151
24.4532
-0.109924
31.2017
-0.516805
-0.2768
1.09441
-1.33877
-44.9483
15.0014
1.89378
120.989
3.75638
2.14336
0.491222
0.106027
0.628502
-0.420356
49.4936
8.05311
10.0843
0.436178
-0.910239
-0.913971
0.237592
2.32015
3.51467
2.76577
1.69939
-1.70171
5.34367
-0.132556
0.563322
-0.812921
-0.343724
2.66886
-2.73815
-1.41331
-5.48436
-0.417836
0.156233
6.26252
-0.698095
0.414674
0.815283
5.31455
-0.447102
5.34182
1.36682
-1.42158
-10.4176
-0.174943
0.0157337
2.45876
0.973514
1.19749
-0.126943
-3.64272
4.61556
-0.481035
-0.221067
-9.12814
3.66684
-2.51356
0.119325
3.90103
67.2098
0.689606
-1.15341
0.581087
2.8415
0.860467
-0.821692
2.64349
0.0527169
0.4236
0.97455
-0.0902112
-10.2202
1.30212
-0.0270638
1.0207
-1.95531
0.354464
-0.895129
-0.14346
4.76246
10.4552
-2.42087
2.095
0.692385
2.51956
-8.44277
-0.813342
1.68546
1.15511
-1.48333
-0.20473
-1.5798
9.44442
2.22362
-1.31026
2.40667
-6.64637
-1.07086
-2.30487
-4.10555
-0.737243
1.35118
-0.0604043
-0.538289
1.16789
0.431926
0.971224
1.55794
2.09501
-0.292551
-0.331611
0.52762
-2.57696
-1.59575
-0.219838
1.21611
-0.367986
0.988488
-0.813361
-0.525329
-0.680992
1.71538
-298.952
-0.380781
0.29266
1.35515
0.434863
-1.51642
-1.56998
-0.290453
-2.35843
1.00599
6.93143
0.651443
-3.89515
2.37838
3.05947
-0.33003
0.0298949
-1.4665
-0.823509
0.162147
-5.40994
0.234023
3.94952
1.05952
2.28606
-1.16058
1.58386
0.328851
0.0919802
0.273347
3.64594
-0.353751
-0.351582
-0.424683
-1.00421
0.00693284
1.95207
-0.367032
-3.46357
1.53614
1.40903
-3.74179
-0.802036
-1.20239
25.4061
0.409993
3.47214
0.695969
-7.12297
-1.87087
2.5292
4.25449
-0.433816
-2.60057
-3.31776
1.84572
13.5777
5.2236
-0.212897
-1.70768
4.57753
0.414652
-0.935758
7.72588
17.6935
0.6954
-2.51824
2.96152
-0.450825
0.65303
-0.361696
0.0697331
0.17343
0.383635
1.09857
29.452
1.24741
-0.655041
0.239869
1.38369
-0.752511
-0.76601
7.13495
-5.55761
0.0654883
0.80533
-0.31298
-0.615728
22.5953
-1.89045
-0.962033
1.70289
1.11894
1.12897
-0.156305
8.45226
-0.00803905
-26.2155
-0.568231
6.7617
1.12397
-2.55364
-0.492175
-0.413556
-0.0585504
-1.39001
0.952005
1.90337
4.39181
-5.35956
21.6989
0.603614
0.846769
0.738886
0.231314
-0.275644
11.4767
0.857768
0.748129
-1.99855
0.462702
-0.26196
0.35502
-10.998
-6.83373
0.132309
0.1968
-1.48164
0.248258
-19.1779
-0.933309
0.988307
-0.865708
2.15293
0.353307
1.55458
0.0252776
-6.9234
0.604446
-0.0776684
-1.06002
0.00116282
-72.1178
-0.279253
-0.32038
4.58803
2.24896
8.71439
-2.60699
-0.232228
-2.04049
-1.97017
0.247724
-0.0711903
-1.60432
0.214461
1.89444
-0.83082
12.2099
1.10311
1.85783
0.998503
0.607387
-1.76141
0.0665792
5.34529
3.56723
-1.74979
1.64662
1.88508
-3.78305
-3.82444
0.983248
0.787365
18.5582
-0.900076
-0.135564
-1.18826
-4.88847
-3.91454
0.309286
2.40916
0.394035
-1.43728
3.87693
155.805
-0.564739
14.0395
0.154119
1.04251
-1.4677
1.32513
-2.22856
72.1098
0.200146
0.256408
-0.868081
2.91457
-4.79992
0.0510586
3.64011
-0.623716
0.470258
-0.431431
-0.294795
0.427713
-0.639537
-0.807971
16.6531
-0.949916
6.25239
-0.0907625
3.45918
2.73425
-15.9712
-10.3271
-0.0472306
1.9938
0.0853384
-2.16702
-18.4726
-3.95316
6.03999
-1.75505
-0.153561
1.11405
0.132046
1.20297
5.0826
3.23882
-0.944421
0.556266
-1.3776
0.542765
1.77681
2.72662
1.11007
4.34518
-2.35581
-1.30308
-0.126636
0.93773
-6.42883
0.521253
-3.02001
0.949001
-0.783316
-1.93059
0.952435
-2.75153
1.36711
-0.562971
-1.27051
-1.28406
-4.74603
0.935214
0.344288
7.39341
10.1888
-1.39693
0.264523
2.34709
5.515
1.21798
0.211858
13.7599
0.131495
-1.08408
-0.480659
2.13947
2.08044
0.458014
7.49391
0.187557
1.9643
-0.448985
-1.4105
-0.718496
-0.822139
0.269468
-15.6538
-0.344594
0.388921
0.66213
-0.853391
-0.972471
-1.85967
-1.1317
0.700189
-0.458796
2.05794
-1.43166
-1.00001
-6.39055
0.0848574
2.76194
2.81864
-0.188414
1.54212
-0.398638
-2.20123
-0.585713
-1.28303
-6.86852
-0.94728
-0.99604
-1.85401
-2.55002
-0.332637
1.67485
-0.445056
2.13098
0.320816
-0.263525
-1.63936
0.192413
-0.314081
-0.110919
-0.14477
-0.807906
-153.5
139.857
-0.976566
-0.0894577
-0.409318
-2.01959
2.81827
0.661098
-0.423444
-1.2876
0.336137
-0.852847
-1.28961
-0.620826
0.735633
-2.76008
4.40163
1.62388
1.51715
-0.0658633
4.14167
-0.310149
-0.0605986
-0.422767
-3.99133
-2.36483
-0.887726
0.899754
-0.807304
0.519856
-0.667412
0.573487
3.31356
5.10535
0.950015
1.00405
1.89877
7.3751
-3.10325
-1.54983
-0.781313
0.0524717
-0.197337
-0.114887
0.265532
1.17136
-20.502
-0.12651
-1.16772
0.594957
-2.50575
3.59934
0.582661
-1.25708
-0.0214854
1.98243
36.6848
-2.65825
-19.6251
-0.510787
18.4944
-0.851977
-9.19303
-5.93019
7.64304
0.243373
2.66776
-4.80726
2.8044
0.297652
-0.6914
-0.0419182
0.175892
0.393387
-0.432168
6.89926
0.275369
1.20548
5.23804
0.236747
-1.39711
-0.325161
0.890165
-0.0124288
0.54025
1.18741
-0.16991
0.541594
1.54516
-0.566808
1.55251
0.898796
9.35257
1.14155
0.06107
-5.99254
-0.199939
-0.81136
0.230124
6.01765
0.949928
-0.100804
0.515449
4.57402
-0.397845
1.9774
-2.38356
-3.09911
-0.469254
0.64888
-0.481686
1.07862
-1.52523
6.00223
0.466424
1.33721
-13.9268
-1.98782
1.30685
-0.0584957
-0.326837
-0.052808
8.13236
0.638619
-0.752313
-0.656595
-0.307252
0.215122
-49.9921
2.51493
-0.319206
-1.04233
0.0631785
-4.3536
-1.89122
1.67325
0.850276
-0.508429
0.692932
0.351827
-0.446811
0.321323
-0.330231
-0.399072
-0.0226765
-0.665495
-2.77021
-34.4207
14.6811
7.9461
25.3609
1.81906
30.7915
0.664953
0.309799
0.579667
-0.326708
-0.926435
1.85046
0.0194743
-0.593098
0.127385
2.39453
-1.38375
-10.7096
-1.01404
0.798963
-0.651005
-0.0942878
1.44218
-0.307202
1.63249
-10.1758
-0.855869
0.883911
-0.066862
1.4956
0.615329
1.10233
-0.420358
-0.969321
0.530797
-0.116072
1.77883
0.0148364
2.34509
-2.32148
-1.28552
-1.13916
-0.33973
-0.466699
0.317726
-4.47727
-1.45179
-6.02141
1.19801
-0.16896
-3.25724
-1.16881
-0.439216
4.96432
0.554364
-92.1164
20.8728
0.216247
-0.669232
1.77594
-3.83778
-0.00791831
2.44409
1.40582
32.1636
-4.07197
1.94381
0.660067
-2.16893
1.39716
-0.176246
2.83288
5.04089
-8.04217
-6.0915
0.564792
0.254236
-0.854926
1.25009
-110.742
-0.708039
0.555909
-0.320579
0.323548
1.3106
0.769858
-0.366121
-0.333885
-0.868299
-0.382003
-1.12712
0.909239
-0.495798
0.272773
1.73274
-2.61948
0.386703
0.89235
-0.90989
2.0285
-1.33621
2.14959
2.00144
0.155653
-1.56772
-1.37771
0.452842
-41.0797
-5.45818
2.19025
0.249741
1.11017
1.06622
0.251409
5.22424
-0.105574
-1.78024
1.51861
1.1996
0.167041
0.251916
0.31537
0.385213
-0.0158102
-5.1708
0.283364
0.285051
-0.283983
-0.285619
-0.26443
0.256342
-0.160255
-2.99089
-1.55651
0.741439
0.122242
-0.400817
0.424612
-643.375
-0.904808
-0.00470449
-0.922107
0.491395
-2.77489
0.682223
5.64806
-14.5086
-1.32474
-0.481568
-5.19946
-0.155053
0.646309
-0.35686
-0.137144
1.19059
-2.85416
-1.86148
-2.62668
1.60379
-0.223618
0.0604571
0.132159
1.06506
0.179091
-17.5034
0.47202
7.99951
0.484011
3.42464
0.319501
9.68524
-2.46847
-1.2177
-1.11243
2.97537
-0.11767
0.407453
0.545797
0.427621
-0.581348
27.2449
-0.102668
-17.121
1.53455
3.33708
2.48527
-11.1669
0.197515
-16.5941
-0.850079
-0.197666
-11.7869
-3.27273
-13.2808
6.38388
-3.88408
-16.1574
4.6257
-3.32692
1.59326
-0.183747
6.13807
-0.0860708
-13.9809
0.191805
-4.1972
1.04215
0.663046
0.490615
-0.478554
-0.491941
-1.97857
-0.0717891
-2.35727
-1.85531
0.149934
-18.7771
-38.263
7.65101
-3.8447
-0.750807
2.86787
8.27207
-6.54961
2.49379
0.251752
0.590436
-0.333427
-0.917693
0.979946
2.62504
-0.277648
2.58855
-1.71557
2.48275
-0.343642
0.245933
-0.717576
-1.82365
-0.527506
0.183728
-4.40923
0.955883
4.86449
-5.12205
-0.450505
-1.0058
-10.1988
144.541
-1.1165
-39.577
-1.6282
0.208771
6.38451
0.0858754
-2.57059
0.608396
1.34766
46.461
2.24298
-9.70588
-0.592866
-0.839142
109.244
-0.036822
-0.466662
-0.677809
-1.66124
1.19734
0.346486
2.89572
-0.818346
-2.0927
-1.30276
-1.02038
-6.48195
-0.278254
-0.687445
0.930395
83.6692
-1.58371
5.97455
-1.50944
0.541434
0.708782
2.22246
1.07708
-0.459972
-0.723672
4.09671
15.3014
0.607564
-0.714541
3.6923
2.03025
6.90938
0.561536
-0.596766
-1.34549
-4.41804
-0.532644
1.38549
2.00395
-7.0615
-0.654099
3.53486
1.84326
0.641303
0.243107
6.43474
0.692966
-13.85
-0.762129
-0.0706927
-0.878659
-0.388097
0.413013
-0.62897
0.0786315
5.90274
0.767353
0.510094
-1.16121
0.103159
-0.0258656
0.155674
1.14402
0.506254
-0.957372
1.28395
1.47558
-1.66422
-1.84637
-16.6369
6.95512
-1.78463
0.882915
2.18221
-0.015295
-0.186175
6.52107
0.385973
-0.294739
3.31044
-1.50138
3.12847
-0.362601
-0.931367
2.28473
0.45339
0.0492394
-6.61148
4.07129
-1.98642
1.68243
1.16751
0.0904084
0.0957567
16.1537
1.40316
-0.65329
0.552326
4.26292
-1.16588
0.114537
0.71666
0.893037
-0.365533
-0.330333
-5.36877
-0.65077
-11.0358
0.496792
0.203565
-0.399847
-0.709323
0.470502
1.14104
-0.360844
-0.32896
-0.693886
-1.01778
24.2055
0.651572
-1.31333
-0.0946091
-1.26128
2.14067
0.227801
0.516355
-0.269189
0.717775
0.367717
-1.32722
0.304607
0.424036
-0.633157
-0.053473
-0.0889492
-0.14225
0.146112
1.69814
30.1147
0.402229
-0.0667006
0.282877
-0.0042582
0.758081
1.05701
1.04755
-0.664217
21.0372
-71.1933
0.420223
-11.6616
0.926569
0.512364
2.10864
-1.54986
-0.586269
-1.10342
0.120717
-2.22073
1.13651
0.243444
-0.389271
0.0959052
-0.327798
0.323523
-0.129637
-4.30062
-1.22902
0.43425
0.513944
-0.570052
-2.38818
0.235085
2.19694
1.40658
0.411691
-1.1439
23.1822
0.551769
0.689878
12.1483
2.37418
0.658009
1.64305
0.450049
11.4349
14.6583
-1.48803
0.00931975
1.65221
-5.15074
0.372787
0.115753
-0.353015
-1.44213
3.92836
-0.0870305
-1.44405
-0.501561
1.46857
-0.304887
-3.46019
-0.710094
0.213708
0.240073
1.41693
0.623474
0.0301643
0.116576
-1.41188
-0.578311
1.12396
-1.40796
1.41964
0.889758
-0.751215
-1.92521
0.947299
2.91876
-0.966808
0.242821
-0.798811
-14.0187
-0.995865
0.400006
0.772367
-1.24297
1.54928
1.25917
-12.6487
0.277456
27.8422
4.49132
0.37813
-0.335838
-0.337359
-0.613775
0.253932
11.248
-0.356363
0.28014
1.5989
0.717052
-1.16307
-2.19974
1.44118
-0.557348
-0.404297
-3.3766
-0.294501
-4.69168
0.521741
5.66922
-0.371798
0.194271
-10.1003
2.33917
-30.7984
2.20823
-0.632082
4.20771
-3.63005
-3.52574
-0.676834
0.318292
-1.37437
4.92001
-2.90811
0.985917
3.17681
-0.183546
-1.66535
-0.425225
0.545769
-0.536395
0.463359
0.73427
0.166476
-0.214832
2.32642
1.69606
0.582529
4.4098
0.366879
-0.138618
1.00995
-1.23979
-9.42988
-2.08601
0.693992
-3.81193
2.91958
-1.79962
-14.2251
0.282956
-0.0257562
2.19329
1.66904
0.402668
0.295473
-6.76226
-0.639572
-0.368381
0.364497
0.568414
2.20023
0.694867
-0.641364
1.80814
-0.107748
0.425891
-10.2789
3.24899
-0.803121
7.77491
0.011438
-1.73511
0.474612
-0.400407
1.84673
0.259189
1.5671
-1.02028
-0.462282
6.53499
1.27855
-0.383151
1.20146
0.357985
0.763696
1.68694
3.08793
-1.58331
1.18213
-0.177574
2.05812
-5.4147
-0.616865
-1.8492
0.15662
-2.50891
-4.71078
-4.2269
-1.24189
-0.949884
-1.11718
-0.224782
0.290493
1.00429
-25.5303
1.66604
-0.851518
0.682971
-0.500208
12.6777
-1.83327
0.267878
-0.119466
-0.629042
1.71462
-0.274428
0.390581
-0.969627
-0.982661
3.42882
-65.18
0.178678
0.705635
1.49245
3.02695
0.25701
0.161879
-0.237033
-0.799551
0.236498
-2.6443
0.0486044
-0.00542318
-23.7304
-0.499825
2.05512
0.182702
2.49781
-3.5743
0.278521
1.39103
0.618906
0.813687
-0.402205
-1.58857
-0.168194
-0.781704
0.616356
-0.621062
-22.9842
12.9443
-0.67069
-1.19452
0.597197
-4.99579
0.787466
6.95283
38.8774
3.00887
0.140876
-5.35734
0.463293
0.820512
0.432237
0.056323
-58.9385
0.604473
-0.704938
0.725557
-1.38027
-2.85887
0.378129
2.7068
0.922523
-0.738564
1.2483
-8.16602
1.61024
1.39165
1.70709
-1.99702
-4.7444
0.3034
0.631752
0.0152201
-0.447398
-0.718807
0.313505
-0.886395
6.2827
-1.95714
1.17594
0.628772
-0.463481
-9.46693
1.21715
-3.94263
-0.385779
-0.105666
0.669271
-0.0745482
3.0907
-0.760967
-0.530429
-7.37063
3.35509
-1.20781
2.48196
-0.921762
-0.840473
-0.471017
2.83768
-8.02209
0.968124
10.5449
-1.89347
4.07889
2.40843
0.196196
13.7607
0.9641
-13.5051
-8.82757
-3.75755
-0.240545
-0.106867
0.163369
-0.556562
-8.5809
-0.508052
-5.1191
0.35662
-3.98905
-13.841
-0.863895
-0.866472
0.935672
-0.135416
1.57186
-0.891852
4.17353
6.63222
0.705183
-0.859535
-0.530332
1.77463
-0.916709
-0.40882
1.32067
-0.817468
1.92174
0.321812
-0.888162
0.834809
-1.14078
-1.4041
-5.87639
-1.71933
8.42392
171.057
0.0467902
0.854066
-0.873405
-1.14828
-15.258
0.308614
-0.320252
0.960124
0.00376885
9.19436
1.92151
-0.408267
-3.458
-2.69214
-0.62809
0.0362915
-1.36635
-0.0456634
-0.607037
-1.42557
-1.33493
0.934896
-1.34847
0.0700647
-0.787504
0.413018
0.620682
16.3654
-8.6005
-0.035362
-4.15216
-1.42144
-1.16424
-0.638444
-4.5798
-1.45618
0.298129
-0.786219
0.390116
383.492
12.2992
-1.25909
-5.88958
-1.74881
17.417
1.6077
-0.418345
-1.04563
-2.21815
1.08199
1.92401
-0.348576
-14.8827
23.2576
-0.4854
-0.655514
0.16565
-0.0610579
2.13224
16.6237
3.67631
0.749663
-0.45261
-0.473474
0.290166
12.0604
3.2208
0.0917581
-0.452504
0.0986231
5.45247
-0.649436
0.907901
-0.790382
-1.22132
0.11241
-0.155986
-0.501407
0.463113
0.107308
-4.61887
-2.73374
-1.0459
-2.73988
-1.21908
2.54373
-16.4953
1.27855
2.95706
1.1209
0.621055
-6.91752
-2.38184
-37.0527
0.0391228
2.20185
3.21731
-0.177066
1.35589
-0.358305
1.07753
0.519652
-0.488602
0.30437
-0.316775
0.0611763
-0.0887218
-2.79847
-0.433168
0.479027
6.89268
-0.5708
1.19736
0.155508
-2.00478
-1.00702
-1.74382
0.141726
-0.0338253
0.307293
-1.0739
-3.82104
-0.512983
-0.451122
3.30505
-0.661053
-2.15672
0.211148
-0.902141
0.771322
4.63289
4.86257
-0.305247
-0.00320898
-0.333676
-2.43915
52.4852
2.00631
-111.284
-0.0673954
0.446847
-0.101521
0.232153
-0.24104
-3.06533
0.940497
0.0113909
0.346389
0.734517
-1.0293
-0.045116
-0.366138
-1.39499
-0.141562
0.705354
0.226794
2.70257
0.234957
-0.512448
-6.25209
0.138624
-0.0534292
-0.183326
5.31703
-1.59826
-0.1213
-7.83857
1.26501
0.121426
2.14345
6.70738
-0.0399484
0.200394
-3.32485
0.21514
2.9052
-0.418086
-13.8713
-0.644608
1.39969
1.08333
-6.53281
-0.235717
0.136134
-11.5635
-0.246056
-1.35857
-1.18164
-1.55782
0.699955
485.707
34.5933
-1.44974
-2.94658
-0.0258869
0.591729
-1.01816
1.51223
3.22472
-3.96682
-6.10751
-0.0968671
-1.85605
-0.669306
-3.05634
0.35088
-1.15458
1.81321
0.14721
-0.0430303
0.144028
-1.19248
0.550879
-1.18478
0.398401
-1.16614
-0.571866
-0.882382
11.3123
2.89528
0.641474
9.53275
0.0730709
-23.4953
-8.9033
0.021589
-0.437301
0.137652
1.13509
1.52107
-2.12916
-1.03542
4.34231
-3.7456
-1.87473
-1.28381
-0.694275
2.35642
1.56209
-11.8777
43.0877
-2.89295
-0.0961961
0.0680801
-0.526311
-1.19573
0.619607
-0.876078
0.610759
-0.975209
-1.65761
-0.335205
-1.78093
2.15254
-4.66384
2.99191
-0.572276
-0.905597
-1.09143
-4.75844
0.472336
-0.138313
-0.0589612
-0.192487
1.21134
-1.22561
0.978154
1.63789
6.77461
-0.826806
-2.36477
-1.99886
3.03203
-2.42137
-1.74589
4.31422
-5.56474
5.77353
19.5773
-2.28926
0.0866881
0.903437
-0.299609
2.20103
1.47301
-0.432734
0.752843
0.209119
0.281409
-1.92536
1.43375
1.17926
-1.14747
1.27027
0.663818
0.244621
-0.248932
6.26167
0.581725
2.23315
0.16734
-5.61224
0.0340819
1.53833
-0.582566
3.57325
-1.83658
-0.393735
1.96951
3.36176
2.04346
-1.42942
-1.10939
-0.113209
-1.14466
-2.08496
-0.621744
-1.21425
-0.511532
-0.49595
-1.35736
0.25646
-3.21947
-0.387279
1.6369
-0.33824
-0.355219
1.6966
0.201191
-0.335077
0.793026
0.214294
16.8346
0.887332
0.111018
-1.28108
2.59497
-1.70971
0.521472
-7.90722
18.5423
1.2167
-0.139485
-2.27062
0.307033
-2.32565
0.501777
-0.211341
-2.80737
-0.671542
0.167973
31.144
0.742087
2.00064
0.32147
-0.283614
-0.975769
-6.71089
-5.51685
-3.96317
0.261689
-1.89285
-0.635639
0.156137
0.435276
-3.25484
-0.967216
-1.8263
-5.48853
-4.71212
1.62895
-0.401055
4.30289
-2.27101
-1.57913
-1.45723
0.0220134
0.477599
-0.907385
-0.0410547
-4.59614
-0.769024
0.13057
0.892374
-1.40144
-0.130285
1.95159
-1.18232
1.27838
-0.662908
0.694541
0.65162
2.09299
1.2937
-0.144706
-0.673893
-1.02583
1.12489
-1.27627
-1.04337
1.43576
-0.476258
7.84125
0.106287
1.12848
-0.361838
0.117098
-0.180626
-6.009
-0.307542
-1.53694
2.1763
2.71913
-23.6944
-0.0280794
-0.2986
-1.31147
-1.53233
-0.833691
-0.165216
-20.7973
-1.59936
1.24016
-1.66237
-0.179336
-0.274605
3.78771
2.702
0.0844134
-0.404416
0.722298
18.8252
4.02908
-1.2
-0.0104522
-0.0904145
4.46817
-0.208656
-1.24914
0.912747
-0.122867
-0.53168
-0.953796
-0.625919
2.00793
-3.2585
0.117354
0.132894
-4.74658
-0.375677
0.890769
2.19062
0.199423
0.215713
2.2303
-0.268446
-2.16938
0.316978
2.64575
0.685464
-3.76284
0.162729
3.63814
-0.0741876
-4.03003
3.05025
-14.6063
-1.51462
-0.412963
3.3535
12.592
1.79255
-0.423008
2.46557
0.903113
0.180958
-0.532738
0.283447
-0.126222
51.2871
-0.411836
0.819267
0.769746
-1.18201
0.553541
0.0138095
0.385572
-0.971119
-1.63114
-0.476778
-8.13736
6.73126
-0.562639
2.09727
2.56272
-11.4783
-6.04661
-0.0014897
3.61301
2.71704
-0.506598
2.16024
-0.29943
0.598052
2.14988
3.32796
-0.0949083
-0.339928
-0.736631
-0.48002
-3.6622
-0.0190311
0.629734
0.0991146
-0.599078
-9.8602
-0.728406
0.814314
-0.640236
1.62184
-0.957682
-0.0675065
-1.7411
-1.29838
8.18754
0.11148
0.0697284
-0.336502
2.9986
-3.49575
16.8865
-2.15178
0.482053
-0.353035
-0.180125
0.243735
12.1241
-0.967313
-0.473513
30.9413
0.239181
-0.653222
-0.979369
0.0698506
0.405649
0.424192
-0.241483
4.13243
-1.93447
-2.20165
-1.23933
-5.10013
0.768479
-0.336853
-0.19046
0.455505
-0.385491
2.15741
0.305412
0.64647
2.11904
-0.126306
-0.806263
-0.70527
-0.020967
-0.9823
-0.919005
-1.51321
-1.7653
-0.255209
0.205664
0.651957
57.0814
2.15177
1.39464
0.677579
1.86397
-2.98502
-0.809512
0.162551
19.168
0.677526
0.191921
5.77743
0.0409497
2.13248
-5.12056
-3.14202
0.96846
-0.575573
1.44572
0.498283
-0.576869
0.915228
5.17134
-1.04815
-1.70215
5.53064
0.364004
-2.16559
-11.2218
-3.50096
0.198611
-5.45489
-1.82802
5.26717
0.733794
0.954504
-1.8349
1.72989
0.0584804
-14.5067
0.562562
-0.229354
17.3404
4.56927
-3.05391
2.28262
-2.42444
4.84295
-1.29642
1.26834
-7.42577
0.695673
0.643501
0.566468
-0.544182
-0.195719
-0.224232
0.145475
3.62638
5.52535
2.08426
-0.219467
-5.16464
-0.715527
-4.33888
-0.866646
-3.73454
13.4775
-0.596902
0.444259
0.0955582
-0.506624
-0.541404
-0.196266
-0.512192
3.20973
-1.41704
0.731829
1.22028
-0.131444
0.280616
0.824264
-24.7524
3.42508
-5.26619
14.3586
1.27708
0.0315476
1.07862
0.686515
55.5527
-0.338703
-0.525707
2.04966
-0.48436
0.524667
0.528567
-0.519613
0.714963
4.2625
-0.398493
-8.22208
-2.23673
0.558304
27.6171
-1.38043
-13.4367
-16.3474
30.4821
-1.10289
0.126271
-0.061848
-1.09457
2.1478
4.25755
-0.622606
1.60943
-17.037
-0.0526892
0.356351
0.921465
-1.86698
1.14226
0.0100692
1.14654
0.175666
0.52233
-0.411497
-0.535484
-0.123027
-7.12376
0.239849
0.439509
-1.23861
-0.0200251
0.174718
-3.63289
-0.108969
-2.27431
-1.0526
1.76823
1.48
-3.49907
1.06495
0.415606
-0.233776
0.650441
-4.83103
-0.347516
1.95471
-0.10304
2.70675
0.194778
0.903771
3.20284
-0.0184904
3.47181
-0.831543
-1.05511
2.5738
-14.5719
2.26177
22.3281
-37.8096
-2.06584
-4.83083
5.21083
0.0360868
0.553518
-0.0477093
0.582056
0.49954
0.482639
-0.0276176
7.93449
0.451918
-0.72538
-42.8976
29.6573
-1.50296
1.40195
1.03112
-0.143642
0.199678
0.31868
-1.09301
1.38423
-1.37191
1.00524
-0.838875
3.77709
867.471
-23.1689
-1.71681
-1.31099
0.146678
-24.1226
2.33076
7.79718
18.4077
13.2572
1.99509
-0.985225
-3.04635
0.0873518
2.33187
-1.04789
31.5194
-0.261784
1.51815
-0.185439
-2.09624
0.0452301
-0.306867
-0.759778
3.63577
-0.641354
-1.14448
-1.42186
-0.98796
-0.80983
0.673905
57.6993
0.124824
0.531846
1.04005
0.70492
-0.487535
0.196742
-1.38235
1.41083
-0.872948
1.00464
-0.622508
-0.40787
29.3173
0.808527
-4.86665
-0.364913
-1.27772
3.45696
-7.19772
-0.549943
1.80367
-0.860439
-0.630999
-0.37896
-11.799
0.661285
-7.99598
-43.4085
1.75464
19.0067
-2.05684
20.3392
-0.703562
-0.0762237
0.642585
-0.0947156
-1.5694
-0.136907
-0.177528
2.38795
-4.48058
-4.03138
-0.314881
-2.15796
-0.206767
-5.19908
1.92545
-0.320414
4.1468
0.0554464
1.14374
1.5821
-0.795152
-0.570937
5.19795
-0.660186
0.0294231
38.8988
0.0527326
-0.506311
-0.482854
-0.583592
0.933085
1.31366
-0.389279
1.13129
4.01513
-1.8781
-6.33776
-0.147129
-0.54587
7.28595
-28.8055
1.53889
-2.23358
0.0766054
1.23174
-0.99131
-0.442275
-4.42988
-2.27171
-3.55294
-2.76207
-1.02134
-0.058867
-8.37535
-4.04962
-1.98364
1.0094
1.61445
0.551988
-2.41304
0.197068
-0.0811411
1.7203
-4.30891
-0.854001
18.7315
-0.429528
0.851557
-0.304213
1.24159
0.364198
-3.5561
-0.665367
-0.347829
-1.94791
-1.11467
-0.0372301
0.0962995
-0.810189
-1.80361
-9.0629
-5.44748
0.555809
0.584163
5.83175
-0.58767
2.01639
1.7104
-0.188947
0.449335
0.0145486
0.361657
-0.0120297
0.140643
-0.58657
1.21349
13.3481
0.922911
-3.55603
-0.0971134
-2.52641
-1.00927
-0.188858
-0.766087
-0.455497
-0.282477
-10.6403
0.909073
-0.767417
-3.80849
-0.169135
0.585524
0.974371
-23.9589
0.89947
-0.477231
-0.686293
0.139554
-2.24719
1.49581
4.07845
3.10095
-0.8587
0.0586203
3.54527
-0.302334
0.916226
-0.0733508
-0.0273982
-6.02738
-0.10276
-447.191
0.0717464
1.45346
1.43836
-2.83794
-1.09582
-0.187741
0.529836
-0.30073
1.31635
7.03426
-0.020585
-0.425301
1.51511
-1.37541
-1.93797
-0.816459
4.4695
0.525405
-0.969577
-4.93224
-0.15968
0.126677
-1.64135
0.173509
0.79108
-7.41596
-0.244265
0.450724
-2.04235
3.39631
1.64109
14.4035
-1.05912
-2.51593
-0.829322
-1.31582
1.40387
-5.86709
-33.568
3.16582
-1.59288
0.171337
-0.0295051
-4.91359
0.507167
0.39033
-1.50779
-0.551253
4.26982
5.70755
-1.52756
-4.1113
-4.03052
-0.154699
-1.5481
0.347325
-0.129693
-0.932909
1.58729
0.430717
-2.24944
0.862406
-0.304718
-1.39277
5.19143
-0.467967
0.827813
-0.732499
1.25251
17.1814
0.0158672
1.06851
12.4283
12.7388
-0.252411
0.204867
-1.78034
4.492
-0.177591
0.995857
1.44309
3.25468
-1.07513
1.1696
2.41336
0.760273
1.69222
2.1889
3.16092
-0.861426
-0.548488
0.718983
-0.43345
-3.65389
-2.09322
2.86548
1.14485
0.711806
-1.37547
-4.88311
0.0209865
0.537909
-1.51291
-5.4539
0.525274
13.4167
0.303887
1.19359
-1.51458
0.634417
-2.79864
-0.870665
-4.6358
-0.877915
-3.05146
0.393797
-0.00316948
-0.243088
-0.05223
1.66713
0.0202112
0.821642
1.6602
-3.01593
2.95343
-1.05725
2.09465
-2.30164
5.48755
0.725387
5.50923
-1.1931
0.506642
0.210413
0.338502
-0.725365
0.199999
-0.670077
-0.362713
-1.30215
-0.293549
-1.66455
2.54199
-0.552182
-1.20018
1.18184
0.0347706
-0.329715
4.56052
-71.4011
0.604697
-0.0461555
1.15664
-1.04452
-10.727
1.19957
1.14359
0.770784
0.243431
0.656487
6.17992
3.7871
-2.19601
0.409798
-1.40941
0.322076
3.80389
0.184138
-0.237376
-1.09498
0.389706
-0.653284
-1.88564
-0.455049
1.82274
7.06536
1.81712
1.11166
7.78256
0.89661
-0.529329
-4.2803
22.9082
11.2961
-5.0171
-30.9103
6.15693
-4.39441
-0.949722
-1.87195
-1.77668
-22.3083
-0.0269089
-1.44349
-0.339403
2.05612
-0.685056
-0.592574
-0.107204
-0.408431
0.458428
-1.98008
-1.39172
1.50138
-13.8425
-1.3111
-0.528135
0.538583
-0.974316
1.14003
-2.90573
-0.741967
0.637044
1.17094
3.56942
10.6636
-4.00393
1.43967
1.65661
-2.93574
-0.394978
-0.898795
-0.266765
-0.742072
1.32311
-9.0407
1.25734
1.10377
-0.423396
-1.63963
2.59687
-3.31166
0.272184
0.356268
0.799516
0.380704
-1.9908
0.0617711
0.793238
-0.431498
0.380221
3.18453
0.410823
-0.365239
-0.0835739
-0.289363
-0.332127
0.10945
-0.661396
0.602071
0.275808
1.66918
-0.0376018
2.20027
-0.778663
0.724402
-0.536977
-0.577865
-1.14901
-0.0539383
-0.396606
7.96128
-0.326293
0.140331
-0.742427
5.86861
-1.00127
-1.53958
0.74831
0.772528
-0.767966
3.9415
0.851651
1.83474
0.864433
-4.35286
-1.24662
-0.522222
0.983862
0.633635
0.587735
-0.761621
1.51798
2.95497
20.9446
1.95676
-0.406245
-2.36062
-23.2825
-0.279976
-1.25629
0.242659
-1.70704
-0.10493
10.5124
1.75578
2.21438
-13.5987
0.696399
-0.0174296
-8.5412
-0.438114
9.37952
-0.186447
2.75264
2.80727
-3.79242
-1.26257
0.598855
-1.02473
-1.95783
21.7708
-2.91407
-5.15309
0.40363
-2.70493
0.688725
0.332553
-0.985624
-1.15623
-1.94025
3.26504
5.59073
-1.11459
-2.51913
1.61527
-1.03884
1.04003
0.455073
0.835185
-0.477801
0.361964
0.558428
-0.0883466
1.76099
-0.0618329
0.00482045
-5.42977
-0.217568
1.19877
-0.656948
-1.6538
-0.810801
-0.947189
-52.5004
0.865087
0.802466
-0.884741
1.57817
0.703771
0.307969
0.11766
-0.455911
-0.298744
0.140429
0.920634
-11.2718
1.0593
-0.949418
1.7078
0.36864
-0.56613
-3.07337
-1.43888
-5.06626
-0.743505
-2.1105
-0.465276
0.0357749
4.45925
-88.7967
1.18932
0.763378
1.88127
-0.0197312
0.636172
0.443309
1.32949
0.469674
0.313401
-1.01296
110.109
-1.96553
1.55741
15.5992
4.93407
1.53006
-1.01404
-2.14264
-1.62963
0.663325
0.991737
-0.498077
0.491762
-2.30057
-1.53761
-0.0344254
-0.423753
-0.573639
-0.259866
0.174863
-0.836096
0.811622
-1.60362
-0.160838
2.48786
-0.645178
-0.633129
-0.406906
-2.52656
-7.95009
-0.777549
1.08834
-1.64235
0.64629
-0.495089
-0.809367
-0.0973243
0.837927
0.700799
-1.65714
0.808355
-0.213237
-0.79435
-1.2019
3.39647
-1.82334
1.95434
1.33942
-0.233695
1.22232
0.989827
0.356539
-1.44741
-2.29993
-3.01544
-2.63075
-4.1288
-13.3332
0.876526
-0.270059
0.926363
3.38068
2.62233
4.30434
0.0120405
-8.1344
-1.7601
-1.19414
0.501058
-0.136323
-0.114976
0.613896
0.500667
-0.0413912
-7.88045
2.95937
-6.20068
-0.826756
-2.67234
-1.94768
2.89018
0.427499
0.528957
3.21974
0.620229
0.12601
-0.309036
-0.354544
4.71761
-1.53957
20.9274
-1.64265
3.14706
-1.30332
-4.89454
-5.04359
0.313399
1.86502
7.87878
0.263679
0.64032
-0.395688
11.1557
9.26427
12.2718
1.68894
-0.771253
0.139119
-1.36216
-0.462703
-0.588964
0.807417
-1.20138
1.67105
1.0965
0.675073
0.148017
3.01423
-0.600991
0.854856
5.04524
1.06536
0.575349
-0.926301
-0.491525
-0.305774
8.69154
-42.6769
2.20977
5.95525
-2.48525
1.59958
-1.41136
-3.45743
-0.528154
-2.25422
0.0598081
-0.0148452
1.45416
1.59354
0.813129
2.73193
-1.62767
0.307184
-0.276756
0.655019
-2.10894
-3.18468
-0.427573
0.0063869
1.91485
0.602428
-0.787788
-2.34874
-0.366066
-1.54207
0.534972
2.45814
1.53135
0.266841
0.859684
119.755
-3.48882
-0.702297
-0.214402
1.561
0.599089
0.406607
2.1415
0.377486
0.436627
0.477263
-0.458361
19.6277
0.384808
2.58427
-3.17557
0.446977
-1.40021
-0.349154
-10.0922
0.466783
12.7808
-2.40014
2.64369
0.202982
0.45738
-0.511296
3.81757
-0.992654
0.182427
-0.538643
1.15605
-0.180389
2.66909
0.973203
-0.890186
-0.298718
2.40408
1.1572
0.0451246
-0.0627905
6.67822
-0.377146
2.01722
0.395544
2.62729
-0.829313
-5.74652
-0.458705
1.20792
0.925692
0.34803
1.0201
0.340089
0.109065
4.96414
-0.326245
-0.554051
-14.5278
-1.19044
1.86001
2.37275
-2.22292
-2.20935
0.552558
-0.455395
-5.03124
2.58099
-0.603729
-0.876709
-31.9933
-0.616748
-0.491956
-0.670132
0.138367
-4.04929
-0.0579398
3.88031
-0.990337
-1.13377
-1.43792
-0.662322
0.140949
-0.591009
5.20353
31.0315
0.497852
-0.128334
-1.04452
5.37063
-0.817078
5.01935
-1.22606
0.0660792
2.87444
-2.13438
0.204315
-0.855637
0.698611
10.0385
-1.5022
-0.679248
-2.54159
2.72018
-1.26513
0.426901
-2.22631
1.62355
0.447738
0.58677
-0.23237
0.372555
2.20197
-1.10195
-0.823244
-0.131636
0.241318
-0.909646
3.72279
0.839121
-2.41819
0.831708
1.70305
-0.837011
0.591281
-15.9307
1.21518
3.69469
1.76559
-0.559142
-0.773713
-0.937689
-2.23283
3.99141
0.760054
1.81781
-0.08838
-0.380649
-1.77376
-0.369648
0.79026
-1.72343
-0.898401
2.74353
0.809497
-1.298
1.79257
0.298646
0.455932
-0.372086
-0.942887
2.19744
1.33524
1.77828
-6.31781
1.06331
0.325333
1.6499
1.51254
-0.858478
-2.07335
-0.83981
-2.43482
-0.586505
0.932438
0.845118
-1.02225
0.0574856
-48.2324
-1.21276
-1.14719
-1.28583
8.57084
0.183098
0.0105451
-0.42368
0.551893
-1.27463
0.878888
1.3722
-0.060603
7.44447
3.039
0.901727
0.295294
-0.111936
0.659871
-0.235083
-1.16415
-5.1721
2.16272
-2.3636
1.14351
-10.1136
-0.22384
0.109313
0.189571
-9.33651
-1.0871
2.92253
2.59877
0.469902
-5.88358
-4.91882
6.95358
0.796877
-120.264
-2.61223
5.39813
0.814099
-0.644845
0.0370202
0.0491364
-0.472456
1.38759
0.212625
-2.07362
1.98815
0.239756
-0.643812
2.94359
12.7709
-9.26119
0.830974
1.18913
0.736489
1.09496
-0.506873
75.6535
0.508309
0.269949
0.408619
-1.21606
5.16773
-4.45853
1.16367
0.229396
-0.601458
1.16019
0.0478838
0.218237
0.191014
-2.43287
-1.96473
0.136736
1.65429
6.90977
-12.742
0.474137
0.027536
-4.33801
0.952302
-4.52375
-0.134679
4.82534
8.53295
0.510376
-1.44659
-4.00827
-0.637906
3.07333
3.22726
-5.06702
-1.97834
-0.457819
0.645279
-0.108689
12.4696
-1.96704
-15.0799
0.0422099
0.412743
-2.32937
-0.180245
0.4247
1.19971
-314.268
-0.709083
-0.150435
0.472936
-6.47829
2.16016
-0.816587
-1.5189
-0.747954
-0.0679405
11.4147
-0.312955
0.0513745
118.715
-2.40745
0.335838
1.29053
-1.0418
-0.824274
-3.94414
0.98238
-1.10812
2.43013
-1.02627
0.234154
-1.50748
2.4655
1.01413
0.362506
-0.21128
-0.181315
13.0881
-0.294483
-0.665016
-2.16237
-0.0123997
0.0912294
15.3199
-0.226775
0.679884
5.87037
0.140916
1.13321
-0.362833
-0.838731
11.2146
0.973008
0.644196
-1.52817
-0.39679
0.472702
-4.03216
-0.409733
0.531477
-0.477907
0.781996
-18.1213
2.56005
-2.13719
-4.51996
-0.748762
-2.07843
14.0765
1.05431
-0.471789
-0.928244
0.707685
-3.03258
0.433999
156.137
-2.23387
-1.89992
-2.01681
-1.92795
1.12984
1.4298
0.00573685
0.273583
0.740502
-8.79658
1.7512
-0.994783
0.488349
1.49025
-0.316495
-0.621669
0.154336
34.1813
-0.708783
-1.46543
16.6277
0.187238
-3.47764
0.407749
16.525
-0.614694
-0.565148
1.61667
0.644579
0.0597553
1.52668
-0.621785
2.49091
-0.334337
-0.166544
-0.198762
-1.19679
-1.48289
1.12672
-1.41382
1.73334
-0.47746
0.0402366
0.141317
0.481363
15.1436
2.05478
3.45372
1.14323
-0.709447
1.31645e-05
1.66528
-0.558758
0.776616
0.734019
0.808857
-0.753458
-0.375402
5.96456
0.392041
5.12126
-1.38787
1.80954
-1.04152
0.724812
-2.75235
-0.0163186
1.28122
-1.9098
-8.95923
0.583944
-0.431715
-5.77822
-1.84934
-0.133713
0.552678
3.4731
-16.1056
1.06416
-0.628307
1.2526
0.564676
-5.81122
2.68435
-10.9448
-0.525357
-0.447674
12.223
0.80921
-3.50906
-0.492721
4.83357
-0.434797
0.100776
1.32724
1.94364
0.241358
-1.4306
-0.190024
0.305073
-1.28128
1.23815
0.310781
0.444548
-1.32926
4.36601
2.91724
4.54725
-0.982493
-1.90989
3.9644
-0.0249158
-12.2735
-2.26341
1.05074
-0.0221746
-6.58826
-0.888799
8.84642
2470.48
-0.683926
-0.0345081
-0.721597
1.07349
1.42627
0.0406054
0.0961211
-2.2197
-1.96313
-0.193697
1.80503
-4.05283
0.169958
-0.328299
0.531151
0.449089
0.702007
-0.163899
-0.67939
4.1463
-3.30507
-9.57078
1.3854
0.159044
-1.76306
-5.74086
-1.71645
-0.35708
0.864946
1.75805
-2.14173
2.31454
0.328114
0.0825619
-2.94011
-0.525754
2.34715
0.112238
-0.173804
0.0326328
-0.00623136
1.40625
-5.99858
-1.12886
-0.216812
-5.85572
0.257544
2.65818
-1.23596
-0.22919
1.69373
1.59082
0.966498
-0.122235
-1.47184
-2.2574
-0.658045
1.17316
0.282384
0.304227
-1.64809
-3.19235
1.07387
-4.87283
3.05804
3.61644
0.608376
-0.969147
10.2848
-0.148628
-0.0201148
-0.861798
14.584
-0.135718
-0.000766747
0.602494
-0.382794
5.94426
1.62373
-1.98468
11.0027
-0.58851
0.0858739
-0.519579
-0.033975
-0.527662
0.94685
0.23814
-0.709629
-3.8891
6.36588
-1.19758
4.20556
0.438357
0.835364
-0.406265
0.987997
5.63093
-0.18858
-0.190577
0.888503
-8.36218
-0.184494
0.541416
-0.112476
-0.472854
-1.9313
1.03462
11.0541
3.00951
5.90319
-1.21017
-1.89461
-0.858691
0.425278
-0.621888
1.95219
-0.635291
1.42319
-22.7949
-0.0447981
-1.35688
1.0536
2.19061
10.3532
5.13247
-0.954026
0.698979
0.193369
1.14861
-0.784642
0.168977
-0.23934
-0.237787
-2.74013
-1.66798
-0.667536
6.11366
-0.0548118
0.45827
-1.4249
-282.043
-1.84209
-32.1912
1.50285
5.25634
0.315624
1.64652
-1.31307
-0.0670848
3.19614
0.173615
-2.60444
0.707017
-0.534211
-0.430001
2.66162
-0.841216
0.715525
-1.83675
-1.84896
-2.60109
5.96064
0.346947
0.988339
0.0112434
-1.49175
-0.977912
-0.0751319
-3.43737
-2.15869
0.669903
-0.647909
1.25269
-0.0234871
-0.270972
0.443072
0.453679
1.22882
-0.161702
0.876602
1.59979
2.90217
-0.149437
-1.84139
-0.725758
-3.64105
-7.12944
-1.17682
-1.35556
1.13102
2.46805
3.88117
130.899
-0.257836
0.692229
-42.0162
0.771492
-37.3467
0.237493
-1.15208
0.410145
0.427754
1.79875
-2.17187
-0.760043
2.84188
-1.26067
-8.45629
0.781623
1.09556
0.344828
0.309912
0.202344
0.841594
2.01611
0.58537
-0.942371
1.98956
-0.464161
12.5095
-0.767619
9.26957
-2.69885
0.238956
0.231849
-1.09477
0.993691
-4.469
2.4856
0.57664
0.24969
1.35748
1.04351
0.706827
0.876531
-0.151609
-0.450436
-0.408521
-0.30124
-0.490529
-0.220733
-1.19051
26.4988
3.35488
11.4393
-13.1261
4.06261
0.818426
-3.4602
0.325358
0.616609
-0.0302848
0.638538
2.50443
0.184572
-1.00066
6.6982
6.71166
0.706406
0.56003
0.943235
13.2061
1.52895
-3.72508
-0.433242
4.16604
4.30477
-0.980172
1.97126
-1.97782
0.208545
0.988317
0.604359
-0.850601
0.534384
0.542038
1.11426
4.41756
-1.08292
-0.749147
-1.90619
0.903195
0.395278
-6.93851
1.10904
10.8328
-1.22686
-1.38344
0.441768
-0.464477
-0.143424
10.3864
-0.0914444
-3.9569
-72.5306
-0.816703
-2.19352
1.0877
0.187105
0.935929
-0.924517
-0.0540418
1.79667
0.125275
-0.14542
-2.46299
0.0301033
0.348458
1.94294
0.124871
-1.49902
2.60334
4.56902
-0.986697
-1.59468
4.24957
11.3561
-0.683822
-0.514271
0.330467
1.179
-0.037668
2.10236
1.15074
3.26182
1.70854
0.116857
-0.653385
0.731135
0.633463
-0.51453
-5.68377
0.916521
-0.783171
4.1117
-0.135314
0.849508
0.436606
0.821811
0.141726
1.74067
2.42943
-2.16596
-1.88821
11.1842
-0.58832
1.97569
0.561037
0.689726
1.17919
-6.28217
0.604169
-4.68177
61.5662
0.845552
0.410128
0.240101
0.546454
0.892306
-2.03213
-1.45737
-0.717678
0.496105
0.365415
-0.715915
0.372324
-1.92995
0.504759
-0.891395
-0.258737
2.94652
0.26291
0.621529
-0.301626
1.01908
-0.756854
-0.656337
-0.373927
-0.484457
-49.4453
-0.189033
-1.18924
-1.05296
1.51747
-62.313
-0.569
-6.4781
0.237696
0.853573
27.559
-1.22311
0.284686
2.94041
0.18326
0.329389
-1.55238
-0.10926
1.7697
1.35317
2.14431
0.165125
6.58198
1.34973
-0.236721
-6.89686
-2.88554
0.633549
-18.8447
0.885436
-0.474769
21.9143
0.38733
-1.596
0.435903
1.28237
-3.11604
-78.5392
-1.48053
-0.973566
-0.335512
6.33622
1.58797
-28.4396
15.0816
-1.32239
-2.10329
9.29039
-1.9175
0.270207
-1.99341
-0.809102
0.964108
2.00739
1.64539
0.30598
0.100283
2.33912
0.202073
0.220431
2.30037
5.91632
-1.83506
-0.943684
-1.65687
-2.65921
-15.9986
-2.34498
0.966671
14.4744
-0.398602
0.310645
-0.287875
0.268837
0.0218138
-8.62789
-12.1215
0.00968611
-0.912258
-0.167932
-0.28041
1.59435
-0.0781368
-4.67925
-1.54388
4.238
-0.787916
-1.09381
0.450654
8.35766
-1.32188
0.573068
1.49253
-0.331526
-10.8361
-0.670409
-2.20624
3.26958
-0.0127183
0.69902
-0.31606
-1.15
-0.346991
-1.30527
-0.445507
0.639714
-0.312768
-5.68684
1.26686
-4.03466
-4.17033
7.70869
2.37808
0.248351
0.343364
15.4505
-44.7827
1.2135
1.41578
-0.881924
0.710217
-1.57655
-0.75838
0.997705
-0.150627
0.831081
0.101557
-0.948046
0.153817
0.811602
2.30333
-1.59702
-13.3199
-1.89749
8.74553
0.945857
-1.41841
-1.1349
-0.984138
5.89238
-2.58048
-12.7318
1.95283
-1.24613
-1.31449
-0.882648
-0.985445
-2.54353
47.3063
-0.863397
0.966598
-8.54262
0.756874
0.198134
1.23972
-0.835555
-31.2275
1.05362
-0.187035
-1.37799
-1.85563
1.45794
0.385074
-0.903081
-0.0636157
74.3347
0.755553
-0.567294
1.05341
-2.17437
0.371622
0.577289
0.595966
0.187765
-0.394085
-0.61456
-0.714801
-3.58505
0.889953
-0.459443
-1.06631
0.434738
-3.5494
-2.66826
-0.820398
-0.0450695
-1.20753
0.977012
-0.081452
-1.04835
-10.8767
1.65433
-0.185398
-0.785172
-1.26924
-0.393903
0.101535
-0.178345
-0.622628
2.24775
-2.95394
-2.35661
3.54637
-0.345281
0.143929
-0.71165
-22.6118
1.27132
-0.813481
0.397112
9.88578
11.5216
0.292795
56.2149
-0.376743
3.38612
-1.02729
-0.599441
8.37573
-1.33239
-0.702906
32.8777
1.88233
-1.06866
0.447718
2.13206
-1.39943
4.83007
0.287541
2.20477
-0.304512
0.224041
0.108711
-0.605754
1.75409
3.64325
-0.921718
-0.566074
3.26329
2.10019
-2.75704
-1.20193
0.923392
-0.417729
-0.683672
-0.466677
1.58082
-0.228996
-0.721116
0.0516324
2.33384
4.33011
0.824493
-0.225173
0.195312
-0.205544
0.0422317
-2.39209
0.224418
8.6312
0.215674
1.69057
-0.568387
0.762028
0.84617
1.33644
-0.00733752
1.06762
-2.35076
-0.739639
-7.49128
-0.213979
0.202763
0.68236
0.370799
0.0637866
-0.23605
0.258122
-1.36405
-192.607
0.103902
-0.904484
-1.41756
-0.132248
3.75125
1.18139
-0.188641
6.50824
-0.513686
0.111365
1.63471
-1.39329
0.116429
-0.967327
-1.58936
0.806982
3.31337
0.181576
2.94499
0.393688
-7.28726
1.49026
0.203762
3.24361
18.3405
0.134287
-0.868588
3.04593
1.38716
-0.133731
-2.11934
-5.85299
-0.462786
286.085
-0.733662
9.46477
0.398084
-2.22383
-0.749169
0.0744599
0.508688
-64.1297
0.944157
17.3444
0.669139
0.00280336
0.124026
1.08061
1.27654
-0.209524
2.77569
0.734159
-4.9358
0.407112
0.0187124
1.33065
-6.45837
-0.521502
1.16933
1.40249
-0.917428
-0.465053
1.21339
2.59593
-0.848383
0.3318
1.74958
-1.599
-3.39908
0.0805077
-0.537435
0.0933116
-1.48784
-0.966519
-0.867512
-0.454974
0.102852
-0.0362696
-0.254375
-0.533313
-0.837602
10.138
2.50916
-1.35313
0.571631
-1.12713
25.001
-0.330669
1.46016
9.39014
1.29806
0.501772
-6.28665
-0.456078
-3.5024
0.0397612
2.5812
1.34927
8.34923
0.289674
2.54934
-3.96711
-0.457057
-0.369315
3.02959
1.24047
0.769693
-1.59348
0.523938
0.467502
8.62475
-2.32737
5.40369
-0.564337
-1.41974
10.6701
-1.71035
-3.56251
0.715544
1.40308
-1.34382
-1.65518
-0.0477527
-0.29407
3.72695
-0.257694
-0.0377474
1.65272
-0.617231
-0.444846
0.311182
0.435638
-0.729932
-0.0451887
-2.08123
2.32662
-0.22665
1.32938
0.138786
0.358912
1.93815
9.66601
0.316112
-2.15552
-0.114629
1.5342
-0.511032
2.65643
0.497559
0.0289168
-0.546265
15.8285
-0.291388
4.86594
2.00252
0.275462
-2.58033
-2.44862
-0.0161891
-1.41701
-0.127551
1.76045
2.40152
-1.43054
-1.39101
-0.295155
0.255276
8.88244
-1.62578
6.45153
-1.18285
0.317186
-3.34306
0.486258
0.267772
-0.344888
0.468724
1.91135
-0.310909
1.18829
2.16108
-1.19439
-0.391141
0.355036
-0.0878255
-0.338039
0.678667
-0.71833
-3.26399
1.74299
0.534048
-0.800082
-0.0178324
-1.92298
-0.296386
0.183575
-29.571
-1.67175
-2.72225
1015.6
-0.295518
-3.20937
-0.59873
-1.22656
6.82976
0.419632
0.461036
0.18318
0.0582377
0.418687
-69.0925
4.82163
0.178736
-4.67665
0.310195
3.54093
-0.408486
-1.66899
-6.95098
-1.59847
-2.42357
-0.887862
2.82595
-9.72858
-3.34463
0.763704
-3.80582
0.330086
-0.141144
2.21418
-1.954
-1.31366
-2.72858
-0.678974
-1.6375
0.150511
-0.158409
-7.32638
-0.167607
0.784151
-3.82957
-0.665556
0.274206
-2.65429
0.862815
1.94299
-1.32923
-0.049632
-1.14229
2.72424
1.34949
0.0685054
0.526719
-0.062689
-56.1356
-0.217512
2.08391
-1.29816
-0.0318041
0.199792
-4.499
1.34474
0.281525
1.92766
-0.640943
0.957989
-0.738843
0.755495
1.28649
0.689116
-2.0381
-9.52254
0.0676412
-0.568573
-0.780075
0.0506313
-1.42434
-0.444645
0.189467
-0.403114
-4.13291
0.858646
-189.578
-1.81264
3.7212
2.41645
5.37422
0.739731
0.835853
0.634577
7.8182
1.02853
3.90062
0.0998243
-2.05965
-0.749478
0.537565
-1.3319
-0.448904
-8.98459
-0.307032
-10.3057
-0.411676
0.370772
-13.9099
-10.693
-0.749315
0.900501
1.77373
-1.96349
-2.15093
-0.0937734
8.28917
-0.484782
0.0208852
-8.87406
-3.58161
0.139141
4.7365
0.240177
1.34166
48.0495
0.532712
-2.47246
5.38199
-18.3705
3.4856
0.148858
-0.680587
-0.186766
5.95144
-6.21521
1.30363
-2.36288
2.41766
16.1912
-199.686
0.378242
2.39574
0.516347
-2.03192
3.87386
-0.108719
-1.45129
-0.234812
0.266154
1.70085
-3.28887
-5.35525
-0.315525
2.64766
0.495873
0.721697
-1.34003
3.27548
0.38928
0.162489
-0.86309
-0.0168048
-0.232084
-0.918453
-0.205859
-0.66948
0.644681
0.928537
0.394874
26.297
0.478469
-0.98217
0.141571
0.833042
-0.577402
-9.75395
0.892928
0.521797
-3.21277
0.782831
-0.445181
0.0244604
0.9073
-1.30581
-0.688065
1.61624
-2.31285
1.26838
-4.16314
1.44227
1.01345
0.170989
1.44673
1.63905
0.367122
-0.219246
3.04081
0.546837
0.136342
-0.337106
-0.985354
14.1985
0.00190736
4.50754
0.0909576
0.495992
-0.753914
-0.18054
-0.340176
0.0752675
-0.840681
3.59553
4.56925
-2.59544
0.545978
2.00322
0.66031
0.407338
1.46699
2.8136
-0.465943
-3.95076
1.63588
-0.182886
0.452816
0.181864
0.293614
1.6311
0.336582
-1.57528
1.22983
-226.227
-0.493074
0.452845
-0.605213
0.726593
1.07199
1.18498
2.04358
1.99236
-0.290902
-2.64823
0.747269
2.09245
5.37029
0.524061
0.11117
0.083546
-0.114181
1.35206
0.80877
-19.8321
-0.763342
-2.58085
4.8253
0.727426
-0.0295436
0.196768
-0.0317439
1.82594
-5.05673
-0.0916189
-12.2929
0.0363548
-1.69847
-0.0429235
0.22114
-0.602697
-0.88186
0.582242
-2.89816
-4.17165
0.230047
-0.0303142
0.306873
1.83803
-1.18739
3.78721
1.16742
-7.60473
-1.0158
-29.9627
-0.0987566
-3.18529
-3.74202
-0.744736
1.15848
0.0458468
-0.00625883
-2.63426
0.820741
1.04366
3.82561
-1.5312
-0.493927
0.471665
0.171176
-0.564779
9.37787
-5.9203
8.68272
0.277425
-3.20012
0.772046
0.519102
-1.06254
0.670792
1.18942
-1.56055
-0.149703
1.41707
-1.2156
-1.83646
0.489614
0.204372
0.222353
2.53318
-0.312241
-2.29448
0.69007
-0.107987
-0.196668
0.783381
-0.00608766
-0.103399
-0.0194527
-1.82576
-0.896807
0.259622
-0.188704
-0.179933
0.034526
-3.66763
0.855125
0.367163
-0.564675
1.07682
2.12965
-2.81235
1.76599
0.451709
0.544772
-0.372308
-3.20914
20.5382
-0.443097
-12.4646
0.57047
0.296521
-1.94602
-1.70317
-0.476572
0.310123
-0.364653
2.46222
3.43827
-0.150642
0.142236
-0.167559
1.08867
0.258051
2.5799
0.200446
-0.469632
1.88596
3.17499
0.149845
0.364612
5.14
-0.693769
-0.77017
1.8901
2.36364
4.14044
-4.18834
0.466077
1.51986
-0.211189
0.409808
0.260028
-0.0706106
-0.111429
-0.735407
-1.54465
0.459392
2.49908
1.73063
1.86497
1.72599
-2.71757
0.427531
1.58927
-0.903533
-0.207182
0.304714
0.312555
-9.31931
1.06566
-0.24534
0.372308
1.73514
2.17084
-8.89879
-5.65476
-6.11947
-0.419687
-1.57511
-0.195777
10.0429
0.792977
0.0114614
-0.41959
-0.655997
0.781279
7.46564
-5.24247
-5.62484
-0.191674
0.914213
1.69691
0.39534
-1.16067
-1.52921
-0.192025
-0.266284
-9.93349
0.422677
0.163064
3.88396
1.19958
-0.615458
2.01812
2.16815
0.0695496
13.3253
-0.75969
-3.09705
0.835643
0.334313
0.609279
0.0347974
-0.503118
-0.257234
0.0616367
-4.73903
2.92312
1.92014
0.32648
-1.49037
0.773679
2.83949
-1.33872
-1.46805
-0.583818
-6.12799
0.219471
-9.70985
-1.4485
-12.1602
1.18365
-2.33989
-1.40212
0.207199
-0.347598
0.0652889
-3.2799
2.27487
1.37467
-0.217215
-0.323962
-0.659317
-0.0446343
-0.452999
0.711786
-8.07344
-1.03917
-1.91448
-0.401646
0.494162
2.68688
3.77826
12.3553
-0.0575704
1.14022
6.43852
-69.503
-0.866846
0.12634
-0.398222
1.55256
0.0513413
0.0505645
3.34902
-0.863817
-1.16232
-0.846415
-7.03842
0.692775
2.92672
0.016988
3.42202
2.1711
-4.33717
-0.762394
-0.710908
-0.102661
-13.2376
-0.284209
-2.58003
13.7586
-0.585393
0.343222
-0.417519
0.0375254
0.191018
4.98625
0.112888
-0.78935
-0.683015
-0.755091
-1.64197
-1.63244
-0.213553
0.142726
1.50132
1.45024
-0.234073
1.08886
-0.943022
0.111558
0.478519
0.144821
0.79612
0.266025
0.324329
7.77057
-1.691
1.26092
0.16587
0.950845
-0.280681
1.15857
-0.551737
0.32869
7.34634
0.867954
0.485389
-1.25807
0.360861
-1.58276
-0.246278
0.315006
-0.239243
-0.441535
-0.778293
1.01196
-0.180304
-1.66844
1.00228
0.336631
1.2819
1.71095
22.6088
-0.0313025
0.104653
0.990724
-9.78043
-0.467572
2.38268
-14.3923
-0.688926
0.242491
-32.4754
-0.373107
-1.30442
1.7007
1.61061
-0.674916
1.27169
-0.432799
0.227002
0.834981
1.05455
-0.507076
-2.01759
0.131117
-0.624246
1.45111
-3.09912
0.123409
1.68609
-3.58138
2.13703
3.3315
4.78954
-0.844374
-0.409399
0.628099
3.05402
1.78078
-0.178018
0.171868
0.48025
-2.13859
-0.496552
-29.8124
0.712605
-1.13553
-1.85312
-1.31118
-5.22272
-2.42522
1.24009
-2.28121
13.6508
-1.44743
-2.99896
4.62113
-0.563817
0.0736892
-15.1731
3.90608
0.18181
30.2145
-1.314
0.767227
0.246428
0.25328
-29.965
-1.31588
0.7844
-0.0921541
1.1762
0.313635
-0.648821
-0.293101
-1.2038
-0.373929
-2.8639
-0.0498765
-4.97834
0.314303
-2.42054
-5.83617
5.44844
0.187417
1.72006
1.20625
-1.17663
-5.58716
-0.711702
1.20738
2.65119
1.02037
11.8442
0.412264
-0.138375
0.58573
0.44994
0.561076
-0.738875
-0.446932
4.86154
0.570782
0.505643
7.46831
0.445907
-0.916793
-0.703955
1.50986
-0.202144
-0.592272
0.298301
-1.56416
-6.28421
5.65942
-2.6852
-2.43699
0.186712
2.01997
0.152684
0.990485
-3.31871
-0.630907
1.65483
-4.41
-0.123696
-1.6617
7.58014
-3.27748
0.610237
-1.01997
-1.68036
-0.145702
0.374966
0.829929
1.33309
43.3415
0.0251325
-2.40765
-0.567017
0.826809
0.632063
-0.206678
0.0709066
-5.00507
-0.677173
8.55008
-8.42026
-0.00411322
1.05705
0.68658
0.497834
0.729073
1.27746
1.67159
3.87224
-11.7761
0.0639816
-0.973475
-0.312917
13.4753
1.96608
0.414236
3.59228
-3.35329
19.0872
-1.53215
-2.48782
-11.8422
-0.588419
-8.31262
0.159578
-20.1869
-5.59203
2.35284
-3.30934
0.942452
5.70727
-4.12958
-0.335734
-3.71347
2.24743
3.08342
1.67832
-4.2753
-0.781338
-0.992519
1.18224
0.148926
-0.158125
-0.245746
0.736197
-0.550787
0.778756
-4.38993
-0.518393
-1.31501
-5.76982
0.263608
-0.655625
0.983196
-1.74366
-0.0847274
-1.25108
-0.259291
0.134834
0.411265
2.54081
1.84006
-0.610702
2.21224
-0.208109
-1.30007
1.93208
-0.572357
3.03366
-3.98268
-6.45572
-0.575297
-0.0561059
-0.463516
2.34477
0.582803
10.158
0.181123
-1.12844
-0.392261
0.058847
1.40769
-0.40634
-0.0852381
-0.863913
-0.238863
-1.31583
-0.156226
-0.0861305
6.44916
-0.863099
-0.395012
-2.58632
6.89495
-1.56944
1.25583
1.39267
-3.79582
3.51664
1.75619
-1.51405
-0.852208
-1.33307
1.53923
-0.0732011
0.930062
-0.60512
0.305541
1.92784
-1.23656
2.67552
1.53967
-0.423713
-1.88634
12.9872
0.487967
5.33675
-0.84478
-0.475332
1.2291
-3.68233
1.72187
-1.63833
-1.50491
3.52878
1.32735
0.31728
3.09218
2.36494
-1.19941
-2.36449
-2.82569
0.0625692
-9.16602
-0.5726
-2.13201
-19.9781
-1.31446
0.374404
0.377272
0.427146
-1.9802
-0.146672
-1.4767
-1.46108
-0.693212
-1.07543
-2.90341
2.1643
-1.23979
-13.1797
-26.7302
1.91676
-1.11604
7.26109
1.34313
-0.861167
-0.207449
-0.256568
-1.33888
-8.12061
-0.650456
2.64578
-0.116821
-0.00198962
2.12471
-7.2216
-5.10924
-4.09592
-2.03193
-2.61386
1.57989
3.99775
1.5467
-0.748492
-0.124291
-0.124014
-11.1164
-1.96726
2.73704
1.32755
-5.11282
-0.791153
-0.681372
5.88108
2.82178
12.7594
-0.850645
1.20629
-0.145028
0.00365061
-1.19807
6.86703
-0.441779
-1.74947
-0.39664
-0.665441
-0.438772
10.1633
85.3524
0.750025
1.04472
0.669022
-38.0974
-0.544714
-1.13007
-0.234057
-0.800105
0.711235
0.29722
-0.11589
-0.305408
0.797195
0.0226426
-7.47429
5.09364
-0.0189623
-0.0256249
-0.669969
1.24601
-22.9517
4.73486
-1.26567
-0.147548
-0.413521
0.407518
0.703356
-52.1512
0.742732
0.30601
0.103422
-0.225101
-0.32361
1.44594
0.153943
-3.00701
0.718431
-1.36729
1.52837
1.0591
55.8981
2.81533
-0.193803
-4.21752
20.0684
-1.63229
5.97255
28.8032
2.53886
-0.671684
-1.44596
-0.143277
0.687559
-0.63345
0.181539
2.05982
0.680595
0.693811
0.930566
2.54181
0.764621
1.58243
3.06253
0.0110102
7.90333
-0.522468
-0.180338
0.645773
-0.48543
1.55912
-3.70334
-10.9436
-4.96553
3.20419
0.443574
-0.153039
0.202522
-1.84808
0.570772
-1.7336
2.01608
48.824
-0.77434
1.02324
-20.681
-0.359691
-9.27475
0.58515
0.299981
-0.984022
0.418561
-0.917555
-0.315395
2.23474
28.2119
0.812981
0.0906684
-0.797764
-33.1754
-6.6561
3.05946
-32.3704
0.808343
1.71399
-0.117452
2.30563
-2.27555
-8.02804
0.353756
0.447172
-0.756375
-2.69868
0.721179
0.763124
50.3165
0.272612
-0.206635
-0.896272
-1.16774
1.36103
0.373428
-0.701804
2.6448
-0.20578
-1.36887
0.431955
-0.640361
0.529411
0.0481069
-0.482975
-1.72028
-1.3625
-0.831648
0.0499086
1.33636
0.53198
0.701643
0.285206
-13.5605
0.491199
-6.04184
-6.31579
-1.31968
-2.75752
0.646677
20.3694
24.5404
0.276975
-0.222627
0.674311
0.659631
-0.626092
0.86756
0.935292
-17.2537
-2.24494
3.7977
-0.994777
1.85121
-1.47484
-0.237187
0.497629
0.152916
-0.121144
0.119469
0.633992
0.16542
-3.24365
-0.329929
-0.216403
0.592911
3.18629
3.92995
9.32579
-1.44342
0.724245
3.88455
0.435544
-0.050797
0.0361859
-0.337799
-2.29944
1.12564
-0.222823
0.679889
1.40012
-0.516789
-52.3912
2.6765
-0.193659
-1.79821
0.872862
134.948
0.549502
446.894
-0.794144
-0.597421
-0.234377
5.18884
-1.53566
-0.446261
1.28214
-0.764918
-0.609526
-0.178955
-0.183949
2.35578
1.25673
10.8488
-0.0148504
0.0513519
4.85412
-4.40859
-25.0765
-8.61135
-2.78964
-0.398213
-1.79142
-1.80751
1.43579
0.169959
-3.51581
1.12711
-2.93278
5.05082
1.22576
0.844252
-0.054099
-0.753942
3.97751
0.0439395
2.50213
-0.615444
-0.250783
0.252644
3.67326
2.13517
1.30652
1.70744
-10.2885
3.3846
-9.99309
-4.76906
0.558542
-0.717388
-1.99021
0.350898
-3.40958
-4.85865
0.0831424
-0.945495
-1.73289
-1.40653
-4.6866
-15.4354
0.796115
0.189446
-1.27701
1.50219
-2.74467
0.949051
0.911111
0.0406384
-0.103007
4.82772
-0.449335
-2.05802
-0.901892
0.781101
-0.226676
-1.45634
5.2516
-2.26975
-1.22313
3.33669
-1.57708
0.0992302
0.0151272
2.6538
30.0568
9.57489
-0.727914
-6.08406
2.64867
14.4707
-1.88945
0.244834
5.82435
0.143316
1.17504
-1.42249
-23.718
-0.217461
-0.541377
-0.373836
-8.4337
-3.14897
1.10367
1.19081
5.64663
0.780131
0.384884
2.76641
-1.32764
3.19912
26.5439
-1.02572
-0.879699
0.183078
-0.729835
-0.343833
0.631621
-0.130527
0.0473377
-0.654369
0.617451
1.96986
-2.65414
0.067899
46.7267
0.483477
1.95596
0.790492
-0.334943
0.676001
-1.37584
-1.37251
-1.53454
1.04416
-1.86067
-0.0960002
-0.133076
-1.73568
-7.04548
1.38375
0.349961
-0.413729
-0.519451
-0.810183
-0.351615
-2.99072
0.234982
-2.48205
-1.38833
2.35443
1.98446
-3.77153
0.259719
0.866377
1.30801
0.274371
-143.114
0.646834
1.01938
-0.832468
0.910578
-0.776927
-2.01562
0.93037
-0.0173647
0.140638
1.0613
51.8965
-0.264057
-1.13554
-1.21934
0.0442399
-4.61893
-0.245916
-0.371286
-1.78828
0.0322505
-0.483091
1.10036
-0.227431
0.413465
-0.619219
0.954257
-12.7273
2.09676
2.37677
0.841279
-3.73948
1.96285
-0.249595
152.207
0.687215
-1.27911
0.146742
1.80516
1.03235
2.38123
0.95324
-0.443514
-1.48866
12.0143
-0.465604
-0.556506
-0.00917405
53.9361
-0.652972
0.543131
99.0033
-2.15082
-1.9922
3.32161
-0.637636
17.5848
0.0326916
-0.955343
-8.35095
0.310677
0.539862
0.152361
1.48086
-1.18025
-11.3632
0.155156
0.382901
-9.90316
-11.9569
0.116081
0.32449
1.00596
-0.453653
1.09524
-0.0377347
-1.54102
6.59738
0.216672
-7.03889
-0.202395
0.270769
1.6768
-0.0686475
1.34365
1.71483
-4.84984
0.491285
0.946804
1.61451
-0.15727
4.54409
-0.370532
-1.75424
-1.62233
-5.18552
1.63333
-1.42972
-2.15082
0.0558625
0.107488
-1.19316
271.896
0.83611
0.323778
3.06549
0.0421172
0.13587
-0.947532
0.790733
1.39244
47.5142
0.0107097
0.438682
-2.28639
-1.31955
0.203347
0.105083
-1.52414
-0.717113
0.316364
-0.280785
1.80308
-0.501473
-0.18798
0.809366
3.35428
-1.09336
-2.98847
-0.0342857
1.32265
-1.4733
0.494321
0.134804
0.381524
-15.0225
2.52796
2.57608
2.31507
-1.87839
-0.490943
0.393934
-0.11201
-1.10016
-6.01183
1.05889
2.07468
-0.0694631
-1.18615
0.171272
-0.183453
1.28679
-2.74928
0.295896
1.22715
1.122
-5.26955
1.02876
17.4067
0.00642951
-0.57307
-3.49032
1.04399
7.22427
-3.88775
0.271113
-1.20672
0.0633338
0.0266126
1.18999
1.42567
-1.87093
1.73322
-1.64264
0.808109
-0.596916
-1.23657
-0.925217
0.268577
1.32712
-0.241132
-2.67075
-0.645623
0.959169
-0.265565
-0.744951
-0.509885
-0.544369
3.2582
-1.32812
0.451615
0.833065
-1.34441
2.26777
-0.218742
-0.383252
0.161391
0.359859
0.2738
0.457806
0.563757
1.71078
-1.33203
0.693271
0.45373
8.53703
-0.197356
-1.66777
0.0562485
-1.28684
-1.59145
2.14022
2.09409
2.72931
-0.485994
1.30693
-1.02221
0.355836
2.97096
-0.257601
-2.3032
1.47191
0.477667
-1.22485
3.82935
5.97209
3.61184
-0.0474457
0.28853
0.027503
1.25957
-0.209365
2.26843
-39.4559
0.244442
-1.39024
0.611016
-2.42293
0.621907
0.14932
-0.245696
-6.49472
-6.42826
-0.356331
0.245389
10.1837
6.30806
0.427869
0.501104
0.0713877
0.468253
0.715323
0.0310114
-1.19704
-2.55924
0.594712
-2.74913
-16.3972
-0.790703
-0.920712
-0.788011
-0.937572
-2.59443
-0.658697
-1.06868
0.218486
-1.21599
0.599354
0.316582
-0.511903
-0.831487
2.12485
0.952952
4.53503
16.2063
0.556475
-2.34785
0.14495
-3.25745
-0.653189
-1.63703
-0.099761
0.300325
12.6669
0.0689469
1.49922
1.4053
-0.524121
3.73005
0.0792112
2.89995
1.02025
-4.08376
-0.42729
-0.0884981
-1.15978
0.299214
-1.52619
1.41565
12.2312
3.41834
-0.284075
-0.959546
-1.25884
0.866272
-0.175646
5.1717
1.78881
-3.28271
2.37351
0.888129
3.07001
0.201908
2.23221
1.90569
-3.7932
-11.0491
1.71236
0.0230766
1.46656
0.433866
-0.456692
47.6366
-0.25722
-1.0011
10.1792
0.891141
1.35471
-2.12759
-2.44315
19.5114
0.698504
-0.437517
0.213591
-0.0519962
0.666407
1.56618
-1.53191
-3.14394
0.925095
0.0204227
-3.73512
0.0904089
-1.57264
0.722355
4.65168
-1.13465
1.94129
-2.30182
-2.28525
-18.6884
-3.19756
-0.928865
-0.0169848
-0.69723
-0.859553
28.9329
-0.406863
-1.44666
-0.622465
-1.11568
-0.323396
-0.643823
6.24072
41.1117
0.451884
-0.306797
-0.298554
0.484919
1.54306
1.05462
1.51267
47.1977
0.156348
0.348318
-10.72
-1.02877
0.61091
-0.413551
-2.21361
0.80591
32.6628
-0.89468
-0.709453
-4.85183
-0.229943
0.106318
0.112377
-1.48348
0.750909
-0.246976
0.130401
-120.719
0.31557
0.348337
1.38701
0.862681
-1.73098
-0.0755235
-8.19615
-0.441555
0.346059
1.18023
-0.944346
0.652586
-1.25543
1.50465
0.545489
-0.378166
-1.09217
0.405994
-5.21084
-3.60481
2.44069
-2.58928
-0.372287
1.65474
1.84201
-0.0216515
0.678731
-0.197639
0.266883
-0.324857
1.84137
3.00834
0.954623
0.112371
-2.03321
6.15595
-1.36245
-0.401764
0.268049
2.67874
-0.699791
-0.0535156
4.96287