3.07474
-0.440546
-0.781436
-0.298947
6.83132
-0.357788
0.558802
0.308746
-0.0989185
-1.67061
-1.68732
0.577148
-2.88669
0.240233
0.26124
-2.24596
-1.06284
0.331858
4.51952
1.77073
-0.961921
1.39622
0.375247
-4.7828
-4.15824
-0.315738
0.10698
-2.10528
0.35934
-0.408247
-0.0884626
2.57894
0.563096
-1.38138
-0.210681
-2.2536
0.548026
-7.77395
-0.161858
-6.96419
-0.392955
0.946157
0.947657
-4.47711
-3.49834
10.7968
-1.45951
-0.142877
0.707393
0.0620751
-0.420547
2.5857
-0.556953
0.0995758
-0.211156
37.1965
-0.98988
0.408479
0.824972
1.0053
-0.224976
-20.91
9.55969
0.953168
-0.386052
3.05302
-0.367799
0.279761
-0.266597
-15.9574
-19.481
-1.01256
-0.886948
0.535874
3.6648
-0.263112
-0.153821
0.0459539
-0.111618
-0.800041
-1.57448
-1.04968
25.6706
1.50807
1.83097
5.09549
2.78769
-0.671083
-0.558989
1.94168
0.560781
-4.38055
0.857245
5.37444
-0.872479
0.982823
1.39598
2.71084
-0.447626
3.29685
-20.262
0.202497
-0.417917
0.992102
-0.0601784
-1.66639
-24.3187
1.68497
-3.27315
1.13122
-0.568182
-4.5246
2.23921
40.1257
0.019386
-0.691366
-0.163677
-0.591607
1.09058
5.33674
-0.240642
6.87383
-4.82524
-2.7058
2.19005
-9.20938
1.16586
0.886
0.691262
-1.6242
-0.4303
-6.0498
-2.74661
-1.74531
1.67754
-0.524098
-4.15588
-3.66235
-0.566519
-0.127246
-2.0241
-8.36279
10.9129
-6.26962
-2.88542
0.57735
-0.113833
-0.0498985
1.05112
-1.20616
-2.79806
-0.169767
-0.0476996
0.117573
-1.26905
-0.811619
-0.584106
1.52269
-0.44775
6.76284
0.315127
0.690995
0.177711
1.00716
3.81764
1.97411
-1.5547
-4.69166
-0.267885
-1.48712
-16.0931
-0.443753
-1.7825
-0.0629538
2.1928
-2.17189
0.66205
-0.484671
2.06999
-2.25218
1.35139
-1.12812
0.189646
-1.02745
-3.02451
-0.199908
0.989758
-0.272805
-0.366633
-4.61792
-0.91284
-4.77926
1.96171
0.956358
-0.223572
1.04991
1.41013
-0.142714
-0.375791
-0.579085
-0.755605
0.353984
14.0561
-0.162722
-0.0759155
32.7387
0.460429
0.808182
2.08007
-0.0176752
-2.19748
1.06494
5.24567
-0.00149709
0.285323
-0.00538174
-1.16496
0.456201
-9.38637
-0.459349
-0.476886
0.833582
-6.46311
0.0602576
2.2542
0.324691
2.8255
-0.201128
1.16193
3.56779
0.558812
-0.597597
0.194178
-15.4042
4.23462
-0.169171
0.670825
1.701
0.189856
-0.297139
-2.13652
0.471279
0.121646
-0.141672
-1.20352
0.317755
0.902725
0.694656
6.66045
0.143607
-3.33625
-1.73183
0.256946
20.3729
3.2424
-0.256105
0.78856
-1.141
-2.93002
0.57578
2.22337
0.175021
-3.71949
0.187541
-0.718297
1.02477
0.00485707
-12.7707
-0.646197
-13.8645
1.13465
1.13637
2.98025
2.93017
1.02338
0.259375
-6.77886
7.18958
1.23184
4.58517
-0.618982
0.600977
-2.06262
1.29647
97.1614
0.960453
-3.85013
1.6983
4.94821
-2.03014
-1.32216
-5.21783
-0.21802
-0.290845
0.364542
0.346767
0.0580114
1.15649
-0.137512
3.68625
0.290835
-0.0112951
-1.24639
5.82782
0.682925
6.6041
4.15778
-0.831164
-0.681257
1.32796
3.83532
3.23399
-1.93561
0.598186
0.813958
-0.221016
-0.326155
-1.2499
0.178225
0.0415269
0.669238
-0.306798
1.99649
0.0391626
-0.603104
0.0502435
0.317026
-3.9239
-0.534539
0.14803
5.96617
-2.17408
-0.388837
101.91
-0.737785
-0.962917
-0.32229
1.17534
26.8441
1.39537
2.93394
0.209077
1.64411
0.211399
2.31049
1.20142
-0.46969
-0.360332
-0.641921
2.04191
3.79529
-2.46572
-3.11549
0.860823
0.322196
-5.25784
43.3113
-1.05532
0.991764
1.07101
1.17431
1.35231
3.21502
-0.822011
-0.689401
1.00402
-1.10563
0.929954
-2.43622
3.7636
-0.524518
0.543063
0.296119
3.09925
1.05882
0.0101678
-0.315928
0.422809
4.05732
0.0876298
0.189099
0.0984557
-0.153251
1.83998
5.79692
0.975226
-2.50917
-4.70564
-0.203299
0.362801
0.146386
6.00516
4.85743
-2.24648
-0.0330722
2.30374
7.90963
2.71053
-2.41657
0.438896
1.88676
-0.116385
2.49363
0.271006
-0.345022
-4.71059
0.22558
121.397
-5.14588
-0.172981
-0.199489
-0.838142
-0.345316
5.93537
-0.191106
-0.119918
0.253964
-0.292708
-0.936161
0.875282
-2.65678
0.470123
-2.25128
24.3003
1.98091
0.208044
0.474265
1.24938
-0.755153
0.400901
0.911086
1.41085
2.516
0.369934
-0.788444
-0.581958
-1.26812
4.44308
0.732521
1.25483
-0.117673
0.473566
0.2424
-1.09164
-0.34709
-0.606313
0.611448
3.54359
-2.27265
-0.0314992
3.97599
3.03406
0.787845
0.628749
0.538137
-32.3032
1.079
3.21869
0.727449
1.11508
-1.75385
-1.48462
22.6366
-2.37211
-3.30305
2.86345
1.20728
-0.821495
11.5157
-0.235205
-2.31263
0.0477684
-0.0861043
1.08912
0.724444
-0.639915
3.5956
-0.477762
-1.59113
-1.137
107.788
-1.03415
1.29873
-1.13797
1.56755
1.07587
-3.9936
2.07406
6.01916
-7.51271
-2.34499
18.1668
-34.5109
0.141158
-1.867
1.35529
2.85121
-99.948
-3.65081
2.23171
-2.56877
0.14118
-0.799076
2.81929
-1.69402
2.0383
-0.0251044
-0.0229858
-1.15721
-0.348466
-2.15971
13.2896
0.259839
-1.37307
3.12385
0.475615
0.0187009
9.3844
-0.210813
-1.36209
-3.89709
-2.5935
-0.693489
0.561306
0.624529
1.54557
1.35965
0.328198
25.0143
-0.758516
1.46456
1.67324
0.0397093
1.45992
3.82858
0.0796357
1.75918
-1.61424
-1.60985
-4.26323
-0.707503
3.24835
-6.72859
-2.98297
-0.593238
-4.21829
-12.0733
-2.88527
1.36686
1.2004
0.218969
2.25634
-3.08033
0.188525
-0.238509
1.52682
-0.272123
0.0597819
-0.477603
-2.49221
4.52551
2.44312
-2.42471
-0.784127
0.915197
-0.846567
4.92158
-0.0878007
9.47348
-0.612675
-0.617158
0.30786
-1.04172
-1.34581
-5.08439
-0.951559
-11.2729
1.63792
3.62884
1.02671
-5.93412
-0.0968351
-0.627856
-0.545892
0.381428
-15.3537
-0.147228
-134.657
33.3349
0.0533853
0.0483283
3.0423
-0.22232
-0.430037
1.32918
0.444804
1.22773
-7.89464
-1.43087
-0.0998528
-0.676136
0.864262
-1.06767
-0.995471
-0.512607
-0.291296
0.214135
0.121587
-0.417462
1.85391
-0.480607
-0.728662
-1.18431
-0.0893076
-1.61425
-0.0572779
1.65596
-1.49406
-1.37527
-1.46651
10.9414
1.06378
-1.16242
0.0916792
-0.216569
-0.834155
0.11772
-1.12673
-1.86855
-1.0722
-0.97684
2.16193
4.2556
0.0559134
5.59258
3.14223
2.07382
0.667381
6.62795
0.684251
1.61553
-0.942035
-3.25967
1.26662
-9.51677
1.16925
-0.421902
-0.242122
10.1005
-0.0739062
-0.13013
0.599601
-1.94737
1.08779
-0.0578379
0.776977
15.2015
67.6876
0.83187
8.17953
-0.448041
0.244598
-3.17546
-1.06535
-0.90652
1.41629
0.896391
0.547882
-0.682806
0.885878
0.322088
1.02664
0.782356
-0.296172
0.17225
0.549214
-6.96816
-0.638007
-0.0725806
0.626332
-0.816644
0.362697
-1.07889
-5.77025
-2.42974
2.01845
1.17663
-1.10119
1.86097
-0.155202
-0.330154
0.213406
1.52416
-0.521791
1.4195
0.989447
-0.831057
-0.687645
-0.600264
-9.1864
0.252402
0.0414819
-3.87048
-1.98256
0.486824
-0.316073
-0.227962
-2.04796
0.416104
-0.316097
-0.275646
-0.251949
0.024781
-3.75877
-4.02052
-0.619726
-46.4183
-1.72129
-0.803934
4.20565
4.44008
-0.370552
0.622826
1.65429
-3.23529
10.6169
-1.44397
-2.75755
0.152851
-0.345946
0.363037
0.545632
0.124255
-0.770779
0.221776
-1.2749
-1.71645
2.02265
-3.5382
8.08579
1.46426
-3.35064
8.80949
37.92
3.15064
-0.00903805
-0.150916
11.0338
-0.689004
-0.28335
1.03393
0.062563
-0.138468
-0.917706
-0.243939
0.154298
0.609381
-9.78134
-0.279975
-0.549444
-0.20478
-0.0676186
5.53916
0.24929
-0.369843
2.23937
-0.125439
-1.61132
0.761742
0.836551
1.65247
-0.51773
-4.82776
0.497791
0.785757
0.22237
1.17958
1.35066
-0.941633
-1.36914
6.23163
-0.393756
-2.81491
-0.0165812
3.2594
1.38448
-0.701224
-0.39158
18.7822
1.78045
0.0378315
-2.0217
-0.917302
1.62498
-4.25223
-2.7765
0.355504
-2.84069
-1.38292
0.321931
1.20604
-0.746211
6.47589
-0.279519
7.16523
5.69112
-0.103483
-5.1825
0.190036
-0.417198
-0.3449
-1.40912
-0.213313
-1.15626
0.995951
1.83804
0.989433
-1.92554
-1.72729
-0.165211
3.20349
-0.121129
6.55591
-8.11661
0.0425342
0.803792
0.433323
-0.81946
0.316351
0.872506
-0.602501
-1.1626
-0.0545448
-0.672947
0.709488
1.38106
0.726889
3.85125
-2.16983
-1.69692
-0.366267
-5.25469
-0.292675
-0.105915
-1.84878
-0.00595821
0.289037
1.23267
5.79428
0.787546
0.971386
1.38146
0.519348
-0.620835
-3.35596
-2.37969
-6.46728
-20.5175
-1.38418
1.65056
3.90425
-0.626183
0.900237
-0.665283
-0.974285
-1.4075
19.824
0.628611
0.432129
-66.9379
-4.68262
0.598243
-1.27001
-371.172
-0.926842
-0.967278
2.60516
4.0926
1.22771
-0.196307
-1.22367
0.171554
0.811892
0.693886
-4.93996
-0.98983
0.444174
0.356577
-0.460239
-2.79989
28.5431
1.07497
-1.13471
0.536355
-2.58125
-0.378446
3.30464
-0.145755
-23.003
-6.23504
0.153598
0.283982
1.7431
2.51062
-0.217417
-0.267586
-2.01961
-11.7678
-0.534546
8.85319
-1.73134
-0.223459
-3.31565
0.00963862
-3.69023
0.615466
-0.879623
-4.4177
-17.4986
9.60037
1.93135
-1.15816
-3.88343
0.0842318
1.67922
-1.15444
0.583482
-0.185789
4.74277
-1.64863
0.690727
-0.385162
23.2278
-0.101114
0.0350951
-0.709751
-5.96392
-1.06053
-0.286931
-17.8793
-35.408
-2.61705
-0.24855
-0.19229
0.849509
1.83998
2.93206
0.0283733
1.25039
0.667096
1.37328
1.90536
-3.41211
-1.95517
-0.921344
0.73064
2.51352
-4.92914
5.78749
0.363584
-3.31326
0.63395
2.96476
0.175528
-0.492321
-0.621101
-0.383809
0.0323341
-0.440029
0.479644
0.204721
2.1232
61.5036
13.2221
5.01487
0.755806
-0.0560555
0.49532
-0.71537
3.07061
14.5817
0.663632
8.68684
0.458454
-1.4906
-0.702803
-0.132647
-0.807433
-0.925954
1.37168
16.5376
-1.02772
-0.945718
-0.677054
0.233386
-2.30445
122.808
-1.4932
-2.29616
-1.65183
-1.8112
-0.207844
-0.457642
-0.853127
-2.49764
-5.17324
-0.380329
-0.0904514
-0.621932
1.06383
6.75124
-5.72835
6.75893
-0.197588
-1.23962
0.990955
-3.51696
-1.1386
0.854662
0.161513
-3.66146
80.073
0.265968
-0.110828
0.156618
-0.59628
0.613597
5.63179
-2.04823
4.84906
-0.0954017
-0.629546
-0.218295
-0.459928
36.0187
1.80951
-2.54402
-0.368021
-32.3278
-0.433163
4.20252
-0.349861
0.832785
-5.43214
1.61912
0.759437
-1.12469
0.258087
6.96562
-0.213972
2.07983
-0.0707264
1.78672
0.859403
2.07785
-2.0776
0.881043
9.98099
4.76534
-19.2634
1.05801
1.12311
-0.963565
1.21177
0.513138
-0.853426
-0.644213
1.53386
23.0298
1.47968
0.445193
1.09514
0.347163
-0.464819
1.12561
-4.9327
-0.371841
1.16532
2.11384
-1.50794
0.170917
0.444045
0.193867
0.897527
-1.39704
-0.277384
4.95859
-0.54422
2.66429
0.360358
-0.105109
1.22809
-0.798592
0.823866
-6.59318
1.50563
0.0987037
-1.58717
-1.00636
-5.04044
-0.032689
-2.63653
-0.48089
-12.0318
-79.937
7.16428
6.29383
-0.656242
-1.43899
-4.78973
-0.748984
0.4565
0.575932
-0.408403
-1.19899
-1.02931
-0.0539764
4.80689
3.94089
-1.48521
-0.428826
-3.27249
-1.21823
0.481356
-0.740386
-1.8783
-2.26948
6.57262
-0.607726
-1.60482
-1.82532
-116.197
1.56642
2.3268
28.3236
1.0783
0.126866
-0.18402
0.141483
15.5826
-15.0438
-0.800467
-1.28792
-4.35928
0.064514
-7.25618
-0.971537
-0.557492
1.01128
10.7072
-10.9918
-1.35403
-10.4827
-1.78175
-1.02856
1.76479
-7.97662
-0.748103
-38.5879
-12.2333
0.511804
-0.777751
-0.278706
0.614116
-0.369448
-7.80047
-1.67747
19.3995
0.519663
-1.40402
-0.5758
1.42489
0.951406
-5.17722
1.83237
-0.133903
-0.993502
-1.10679
-6.87453
-0.211459
0.17402
0.409503
8.16644
-5.27718
0.692674
-9.10659
1.64731
0.43116
2.41437
0.879061
-0.565958
-0.368751
1.64168
-1.90277
10.4911
1.91789
1.19817
-0.506944
-1.15306
-1.16032
1.38897
-0.0764557
-61.4305
0.318246
0.290938
-3.27708
-7.22125
-11.0698
-0.396472
0.115378
-0.0850053
-0.589592
-0.583784
-0.771837
-0.0826315
1.46919
5.39421
-2.60233
-0.268064
1.72993
0.40505
6.48481
-0.538255
-0.589944
0.984883
0.374985
-4.23124
-1.37843
1.91306
-0.273121
0.797563
0.36118
-1.00256
1.48988
3.08646
0.0613611
1.65592
1.58843
-0.697293
-0.217895
-0.630698
0.645032
-20.593
-6.50584
-0.130487
1.29214
-1.79123
0.11177
-1.88915
1.86794
-0.206524
0.432741
1.36999
2.93182
0.687742
0.747095
-0.843383
-1.49765
-8.8943
0.279418
8.02446
0.396404
0.665977
1.92076
0.382855
-6.22367
-3.32128
-1.34345
1.44046
0.247202
0.833964
0.200029
3.37306
-3.96612
-0.155564
-1.02276
5.51867
1.01168
-0.136292
-0.136988
1.59263
0.521565
2.70845
0.882684
1.05593
-0.0532485
1.48677
0.856072
-1.87726
-0.269546
-3.33677
-0.475056
-0.329198
1.10085
0.613735
-1.43702
-1.33942
-20.7642
1.44346
0.705287
-0.19676
-0.864281
4.03326
-3.07218
6.04065
0.866788
-2.1918
-1.31099
1.11208
-0.935582
1.69567
-0.0584893
-2.32434
-3.30226
1.62984
1.87003
0.864718
-1.61893
0.663602
17.0916
-0.175905
-2.98985
-0.47051
1.07685
2.84365
-0.116662
-0.433258
-0.516781
-3.11661
1.42345
-1.72109
-1.29759
-6.91221
0.249059
16.0302
0.891304
1.30618
0.0810116
2.4221
-0.335414
2.52094
1.07251
-1.25939
-1.36766
1.66306
-4.88895
0.470856
-0.082797
0.933018
0.12051
-2.83205
0.440898
-0.0491038
-0.237041
2.2235
-0.313824
-0.652827
-0.746202
-15.1692
-0.747232
-7.20665
0.866945
-0.779731
0.753824
0.432004
0.350995
-0.958662
-3.95757
5.13
6.30533
-0.424083
0.290505
1.79715
-1.22181
0.412743
-0.587531
-0.459876
-1.49693
-1.39253
-10.4412
-0.0888307
1.41324
-0.371318
1.42924
-0.38868
5.356
0.596157
1.29145
0.0858093
0.890186
0.146333
-3.25289
-3.54753
2.16002
0.731229
-0.759223
0.0761089
-2.40936
-1.16453
-0.659524
0.520348
-2.49788
-0.876697
0.218389
-3.23077
0.114233
-41.886
0.315358
-0.791835
-0.655554
1.41215
-0.910544
13.797
-0.137274
0.0814544
-1.47975
-17.175
-0.114626
-3.86447
5.02379
-0.487469
1.33292
-0.505957
0.36897
-102.126
-0.948776
-2.89821
-0.172577
-0.149709
-1.02489
-0.997101
-0.0710683
0.36448
-0.967974
1.20685
-0.361913
5.0559
-1.10127
-0.810596
-4.62172
5.2582
-1.71957
-78.6004
-13.4328
-0.674082
1.49277
2.03627
1.53178
0.261316
1.72915
4.63693
-7.06474
0.928251
0.00141944
2.09147
-1.35538
-0.0502064
1.10243
-0.0741021
-7.68887
20.0144
0.513947
-0.624388
-0.0580969
0.232471
-0.0196088
2.61755
-1.18083
-4.40102
-0.381394
0.357432
4.42529
-0.298914
-2.95184
-1.15332
-0.621142
-4.79085
0.369456
-2.42855
-6.74264
0.395254
0.199873
15.1467
-1.0245
-65.3767
-8.3195
1.00159
-0.592073
-2.76265
-0.0162282
-0.037895
-1.18188
-0.376364
-0.68403
1.0827
1.57515
-4.55195
-2.52652
-2.09998
1.09009
2.03731
1.35163
2.01166
0.770239
0.981799
-11.6443
-0.945876
0.965938
1.31191
0.420001
-4.95954
0.9878
0.410164
-0.430719
-0.500806
-0.228924
-0.670272
0.83577
4.00506
-2.0937
-3.39352
3.69755
-0.801393
-3.83333
2.38561
0.754045
2.60572
9.10331
-2.51659
-1.88156
-4.65015
-1.34673
-1.52968
-0.0623178
-0.857435
5.46616
-0.0213558
-0.252327
0.160846
-1.97203
-0.577018
-0.956899
-0.34373
0.561612
-2.37732
0.299673
-2.67188
-2.52539
-1.17753
0.687454
-2.0657
17.2181
1.18782
0.273053
0.276579
-1.9895
-0.903831
0.260411
0.359002
-0.113026
13.3581
-0.545062
-3.01042
1.25981
-14.1149
-0.551894
-0.261327
-0.794571
-0.214336
0.0644162
-0.434767
0.801409
-7.80279
-1.84677
-0.664303
15.9771
-0.589791
-0.0601137
2.88231
-0.155248
-0.178022
-0.403132
-0.210432
1.947
6.37469
0.0172561
-2.46677
0.852857
-11.0286
-1.63371
-4.95345
0.875158
2.42962
9.20035e-05
-1.7359
4.27961
0.253057
-1.98904
-1.18947
-4.10292
0.528567
0.368243
1.19391
-0.773552
3.15077
2.09581
-0.237594
-3.18531
-0.969237
-0.389272
0.363322
-1.55269
0.686424
0.820894
-1.99333
1.43897
2.6354
-2.44375
-0.270082
-17.4881
0.848081
14.8794
-2.86406
0.0684714
1.75118
-0.80844
1.40072
3.02463
-2.16727
1.13357
-0.594319
-0.592386
2.3763
-0.0845693
-0.141796
-4.32541
0.199353
-0.34799
-1.98205
0.24681
-0.285475
1.37277
-0.803954
1.42666
0.887718
-2.15438
1.14295
-0.588245
-1.57651
6.84734
2.72212
-2.93679
2.04049
111.937
1.94304
-2.17221
-0.140782
-0.724225
3.13389
-3.27947
0.10679
0.46722
0.380069
-1.41132
-13.3664
4.93223
-0.511877
0.33171
-1.04812
5.72431
0.225678
-0.701736
143.922
-0.545921
4.28802
0.796471
0.148579
-0.814995
-0.231979
0.349663
-0.425705
1.80741
-0.687125
0.775152
-2.75157
0.0517947
-2.79803
-0.837174
1.05322
0.426042
-20.7033
2.09759
-0.833913
0.00457402
4.407
1.95347
-2.2393
0.301954
-1.69061
-3.80743
0.180137
-0.0372248
1.15484
1.76138
0.38941
0.136969
0.0829303
-0.179203
0.579635
0.034503
-3.18069
1.15658
-0.66904
1.86847
0.254174
1.50162
-36.432
-0.3945
1.93613
0.420442
-8.16608
0.763465
-0.966125
2.67376
-0.580998
-0.29021
-8.69662
1.66144
-0.110012
0.424374
0.792557
-25.3533
-1.12643
-0.167854
0.36762
4.94237
0.0833763
0.276499
-2.74196
17.8408
0.456933
-1.96522
0.143472
-2.93305
-0.614053
1.18989
2.02051
-4.69143
4.73622
1.16765
0.166323
-2.71236
0.984028
0.39584
1.19658
-1.42479
0.0819375
16.5368
1.24047
1.55178
4.60687
1.22359
-12.6517
-1.94782
0.813853
-0.480034
8.90728
-0.593166
-0.352178
2.59562
3.25836
-1.92307
0.457139
-0.00447419
8.69652
-1.99064
-2.25641
-0.48661
38.2372
-7.58284
0.25497
0.0579504
0.272875
2.39526
-0.351542
0.984847
2.05278
0.574194
0.437915
3.22898
-0.103498
2.67473
1.28984
-0.137541
-0.3284
1.26678
0.761136
0.120358
-0.227095
0.416547
0.292984
0.193221
0.203694
-4.94366
-0.963444
0.316496
-0.640401
1.36437
0.198548
28.3765
-0.505659
-0.785621
1.24735
2.21296
-0.0186037
3.76656
-0.10634
1.53348
0.0966892
-1.86936
-3.89392
0.814077
-0.283605
-1.92422
0.32843
5.51865
-1.28283
-0.535805
0.135075
1.12486
-0.0199398
-0.144827
-19.5147
1.53921
0.00235207
0.437495
-0.298158
1.01375
-0.27042
-0.625595
-18.8194
-1.32467
3.64263
-1.21295
1.14067
1.45194
-0.796398
-0.10127
-0.338407
-0.632417
2.14059
-1.56804
-0.591837
1.69604
1.11902
3.51394
-0.0974351
1.27703
0.285478
-0.76857
0.0909654
13.7234
-1.79693
1.28573
-0.260182
-1.80499
-0.74361
-1.66309
-0.339965
1.52171
0.596778
-0.618442
0.86004
0.786872
1.02828
1.53969
1.16825
3.02049
0.527285
-16.4609
0.053124
-0.575437
0.978558
-1.77173
2.54818
1.50711
0.0319681
-1.38753
0.16473
-0.753549
3.83926
-0.352698
-2.11541
4.6318
-8.29987
-0.089626
-0.911683
0.13524
-1.41198
-4.77444
-2.33653
-1.16663
0.308259
0.557307
1.12296
-3.98061
1.68208
-1.94776
-3.7583
0.209136
-1.63173
-4.03881
-4.5909
0.717188
-0.529743
-0.925909
5.15266
5.32934
0.529332
1.37982
1.88409
-2.01722
-1.47992
-0.975113
-2.29773
6.17976
2.50039
3.98463
-2.55181
-0.48404
0.685332
-0.0442269
-0.049241
1.45875
25.0902
-0.69611
2.24639
-5.0687
-2.5031
0.87483
-0.117708
6.43096
-0.133492
0.317766
-1.24774
0.320506
-4.43165
1.06338
0.869859
41.8641
0.651509
0.782621
-1.08515
-1.58905
-1.75048
-1.26426
0.112093
0.306217
0.321497
-5.71469
0.169767
-0.577293
-1.49208
-1.32304
1.57548
-0.593148
1.84721
-2.06967
7.40216
0.201708
-2.92038
0.532731
43.0396
-1.0373
-0.925778
-2.46963
-3.40525
0.0681151
-1.55538
-11.2399
-0.156817
-0.667918
-1.57713
-8.67925
1.88001
-0.880806
-0.30548
0.0997857
0.253827
-0.294232
0.958272
-0.370612
0.248864
-0.659878
1.07416
-0.0910225
0.444055
1.44553
9.06288
0.845634
0.102793
-1.26615
0.182288
0.403424
-0.777045
0.0996688
0.233396
0.347289
2.22546
0.299823
6.6659
-5.03587
3.00446
-2.34097
0.612663
-0.559832
0.367964
-0.420482
-2.73671
3.85695
-0.0769715
0.42842
-0.267781
-0.57012
0.29453
3.30781
74.7851
5.4438
-0.435636
0.278317
-0.724056
7.55105
1.04736
0.295774
0.715316
0.760019
-2.17523
-1.96445
0.454265
5.68161
1.75875
-0.723786
-0.221346
0.268808
0.756984
-2.41854
0.762718
-0.237885
-1.43601
0.621423
1.49539
-0.424811
-2.30992
3.99402
0.621988
0.810837
2.16728
-14.3512
3.45937
0.776417
-0.397615
-1.74904
10.5682
1.0549
-0.47916
-3.64779
0.581294
-73.306
0.0284188
0.152931
7.02475
-1.46019
0.118932
0.331711
1.22318
0.796245
-0.912737
-0.846332
-3.40597
0.322154
-3.05941
3.10364
2.72218
-0.57351
0.929872
-2.36303
-0.369706
-0.181695
0.0902776
-0.725891
11.3393
-0.394768
-12.5042
1.23875
-14.99
0.401319
-0.803277
-0.43342
-0.524803
-4.53264
54.9139
0.54579
-0.985598
-0.0777406
2.71795
-0.290758
-1.2097
-1.19776
-0.897061
5.20609
-0.344677
-0.605336
-2.34037
0.842107
4.21309
-1.59722
-0.80133
-58.4476
0.0916576
-0.310958
-2.51071
-0.286955
-1.44987
-1.15555
4.64357
1.11532
2.7434
-1.8183
-1.97107
0.0985972
-7.56017e-05
-1.5499
0.38959
1.16954
-0.37612
0.366519
-0.548013
-0.110499
0.0703334
-0.575691
3.8184
-1.37418
0.442293
-0.412838
-5.7705
-0.54939
3.66626
-55.7923
5.1202
48.9924
14.5797
0.178158
0.360201
-1.03614
-0.671426
-0.260445
-0.350073
0.431101
0.207012
0.255006
-0.208386
1.54255
-0.881079
-0.196365
-4.89907
4.81238
-1.14299
-0.299915
-4.2274
0.286201
-2.2606
-2.42669
1.23036
-0.0613865
-1.71626
-0.379724
0.356284
-1.79082
-0.845399
1.13848
-0.51824
11.0399
0.937
-1.39847
16.4219
14.9194
-4.44369
-0.662361
3.67357
4.65905
-0.0554781
-3.125
-0.0749919
-15.6313
58.3248
0.511607
-0.771233
1.55218
0.0442538
0.555006
-1.39405
-0.631313
1.92351
-0.100838
-0.80025
-0.315298
1.61014
2.63731
0.8254
0.457787
0.865259
0.822779
1.73617
-9.66824
0.487915
-0.177372
-0.622139
-9.05725
0.199071
1.62991
4.18076
3.27206
-2.87848
-0.650649
-1.20282
-0.00340157
-0.444701
-3.9224
0.163019
-2.05801
0.443398
2.18718
21.6338
5.06223
-3.404
0.209818
2.11557
3.52186
-1.33711
1.07784
-10.1618
-1.29853
17.5684
-1.91679
-0.0581035
-0.898362
0.0229606
3.00789
-0.152831
3.53789
0.629233
2.06188
0.363261
1.57138
-1.06581
0.0757766
1.03596
1.62214
4.4936
15.3669
1.45215
0.268566
-0.327508
0.274885
-2.40395
2.06988
1.16591
-7.50155
0.967228
0.52929
-1.08901
-1.72117
0.709226
-0.28019
-0.765032
0.0366441
-2.28975
0.143845
0.967147
0.0378166
-6.52975
3.30613
0.447288
1.46831
3.90644
-2.47153
-8.47007
8.38716
0.367327
-4.84598
3.39168
9.28333
0.147887
-1.64461
1.16378
0.21592
-78.8488
-0.261943
0.946251
0.362749
-0.221688
0.390991
3.34316
2.36631
-0.186945
-3.18045
1.55034
1.1687
-0.911329
-0.642167
-0.143545
0.514177
-0.613735
0.784607
0.257491
-1.80948
0.750115
-0.593995
0.891624
-13.5654
1.8533
0.739704
-0.423616
-1.33855
31.8926
-1.03527
0.156552
0.00953706
-91.0107
-5.53368
1.37075
-0.672971
1.00465
-12.6765
-1.16503
-4.54015
3.21014
1.20494
1.77466
-1.51701
1.33001
-0.264015
7.33295
-0.524705
-1.27133
3.24794
-0.692147
-2.89577
-24.5578
0.605224
-4.44034
-0.324508
2.32841
-1.55513
0.943062
-0.265586
0.765705
1.94918
62.3028
0.0437856
1.67314
1.95224
-0.556884
-0.646511
0.414341
-0.0477883
-0.370951
0.373207
-1.01952
-2.11419
1.29622
-0.754333
0.990252
2.31369
1.32482
0.969654
-4.30814
-0.66779
-11.6905
-0.828691
0.0959146
0.0342165
-0.11463
-1.59954
-2.61071
-3.45174
0.394829
0.797809
0.425239
0.758051
-0.113767
-0.608412
2.03081
-0.159126
0.101947
-0.670115
-0.159132
-0.297204
-1.93161
0.831509
-7.4341
0.487941
-1.73407
-0.626402
1.99194
0.797042
-1.42621
1.05787
4.77825
-0.932954
-1.02585
0.134914
-1.68331
-0.0358808
1.85498
2.3874
-0.356317
11.2136
13.8345
-1.06898
-0.182798
0.502597
8.29518
-2.18378
-0.00409447
-0.305629
-2.30075
-0.198174
-2.18424
0.606096
-0.200467
-3.17435
-0.217515
-0.749982
-1.27466
1.87106
-25.5009
1.67946
59.8918
3.18171
-0.99838
0.770823
0.832743
1.79926
1.49519
-0.111407
-1.13705
-0.255654
-4.48118
1.19515
0.515352
0.474321
-0.271657
0.240625
0.60879
-1.58707
0.385246
2.06525
1.70803
1.49744
1.37794
0.173974
-2.71028
0.0751938
0.1809
0.0795772
-0.0331588
1.32698
0.723095
1.12475
-13.6606
-0.576171
-1.5754
-0.919482
0.0140252
-2.46301
-1.50671
-1.46905
-17.2707
-3.26073
-8.8966
5.73643
-1.38467
-0.465354
0.283926
3.93408
-0.1385
16.5131
3.97054
0.383142
-1.03442
0.3944
-3.31665
3.27647
-21.0751
2.60464
-0.896609
-1.22897
-0.902772
1.30604
-1.19076
0.341263
5.93454
-3.92252
-0.340517
-4.04542
-4.34034
-0.466574
3.48184
0.983968
9.25984
-0.349354
-0.338853
-2.89427
-4.1526
0.977401
-0.393964
0.406992
-0.806022
-0.637753
-0.247574
0.46591
-0.197617
1.09835
-1.45776
0.330468
-1.70075
0.436163
-3.12156
2.09766
0.924332
1.23335
3.45015
1.18517
0.241718
-0.0965769
-0.291309
0.437075
0.122142
0.317828
0.608819
0.973689
2.88724
1.96397
12.6277
-0.197174
-1.92816
12.9599
0.308633
0.338222
0.572006
2.3329
2.95384
2.18447
-4.45635
-2.86308
-0.238163
-1.06395
-1.20857
0.790058
0.0815852
1.64685
-3.5229
-37.8539
-1.51409
6.53613
0.431117
1.0284
-0.225939
-0.332759
7.74934
-3.20998
0.211728
-0.847969
-2.95693
1.41961
0.245209
0.473992
0.235714
1.4951
1.53755
1.03895
-26.245
0.181172
-0.432132
-0.167327
-2.74891
-0.965538
0.200686
-3.10822
-4.0277
4.3827
-0.0337681
1.47436
-0.363232
-0.786835
0.12951
2.72318
9.83573
4.23061
0.880693
-0.368444
0.803257
0.14439
0.194508
0.405696
-0.000613194
-2.78656
-13.2637
0.149488
5.57214
-1.62702
-1.30029
-0.194115
12.0908
0.26641
0.469003
-0.403766
-2.04234
5.39232
0.92095
-0.501658
1.14007
0.933882
-1.43333
-0.457686
-0.587516
0.420232
-0.292541
-0.672997
-0.849999
0.876096
0.177107
0.255335
30.1322
-0.534505
-2.07861
0.89539
-0.241576
1.27278
10.4875
-0.443019
1.99563
0.0915604
0.797238
-0.0608188
0.889876
-1.63266
1.38506
-0.0975775
-0.922694
7.33786
-13.178
0.132331
0.0456904
0.0633354
-1.54278
0.283035
1.30159
-2.09443
5.04352
1.3415
-1.23983
2.30221
0.134884
-1.11437
-0.625126
5.71993
-3.69855
-0.181456
-1.32867
0.445985
-0.0592974
0.208652
0.928295
-3.2536
0.503617
0.675315
-0.977855
-28.1975
1.49268
0.938216
0.122021
0.567082
0.598925
-0.668047
21.1859
-0.934417
0.654345
6.78202
-1.05782
-0.68782
0.53071
0.52534
-8.22456
-0.257687
0.563314
-3.78391
-0.94935
-0.821303
-0.425107
-0.104013
-0.285831
1.04706
-0.331123
-0.43104
-3.62552
2.61064
0.697748
2.31664
0.0355908
-0.516939
-4.15945
-1.61741
-3.34601
-3.99621
11.3483
-0.332797
1.45134
0.764022
-1.13287
-1.00812
18.5162
0.0810715
-7.41609
1.72126
0.517647
-0.270239
0.713708
-0.268086
-4.05319
-0.983418
-0.818088
-2.18245
1.59304
-3.92635
-0.108991
3.76166
7.50524
0.147162
-0.763656
-0.489991
0.534428
1.83957
-7.47464
2.42679
0.931783
0.0481199
1.25034
2.27746
-0.955441
6.88505
0.159388
0.569834
-1.13955
-50.6886
142.472
1.57156
-1.85923
0.524658
-1.17682
-8.0526
0.355918
-0.78108
0.320407
3.20315
-2.95707
1.10323
-1.08616
-13.8338
2.24165
-6.50986
-0.203232
-9.78994
-1.84757
-4.88233
1.90793
0.236069
-1.19684
1.53704
0.784999
0.458534
-1.76394
-0.079709
0.935437
-25.7677
-21.7442
16.9106
-1.36512
0.18119
1.80624
0.622472
-2.13052
-2.72198
-2.15641
15.7764
31.6685
0.317066
-1.33378
0.360035
1.02916
0.305867
13.9098
-1.81646
2.07474
2.84524
3.18317
0.820096
6.7019
0.1765
-9.13356
-2.18257
3.53252
-1.20516
-8.35817
0.343545
0.711722
-4.43882
5.54991
-1.14019
-0.396454
-0.467113
0.406266
8.79372
0.705578
2.55895
-0.35288
1.18902
0.0734805
-0.1782
-0.155345
-0.461911
-441.988
0.590595
0.513281
1.14077
0.374451
-4.15444
-0.965909
0.137427
1.78522
5.99697
1.67463
-0.686313
0.24135
1.0727
-0.335518
-0.0995724
1.83063
-4.46977
1.1626
4.12246
-0.0996077
1.96844
26.6127
-0.699976
-4.97773
-0.785259
0.374886
1.1173
-0.569024
1.77026
-0.469503
-469.137
-2.46055
-3.37604
-0.62901
-14.4061
-3.9096
-0.227655
-4.07325
3.77645
0.659474
-0.34967
-0.315288
1.15417
-8.76516
-0.707119
-0.673256
-0.536323
-3.25103
-0.688854
1.81752
1.41523
0.59176
2.62908
-0.528066
-0.383831
-0.258203
-0.129049
0.859912
0.0397549
-0.167553
2.32757
-1.75203
6.35663
-0.214008
1.51282
0.762264
-0.935315
-0.61486
0.238003
0.763019
-1.84727
-2.62525
-2.7285
-0.806482
-3.81826
0.127445
-0.576028
-1.87369
-0.0557172
-1.97442
2.9453
-0.700887
0.546749
-0.272415
0.0167702
2.38614
0.122595
0.186164
-3.75766
0.233451
8.67436
0.879265
0.449915
-6.91375
-1.02156
-1.58478
1.84377
-0.458766
1.50205
3.07847
-0.0636685
3.4944
0.0410944
4.29075
-0.5457
2.80173
10.9396
0.544696
0.214916
0.23941
-0.426498
50.9916
0.471385
-0.954064
-2.10462
-1.21622
2.83555
1.55814
0.941796
-13.4219
0.575624
-0.960208
-0.182224
-19.9846
-0.975308
-4.155
0.48604
-3.34709
1.39956
0.199001
0.254328
-15.7187
0.126386
1.18707
1.99691
2.28522
-1.83608
-0.804927
-78.5688
-0.511537
-41.643
0.531744
-0.196169
0.861823
-5.553
0.447987
2.84844
-0.203183
-0.639162
-0.998054
0.968651
1.10086
0.618443
0.16622
0.714356
-0.456805
0.728073
2.408
0.592757
0.749351
-1.93528
0.0644603
-0.16651
-2.09908
-1.73445
0.272288
-6.39203
-0.209811
0.687767
0.0103027
1.23946
0.585851
-0.993096
-0.650518
-1.3632
0.446218
0.0505637
26.5752
85.9203
3.70272
-2.43551
-0.79662
-0.145206
-0.629141
0.199292
-0.271555
-13.5303
-0.113025
-0.497174
16.1594
0.418023
-0.183749
-28.7901
6.27595
0.0903359
5.33432
2.60443
0.429311
-4.98823
0.628213
0.750408
-0.0390905
0.924769
-2.31615
-5.61519
3.16381
2.3039
0.140781
0.0741686
-3.56488
0.974741
0.173265
0.653663
1.12008
-0.103468
0.0654527
0.566172
0.221867
-0.131708
-1.36148
-0.628171
3.90798
0.0917475
-0.0284762
0.462953
6.81859
-1.27333
0.694858
4.60597
-38.2932
0.778289
-5.34055
0.236041
0.275026
-0.0950964
0.780138
-1.71849
54.933
-0.383667
-0.129473
-2.29208
-0.511524
0.913171
0.973534
-0.327455
-0.297219
1.6698
0.784988
118.174
-1.54764
-6.9253
-0.472858
0.0719972
-95.2101
-62.1921
-0.201487
0.0955507
-0.96679
-7.98113
-6.92416
-0.383782
-0.433447
-2.14395
-0.733439
0.471118
0.501237
0.668229
0.0355876
-0.32175
-0.23836
3.17
-0.162607
-0.0584684
-2.61731
-0.878211
0.88401
0.643604
-0.365083
10.2393
0.0369022
4.43449
0.434027
-1.69435
-0.077323
0.0639283
1.55781
-2.46904
0.623887
-1.79554
1.08021
-0.312288
-1.45473
1.05194
0.392715
31.4873
-0.857229
6.33318
0.769055
0.698507
-5.65846
16.6711
0.0450478
0.941259
1.70982
-0.0402702
1.05208
-3.12244
1.88574
7.56183
-0.232534
1.91768
-3.81482
0.890797
-0.53722
7.91933
1.90471
-2.60176
-0.176975
-1.6508
0.361037
-0.504546
-0.104882
-5.17577
-0.17955
-1.90299
0.287298
-0.934715
4.34779
-0.412839
-0.999263
-0.144044
-1.01929
-2.08738
0.0091726
0.938957
0.396122
0.470869
0.396186
-0.124197
0.575835
0.602101
-0.719107
-0.832927
4.10386
-18.3052
0.938951
1.10835
0.627162
0.764956
-0.427483
-0.326596
0.291428
-0.910359
0.647273
-0.0961086
-1.35936
2.57999
0.591073
2.13248
-1.37646
-2.60562
-5.72417
-1.13234
9.89308
20.6673
-1.29192
-3.08103
-1.04743
6.98353
1.38057
-0.118313
-5.37635
-0.70799
1.74374
-0.0960581
-1.34357
-5.05193
-1.00706
0.746559
-0.360018
-0.353503
-2.23773
0.565006
0.568666
-6.23557
0.392025
5.91632
-0.609042
0.362238
-0.32271
2.14283
25.8196
0.292972
0.48844
1.25062
-0.587385
0.282493
2.82482
0.478616
0.12181
-7.06784
1.10974
1.11156
-2.6626
-0.369356
-0.548735
0.912638
0.300297
-45.2576
-0.283591
-0.880942
-5.3011
1.79263
0.516961
-4.73079
-3.95963
-2.905
-0.796068
0.487657
3.06307
-21.786
-15.3082
-0.176576
-2.3803
0.725263
-0.716867
-1.80071
0.244005
-0.387066
-0.641857
0.0833423
-11.9882
-0.58461
1.43326
0.34244
129.648
0.140775
0.107013
-0.240349
0.464953
5.619
-4.00614
-11.2028
-14.3747
3.54766
-0.791372
0.0228949
0.180082
13.5255
0.952589
-0.520193
-0.331145
4.97696
19.3265
0.139649
-0.342193
-0.0518555
0.644176
-13.0261
0.389883
1.2218
-5.64719
-0.288925
-0.171312
-0.372715
-0.657964
-2.77773
0.647091
0.0673844
3.00498
-9.89252
0.526086
2.64318
0.628248
-0.446341
0.387151
-5.06323
0.344661
-1.4379
-0.491866
2.8676
0.606661
-3.43368
-0.984353
-5.82714
-0.224115
-1.54059
0.133562
-1.89404
-43.7054
0.259768
-1.05315
-4.67626
8.39635
-5.83742
0.233623
-0.309305
3.86653
10.1285
0.305346
-1.10219
0.0362231
0.0226492
-2.22433
0.371241
0.303075
-0.625945
-3.75077
-0.141067
2.06383
-3.40472
-3.56471
4.75168
-0.68152
0.311239
1.48364
-6.11676
0.406572
0.0199253
-0.54987
0.0514025
1.94061
-4.84872
5.62945
0.110116
2.90966
-0.433981
-0.685894
1.49814
-0.198731
-0.341703
-2.0803
1.6245
-0.537926
1.07853
0.697496
-0.264203
0.323884
-0.0629584
0.311191
2.59131
-1.87906
-0.620146
-0.596674
1.62896
0.617681
0.107644
0.737876
-0.698391
-0.531684
0.0247051
0.539301
1.08744
-0.0204719
1.32461
-0.230233
3.05621
0.416153
3.80959
-7.7558
-34.0182
0.601088
-0.242481
-1.81934
0.810659
220.568
-0.431985
0.0880402
0.778582
-0.305986
5.20104
-0.105312
-0.280085
-0.373576
0.0457275
24.8114
-0.430823
-1.5393
0.320328
0.299886
-4.14079
-0.993245
-0.141164
0.190357
0.571002
3.06021
1.3691
0.951054
6.77674
11.2121
1.95947
-0.825312
-1.07955
-7.23963
0.0785724
-1.10485
0.691938
4.93981
-0.115502
-0.328776
0.082188
-0.861663
-0.503205
-0.0757458
1.45952
1.42666
-4.01673
-0.157116
0.0621334
0.158438
-0.298529
-0.525133
-1.39382
-1.44987
-39.6226
-0.222257
-2.25873
-1.1127
-16.4338
-4.52769
-0.038482
-2.25119
-0.778862
0.222677
0.296549
-5.63421
0.109086
5.31004
8.90771
-2.14484
1.60286
-2.059
3.22981
0.869331
-11.8311
-0.451622
0.720804
-0.45094
-0.163138
0.0242057
-5.09951
-4.96871
-1.19344
0.254624
-0.736989
-0.0360131
-10.3598
-2.64075
-1.72562
66.8502
-4.37089
-1.76125
-0.101613
-1.04521
-1.70378
0.572432
-1.90386
0.325313
3.57424
12.1052
-0.931107
-1.02035
-1.76664
0.762622
-1.86484
-0.525135
-2.67778
-0.0918759
0.0281974
0.952952
-0.910218
-7.22638
7.19673
-1.63473
-0.0469231
0.387875
-0.00587004
-1.66939
-2.99131
-3.33955
-1.4481
0.897658
0.28617
-0.190605
-0.102071
-2.32904
0.0125349
54.4684
-0.894612
-3.30601
-0.64349
-1.63439
4.01052
-1.89391
0.403751
0.7089
-23.687
0.471134
1.9208
0.0371229
-1.95356
-3.87767
-0.0276506
0.0195386
-0.743899
-0.214072
-1.54886
1.93326
0.484936
-1.52202
0.843623
0.569944
1.12803
-0.568043
-2.35265
0.729043
-0.459664
-0.798429
-2.63092
-0.390202
5.33776
-0.144809
-0.00425952
-0.124778
74.4978
-4.72673
-0.236531
-0.129067
0.533049
-15.5993
2.25459
0.0652709
-0.105324
-0.185765
-0.0385731
-2.01461
3.26235
1.00144
-14.3153
-0.0938628
-10.5732
0.139786
-1.29138
-1.64099
0.693908
3.84997
0.508787
0.0772126
-0.825047
-5.66122
1.35848
-5.66323
-0.381803
3.53536
0.0383589
0.50429
-0.513847
-25.7138
1.1493
0.671995
0.432314
1.91733
0.351656
4.27841
-0.205163
10.8189
-12.0995
-9.01771
0.200595
-41.4791
-0.207231
0.500814
0.4718
-0.124729
-0.750769
-1.05454
-0.0783162
-0.754261
0.215502
-0.744366
1.43887
-12.2113
4.55081
4.0214
0.624937
0.534098
-0.945697
-1.54698
1.23428
1.659
2.8234
0.145414
0.480995
0.213608
1.04199
1.25855
-2.23885
1.12815
-0.999163
1.93434
2.28372
53.1995
-0.342281
-5.57585
2.80317
-0.24461
-0.27037
-10.841
-1.33659
-14.4208
-0.445552
2.65
-0.148441
0.43685
0.122632
-2.62434
0.252042
-0.653404
-0.558408
1.02652
-1.83693
0.28699
-0.659085
-0.665824
-1.04691
5.00846
1.24787
-1.81565
-0.144515
-0.061752
0.257128
-0.224579
0.905719
0.64231
-5.13245
1.70588
2.62025
-1.02454
0.727338
0.0852444
1.33013
-5.81282
1.32612
11.8522
-0.396366
10.2772
1.30697
1.58542
-0.151948
-0.822031
-1.18079
1.62706
0.0796999
0.0558544
-0.603921
0.197541
-0.389592
-0.577145
0.149948
0.481341
0.274989
0.276563
0.208
-2.38423
0.0374972
1.80028
-1.07559
3.51192
-1.715
-4.57335
0.49739
2.14789
0.371137
8.05091
0.398015
-9.89843
-0.405667
1.67459
7.50421
-0.434018
-0.542206
2.06174
1.08105
-7.0658
-0.921149
-0.559374
0.418418
2.01579
2.13312
-2.05071
6.5852
-8.78
-1.0318
-0.28186
0.632085
2.93868
1.02022
12.836
0.545288
1.25877
-46.6042
-0.611069
0.0110092
0.424909
-0.0272016
0.949862
9.85135
5.99087
-2.91987
4.23551
1.31241
0.366437
-1.67641
-0.992975
28.401
0.233829
-1.14144
-3.15828
-1.71466
6.95147
0.534726
-0.976449
0.733949
-1.63715
0.609231
1.97174
-5.01296
-1.50329
0.330816
0.427826
-3.66722
0.449864
-1.88429
0.602355
-0.56217
-1.00917
-2.50722
-1.15176
-1.27166
-0.76464
0.286695
-0.490477
-0.386054
0.183007
-4.09279
-0.301535
-0.919436
-0.763969
3.55259
-0.145154
-1.26437
0.267196
-2.22532
0.345672
-2.95434
2.9882
-0.367368
1.22958
-1.30236
0.315269
1.55992
17.3905
-1.13556
2.27006
-2.05971
2.41425
1.38732
-0.507727
1.68522
-5.07019
-0.144432
-1.00764
13.1706
-1.04058
-0.232109
-0.751303
2.37592
0.543282
0.879936
4.12888
0.321257
-0.274502
0.206087
0.606418
-2.10104
2.1073
6.83038
-1.70576
0.652708
-1.18034
0.309916
-0.727946
-0.189504
1.55821
0.00814328
-4.53736
-4.45398
0.532584
0.321886
-1.69769
0.953039
-0.860937
0.195537
-1.59223
0.148153
0.425897
10.6048
-1.58412
0.539553
-1.10881
-3.3467
-7.20749
0.123281
0.133987
-58.9664
-1.73319
17.3332
-2.45237
-0.0504939
-0.513854
3.42607
-1.66646
-0.901767
-1.03022
-4.44769
1.52476
0.22002
-0.593362
3.06067
0.0187013
0.472601
13.5421
-0.618095
-0.214068
1.19642
1.82648
23.8744
0.0996464
0.233236
-0.737923
0.115343
0.278742
0.801913
32.7722
-2.32968
0.399138
4.2377
-0.621967
-0.844086
1.25573
-0.368602
0.359878
-0.0466503
-1.68022
-0.514204
-2.15776
1.39509
-1.70819
0.912412
22.7836
-0.876245
-0.141008
2.91838
0.0881377
-0.708639
-0.348832
3.44223
-0.945487
3.5627
-0.954493
5.03922
-1.32576
-0.0166519
0.21806
-8.13817
0.625939
-3.19788
1.21644
-1.9206
0.189363
0.765502
-0.251979
3.44667
0.0102899
0.666598
0.261493
0.0791352
-1.52477
1.17565
0.183446
-1.91922
1.03096
1.51556
1.41874
5.2275
0.122142
23.0409
0.398129
-4.24944
-1.07956
0.555761
2.8405
11.0001
5.08062
-0.355649
-0.213053
-0.630581
-0.701062
0.700001
-3.53354
9.35614
1.47566
0.471613
1.27078
-26.7653
0.607692
-1.49425
0.211368
-0.173232
0.381555
-0.44097
-0.177308
1.82254
-0.910219
11.5171
1.54424
-1.33681
-1.58551
5.26593
-2.84025
-14.8554
0.0806835
-0.588076
-15.6294
-0.741733
-0.761747
-3.39363
0.636231
0.695738
8.27663
3.20438
0.286463
-0.639872
-0.29215
0.436668
3.40243
0.328562
0.844664
-0.499269
1.24361
-3.60277
18.6497
-23.4518
0.757489
0.0905181
30.0864
-0.581934
-0.41984
3.37866
0.309687
-4.18733
2.39409
-9.36275
0.421926
-3.7299
0.503496
-1.27946
-0.366966
0.876454
0.895082
0.137381
-2.24789
0.481782
1.61007
-1.02033
-0.0053847
1.57769
-1.04234
1.7748
-1.19694
-0.742943
1.3442
-5.75732
-1.16425
0.555802
0.364173
-0.607185
0.241374
-0.114176
0.275945
0.708284
-0.145161
-3.27499
-6.06019
-0.385949
-0.914653
0.752777
-0.541153
-3.64612
-0.019648
-2.91977
-0.161781
-1.27429
-2.86384
22.4755
1.29963
-0.0754221
7.17645
-1.34512
5.04436
0.00706804
2.24908
0.713009
-1.56326
1.79858
0.0537777
2.14919
-2.51405
-1.35364
0.231173
-0.899526
-0.422906
9.44055
0.0235269
-0.546975
0.189498
-0.452152
-0.0464076
-0.243607
0.231273
-1.273
-2.20641
-1.25342
-0.0730935
-23.4602
-0.863405
-0.369818
-0.372837
-1.17247
2.01556
1.28072
-1.72431
-0.160124
1.32249
-0.449788
-0.458002
1038.74
2.45284
-0.0469252
0.108176
-0.757396
0.186817
1.63191
92.1884
2.97995
-1.5119
-23.1393
-0.47828
3.28115
-0.248008
17.8487
-0.860469
-3.12207
-0.0875189
3.4166
-0.2052
0.250676
-0.603352
3.70359
-0.79525
-1.36686
-0.221105
0.454562
0.197947
-2.7164
-10.2006
0.241818
-1.93862
-0.653889
0.198907
-3.90621
-0.0966589
-11.3037
0.581817
1.12297
0.192051
-1.75534
-1.27657
1.19214
-0.746179
0.908268
0.720531
11.482
0.372967
-1.33516
6.03753
0.699759
5.22186
0.0315414
-0.442528
-0.0107751
-0.701276
1.33583
0.317432
1.17888
0.823345
-3.3866
-2.90723
-1.9464
27.0934
2.19704
-1.11892
2.03096
-1.64388
-4.34394
0.0315501
-2.06622
-0.106475
-0.463383
-1.09947
0.997781
0.125289
-2.34751
-0.0609485
-0.235342
10.9639
-2.43279
-1.24754
0.522208
-0.138373
-0.435176
2.90019
-1.85444
-1.29035
-0.0967615
7.67034
-16.2979
1.37565
1.46073
1.34523
-0.678872
3.41076
-5.89075
2.53204
-0.733872
-1.58827
-3.22844
-0.010472
1.29622
1.74567
-2.90932
-0.00891769
2.29881
0.286366
-1.16607
-1.54569
0.569504
-2.34487
-1.24864
-0.572203
0.031028
155.172
11.9338
0.757868
-0.784106
37.2203
-0.557835
-0.473586
0.473834
-1.25417
-1.10996
-8.22146
-0.894693
-1.24561
0.324627
0.1513
-0.209039
-0.808273
-0.47335
0.187977
-1.12662
2.61568
1.87812
0.0425458
0.527715
2.48277
3.62524
1.56116
-0.316139
0.601173
0.599271
-1.02927
1.59548
0.523974
-17.6512
0.702637
3.24042
0.336175
6.31401
7.52686
6.33228
-0.357314
0.614205
10.9239
0.309769
2.03284
-0.166748
1.42581
0.735128
2.51035
-2.51698
-0.889799
-5.41226
-0.866352
-0.468946
1.2212
-0.56365
9.22595
-0.802023
-814.367
-2.67897
0.349734
-6.91386
0.0333235
-0.69895
6.7589
-16.3192
0.116929
3.89909
-1.86914
-0.936136
1.58749
0.97378
0.440654
0.519402
-2.16866
-0.544783
0.0463334
0.452417
-32.8784
-0.0783507
0.349711
2.12915
-0.49829
1.82983
-0.319638
9.19017
0.0389043
-0.394198
-0.697867
0.53726
0.280686
0.522824
-1.60252
-1.30787
-0.569181
-0.739543
-4.50724
0.245412
-0.788945
-0.236001
0.248778
1.38664
-7.90434
0.510902
-5.53364
1.64619
1.73808
3.17341
-0.229128
-2.78737
-0.573957
-1.25548
-0.499982
-0.585497
0.37013
0.0993579
0.61233
-0.349843
-0.377508
-0.371622
0.362227
-1.62379
17.2628
-2.17494
3.21152
1.05973
2.10062
-0.542695
2.04516
6.75357
2.27603
16.9783
0.868975
-7.10632
-0.420613
-0.593942
0.42267
-41.6077
0.335353
0.5649
2.68448
-0.0593877
0.229664
-1.02041
0.242474
-0.239146
-1.09004
-0.382772
0.861182
-0.377762
-0.611467
-0.40738
1.31173
14.4314
-4.14218
-3.92498
1.65418
2.6747
0.820748
3.85949
0.810656
16.6499
-0.132859
3.2691
16.6519
8.86572
-0.28811
0.300356
-0.924073
-1.10509
2.53267
-0.38366
-0.108404
0.864924
0.790065
-1.51708
14.7945
2.12668
0.0338012
-0.410734
0.334307
13.335
-0.696049
-0.123173
-0.00253249
4.41447
1.85344
1.27318
8.92595
0.548225
2.83514
-0.71556
-0.619619
-0.81584
1.19292
0.273669
-0.908975
1.2917
-0.925056
-0.397908
-8.19309
3.71552
1.25432
-0.52006
8.7678
1.80943
-0.753875
13.0563
0.0180917
0.675255
4.80129
-2.0359
3.45485
-0.093762
-1.63341
2.74322
-1.14612
4.47017
0.260782
-17.364
15.021
1.22125
1.41992
0.143171
-1.92972
1.50941
-0.83847
1.23392
0.202375
7.82191
1.13423
0.409328
-0.0828291
-5.69292
-4.79588
-0.860271
-6.45684
-0.263448
0.078338
0.247752
0.652387
0.428911
0.864076
-0.233111
3.97091
-2.66792
-0.00540252
-0.0545229
-9.63692
1.32668
1.419
2.60838
-5.75207
1.17377
0.819024
0.352818
2.30029
0.883595
-1.21063
7.91029
2.44532
-0.929257
-1.05085
-54.3704
3.054
0.0956942
-1.56397
15.2393
0.384506
-1.29312
-1.5632
-0.829954
-0.748173
-1.29674
0.908262
-100.007
0.479093
-0.10594
-0.198404
-0.143336
1.46693
0.712078
1.20481
-13.2693
28.6668
0.403344
-0.361248
0.364303
0.151646
0.219196
0.549182
0.321007
0.488262
-1.56936
0.789804
0.273185
3.78982
-0.137938
0.152744
1.37715
2.15387
0.292346
-0.832104
0.49985
-0.365384
0.940877
0.942589
-1.84478
1.83221
-0.123188
0.480291
0.342981
-1.64095
-1.46362
0.794333
-9.35172
-0.0326977
1.84271
-185.871
-1.16764
0.824443
1.01125
-0.593089
0.132731
0.445197
-0.220821
0.846556
-0.662468
5.85229
0.36845
4.04208
1.16998
-5.6456
108.931
0.0561514
-2.98092
0.406098
-2.93365
-1.73226
0.481555
-8.31457
-1.73312
-1.69383
3.2489
4.07357
1.34066
0.296402
-2.02816
0.671415
-15.3908
-0.429589
-1.45015
-0.913319
-0.278168
-0.274906
-0.579962
-0.840251
0.677138
0.429608
-0.197424
1.87425
5.23168
4.89961
0.261598
-7.55866
-0.730982
-0.00796646
-2.18557
6.59957
-0.452323
-1.59552
-2.01905
-0.137836
-1.05747
-0.237547
-0.126049
-3.83613
-1.84184
0.54623
-1.65872
2.14217
1.23241
-0.238501
14.5946
-2.19219
0.139759
-1.11832
0.21072
-0.0385756
0.0734638
-0.236938
1.18308
0.432452
-2.7316
1.18938
-1.10868
-0.207528
-2.52437
0.774715
-1.90873
0.477776
-1.42405
-1.51663
-0.853251
4.64774
-3.81695
-2.26947
2.11574
0.102577
1.19368
0.174552
0.767316
-0.463126
-1.30136
7.71174
0.199841
4.0238
-0.143606
1.44802
-1.01634
3.73339
0.0362042
-2.92807
2.68789
-0.81683
-1.67868
-11.3828
0.111027
0.11264
-3.00566
-0.711668
6.67377
0.40628
-2.30675
0.963612
-7.84972
1.28455
0.587779
-0.658562
3.25714
-1.04979
-0.683387
-3.32222
0.274173
1.11179
0.703699
0.532478
-0.481229
-1.05467
0.199754
-0.517378
-1.84445
0.668787
0.200874
0.0832903
-2.79773
0.413582
-1.0597
0.464733
-0.766356
7.10616
-2.59927
0.395499
1.7755
-1.56401
0.464266
2.01061
2.00683
0.589666
-2.78394
-0.652883
0.858617
-5.24176
-0.226187
0.685116
0.290962
-1.14984
-0.897793
-0.356274
-0.951902
12.9286
-0.00226302
0.380618
-1.13446
0.266084
-0.222341
1.5889
3.45266e-05
-0.713725
-0.70997
-5.23631
-0.823305
6.42372
-0.25631
0.0256316
-0.480729
19.3593
-31.406
0.519911
-12.0918
-0.594463
2.30704
1.70545
-0.867899
-2.7461
-0.83386
-0.160386
-0.197023
-8.03772
-0.599125
1.41231
1.70629
-0.556331
0.106137
-1.38099
4.26158
0.694202
-0.266251
-0.674451
0.473864
1.79562
-6.16793
0.0636523
14.4394
-0.0945115
1.02405
-0.302914
0.686582
-0.191218
-4.41085
0.0603177
1.26813
-0.346587
0.761676
9.88813
-1.39939
1.16198
-0.0882361
2.43704
-95.6636
-0.274329
2.1333
-2.06552
0.443235
1.22074
-0.631109
0.652065
0.445533
0.0921309
-0.812767
7.2639
-0.567765
1.18995
1.43014
-0.161989
-7.19325
3.44515
-0.353544
-1.36239
0.514564
-0.326286
0.788696
0.189571
1.33283
-4.24842
-0.73695
-0.598321
-2.6144
-1.05527
0.621188
-0.921682
1.45918
-0.0826238
-4.58406
-0.361882
0.539857
0.900421
9.86593
0.81692
-5.77319
0.299232
-0.546642
-0.61272
-1.49133
3.92651
0.0307704
-6.03503
0.211832
0.273729
-2.2715
2.14108
-0.606986
-1.51074
-1.03231
0.0112964
-1.7401
1.8359
0.182064
-2.62041
-0.989452
0.598986
1.1089
0.767597
1.15502
-0.186935
-0.101445
0.48939
4.12904
-1.61863
-0.252266
17.3203
0.391038
-0.296802
1.02282
-3.64368
-5.03002
0.464331
1.26675
-8.93134
-5.11434
3.24393
-1.11473
1.77961
-0.472696
9.26892
0.21907
55.3476
-34.4116
-4.50239
0.541357
-0.908203
-0.122227
3.96735
0.123662
1.27949
-1.25197
-5.58771
-0.253594
1.4061
-1.44752
-5.36708
-1.63562
-6.25048
2.81331
-17.4636
-14.3597
-14.0373
-0.230611
-0.853503
-4.15843
-0.0837922
-1.11948
-0.90902
-0.748552
-1.02327
2.031
-0.147217
-1.7221
-0.839835
-0.100975
0.434611
0.945196
0.306039
0.499703
2.24053
-28.3896
2.50697
-2.62781
-1.43592
-2.62257
-0.0354985
1.48152
0.139288
-0.74667
-1.82245
85.2497
4.92723
0.5945
0.255043
0.270215
0.459725
1.62703
1.68966
-0.0475017
0.503998
-3.35919
1.58718
3.74711
6.84352
3.96053
-0.773804
-0.885554
-0.14241
-0.614272
18.4099
0.160078
-0.685068
-0.839563
-2.497
0.478111
0.696107
41.808
-0.882562
0.734601
-3.26472
1.17512
2.2308
-7.17919
0.199562
-2.36134
3.8111
1.14145
0.215072
1.15823
-2.39666
-1.33692
4.92695
-0.557807
0.44997
1.67907
0.930256
0.935165
-2.02901
1.22288
-5.86786
-0.302351
0.221774
4.10715
-0.0965342
5.72042
-7.76422
3.91556
-0.30636
0.365866
-2.01602
-0.0833354
-0.354129
-1.4166
0.349441
0.217916
-5.15788
1.37633
0.026838
-1.80176
0.345235
-0.78857
-0.968566
1.25026
4.51429
-0.289517
0.326654
2.03457
1.06138
-23.012
-17.2856
0.259814
350.548
-0.925261
14.7171
-3.30585
-4.77867
-2.258
1.50042
-4.10016
-0.190466
11.6971
-0.675427
0.596545
-3.36762
0.815321
-1.79419
10.6092
0.701754
-0.525329
-1.08774
0.907896
0.913489
1.16593
-0.160479
-0.249995
-3.47558
-28.8359
0.966688
0.632963
0.717166
2.88156
-0.232817
0.0693132
-0.44161
5.18096
0.204223
3.01563
13.6129
-6.70288
-1.62117
0.0817288
0.450658
-0.859305
-1.56643
-1.87973
-0.258928
-0.352158
-46.9183
10.5947
0.419149
-2.12414
-7.96711
-8.82066
-1.24096
-1.75094
2.80973
0.538346
10.2985
1.18122
-0.994889
-0.0500792
-0.509742
-0.400309
3.73904
-0.627656
-2.06099
-0.174286
0.645624
-22.4123
-0.0221356
-2.44631
52.1967
0.0946333
-1.15172
-2.55834
0.764942
0.387304
0.302914
1.27054
0.228826
-4.59321
-1.62747
4.80136
-5.00617
1.52896
-0.000781276
-0.0999095
-0.0772809
0.664543
-0.384526
1.69809
-0.826112
0.49734
-0.523826
-1.10219
-2.16724
0.493126
0.271813
0.440129
20.3519
0.561268
-1.91718
0.937324
-0.103847
-213.257
0.962319
-1.72628
7.47764
-1.17548
-3.29917
5.30811
-0.347154
-26.8146
0.123812
0.813423
-0.55491
0.168832
-1.07521
-0.350695
0.824711
-0.245737
-0.907872
-0.798798
0.202887
-3.70322
-1.28059
0.862254
-0.617593
0.76285
0.140805
1.18229
0.897965
0.722289
-1.74742
-0.000814931
36.2174
0.235761
-3.31886
-1.10282
8.99045
-0.329564
1.05059
0.415469
-1.6874
-0.877086
12.0669
1.08533
44.7864
2.18633
-0.426232
-7.63426
1.59163
-0.644085
-1.00403
0.657372
1.12018
-1.22011
1.01721
-1.62453
-1.68169
-0.432944
1.08627
2.02959
-2.05655
-3.64689
-0.267053
-3.53305
0.571659
4.18832
2.45693
1.71692
2.12169
0.886453
0.825545
5.60585
0.775736
0.0659726
-0.206767
2.55081
10.5362
1.24958
-0.70869
0.6194
2.25113
5.10041
7.2439
-0.338597
0.452087
0.273452
1.32711
-0.575774
-2.79745
1.06495
-2.74124
0.0313056
1.00489
0.971197
-4.72057
0.690846
-0.16644
-0.456604
3.35568
-1.87265
-0.874894
-13.3206
-1.57936
-1.08538
1.22246
-2.20772
0.648213
2.09964
-0.803038
6.7693
-1.75157
0.166306
-1.52632
-0.694384
57.1658
5.49268
2.92957
-4.85005
-1.07769
0.253394
15.991
-0.369141
1.37765
0.843083
1.29273
1.41708
0.855145
-274.045
7.85459
0.568881
5.14876
0.0626282
608.068
-0.0924326
-24.3113
-0.65598
2.17501
0.648887
1.87815
-3.14634
1.34587
0.523226
-1.80582
1.59221
1.95892
51.0411
0.587317
-0.787278
6.7497
1.03599
-0.110124
4.63477
-2.90107
1.15664
0.158098
-1.71411
0.380689
-1.30079
-1.18938
1.10117
5.28026
-1.66512
0.342543
-1.11465
9.15441
9.05109
-1.25995
-33.2643
1.24962
-0.202034
-0.199989
-0.154961
0.0231398
1.05952
-66.8144
0.0267184
-0.564556
10.944
-0.311211
-5.38179
-0.518047
-0.0828914
-4.28285
2.8797
1.06824
0.271851
0.830115
-0.872033
-2.32212
0.879965
7.508
4.84879
-0.524313
-1.90228
0.236701
4.07819
-0.218999
0.140444
-1.65905
-7.28748
-0.826451
2.64428
2.08618
-1.01694
-0.389336
0.166613
-0.196872
0.178886
-0.643405
-1.19614
2.38467
0.81738
22.5189
2.71774
6.09738
-3.13832
-7.836
-0.830239
-0.316163
8.5851
-1.05443
-0.504327
1.79709
-0.448144
-3.02169
-0.268677
3.41542
-0.682943
-0.0104673
9.51289
1.33691
-1.1773
-0.251134
-0.952386
-0.608952
0.0569167
0.691836
-0.23384
1.77474
5.38261
0.383158
-2.82241
1.90347
0.644509
-1.99375
-0.789717
0.610462
1.32443
-2.31653
-0.955714
-0.0974029
-2.50024
-0.504599
-8.20146
1.40284
-3.34547
-0.00842151
-1.62409
0.485996
-0.289689
2.22332
-0.262208
-0.150605
7.08883
9.86838
-5.77099
-0.759454
-0.270284
2.73307
-0.0855701
3.13365
2.12841
-0.72864
-0.00214521
0.921111
-0.39291
-0.886162
17.773
-0.84338
-2.13486
9.66544
0.0556732
0.287599
0.808208
1.97977
2.79259
4.56972
-1.61281
-1.08918
-1.49002
0.205905
-1.29925
2.74542
-0.48242
1.10417
-4.50733
0.328423
0.267254
-0.673169
1.68462
20.6904
5.95081
-0.198119
20.3491
4.2774
0.516268
2.40762
-0.906451
-0.024211
-0.564749
-0.710907
-0.636494
-0.678563
1.67173
-1.36544
0.503399
0.531646
0.612273
-2.10885
-2.45394
-2.30418
-2.16045
-1.31344
1.02982
2.52309
-0.0473233
-1.10679
16.077
-4.73891
0.0154206
-0.465118
-1.44137
-0.0652431
0.408641
-1.23712
1.27774
5.64969
2.01707
-0.0750421
1.08186
62.0191
-0.211142
-1.06997
-0.0455639
-1.39804
-0.328067
-0.163679
-0.834587
1.01368
0.976283
-0.104728
2.23891
-0.184678
-0.814321
-4.99253
0.801817
0.739231
2.08589
0.680515
-1.87577
-1.30494
-0.362943
0.486673
-0.0238076
1.29253
-11.2928
4.1972
5.94176
-1.16121
1.60596
-0.576454
-1.69538
-3.45676
-0.40788
-0.930646
0.0373656
1.47904
-4.87366
-4.22615
0.540709
1.18536
-0.523451
4.48848
-0.603842
2.46513
-0.488905
86.2761
-0.430851
0.447301
-2.45241
0.31927
3.55773
3.30688
-0.858299
1.71051
-0.110111
-1.22217
0.176641
-1.33128
1.37545
1.11984
2.20774
-1.27109
0.00128724
-3.13342
-1.22575
-0.611632
0.242155
0.898587
12.3362
-0.835414
-0.159266
0.369131
-0.78117
39.205
0.128673
-1.15623
0.86789
2.36551
-5.72028
-0.00324673
2.93304
-1.53803
0.0905792
3.43855
-1.08736
1.20084
88.6459
-0.222154
-0.0954813
1.12055
2.84305
0.0754886
1.26131
7.75988
-0.869759
309.94
0.0762649
0.287843
0.173672
0.352827
1.30512
0.117077
0.157639
-30.6636
-13.3199
0.294315
-0.492805
0.525026
1.65279
-0.332829
-7.31195
-3.86206
-0.941325
-0.327446
0.623155
0.216545
10.1141
0.716866
0.779496
-0.0939455
1.25181
0.354117
0.260418
-0.335458
0.227307
-0.620574
-1.06631
1.91139
0.239708
-1.63445
-1.01562
-1.41554
-0.324826
-0.40156
-0.329713
-1.0942
-3.51242
1.1435
0.700324
0.437612
1.50869
-1.72201
2.54925
1.39099
-0.285489
0.886804
-1.55157
-0.120783
-0.461166
1.29664
1.05233
-0.781347
-8.99279
-0.758201
0.79179
-0.417642
1.43441
-0.0477219
-4.15594
9.69464
-1.46595
-0.923991
-0.28335
1.66762
-2.65721
-2.43393
37.9934
0.918758
5.04216
2.80575
-0.303004
0.0892664
0.0513292
4.43345
-1.78334
0.63567
-0.229391
1.74413
-3.38223
4.72754
-2.96267
-0.527261
1.34004
1.38721
3.74769
-0.532024
-0.416832
1.48975
2.38945
-0.735085
36.6955
4.22468
-1.40764
0.0762895
0.418445
-0.93156
-0.303284
0.287145
0.267718
1.76411
-1.80869
-0.252008
0.556466
1.87745
0.406109
-5.79922
1.01975
0.191033
-1.65599
-29.8186
-4.28334
0.0445
-0.875338
-0.768835
-1.73633
-0.113229
1.63535
0.72638
0.76356
2.30384
2.95945
-1.04096
-0.66869
-0.895999
0.0588716
2.78689
9.61765
4.37321
-2.30851
0.957593
-3.56598
-0.167531
-4.04436
-0.595098
5.05072
-3.40741
-2.28774
-1.21195
-0.142078
0.368774
-0.584809
0.0556969
-2.32256
-1.01139
5.82852
-1.23869
-0.889679
-0.398369
-0.907039
-0.888925
1.40161
-3.37686
-0.190545
-3.41963
27.8034
-10.4163
3.49344
0.526131
0.0384635
0.288451
-0.923615
-0.576464
-1.68435
1.50815
0.815439
-6.96111
0.21435
-0.617062
-5.47311
-0.714588
-2.48096
-2.70546
0.266363
0.807227
0.447257
3.87037
1.65462
1.8771
-2.37458
3.84331
-1.95532
0.208154
0.53127
-2.17988
14.3552
-0.86847
-5.56978
-8.77319
-0.640763
3.50435
0.550425
-0.398221
-2.01103
-0.10067
-6.86353
-0.878587
-1.49213
-15.0185
2.0723
-0.622876
-0.319199
-0.0456144
-1.24142
-0.0321899
3.11108
-5.98714
0.660778
-1.6489
2.04559
12.5129
-1.90916
2.41165
16.117
-0.210516
-1.40359
0.542528
-2.82998
11.0789
-6.9836
6.18079
2.29567
-0.564686
-0.875552
-0.962044
-1.02948
-1.82949
7.22054
-10.1324
-0.278109
2.26764
1.1949
-0.266486
-0.430311
0.229045
1.48003
0.5067
35.6662
2.48812
1.26809
0.121941
1.89783
2.56142
-2.84644
-2.2864
3.23397
2.0729
-0.343719
-0.594457
0.102651
3.65435
-0.604809
-2.73208
0.00800585
-0.762984
0.42748
1.89683
-0.322405
1.68633
-0.489556
100.26
-0.880455
-3.6942
-1.15527
9.0951
2.13073
0.0363535
-7.56615
0.223887
2.08059
-2.96756
1.81575
-0.525839
-2.3877
-1.63847
-1.01354
2.13755
0.582047
1.95723
-0.252356
-15.7446
1.30162
2.59912
-0.28046
-1.90889
-1.14402
-0.820848
-1.19965
0.658719
0.339397
1.19322
1.24609
0.284667
-3.28943
-0.435452
2.03714
-0.0721024
-1.42907
-2.11296
185.348
-1.64139
0.0143462
0.66996
-0.126822
0.149902
-1.51131
-2.52792
0.647877
-1.03855
-0.199124
-0.186301
2.9826
-2.48926
1.0438
4.21905
-1.40934
-0.4251
-15.2654
0.851461
-0.531991
2.26941
-0.871691
0.346609
-0.168861
0.336916
0.245766
0.0666384
-0.100411
-0.363885
-2.49579
-2.3479
-4.92712
-0.0948011
1.14515
9.82011
0.388034
-0.215317
-0.591198
-0.243011
3.65932
0.7894
0.0462631
0.950419
-1.3823
-18.6026
2.59999
-0.759975
-2.15615
2.71375
-0.546225
-3.66021
0.0720058
-3.87328
-11.0229
0.351035
-0.0965008
-3.2017
-7.33047
3.97334
-225.93
-0.0504308
-4.50776
-2.195
0.727999
10.2548
-0.735804
1.54837
0.30531
-1.04271
-0.540906
-0.0746391
0.255724
0.806198
4.36651
-3.2769
1.88699
0.746848
-1.23833
-4.23479
-0.32591
0.23218
-0.739884
-0.632268
1.021
-7.03535
-242.805
-2.64598
2.30746
-0.824649
-2.75555
0.346567
-5.50989
8.58405
0.54792
-1.47136
0.628478
-0.407308
0.413102
0.50436
-0.949331
0.670505
-1.87056
-5.93983
-0.39327
-31.4076
3.48285
-0.6646
5.31596
0.202522
-1.82112
0.149556
3.90541
1.01952
-0.20375
0.620096
0.213824
-0.487702
0.382024
1.4933
-1.27302
-0.141422
0.898487
3.99456
-17.4341
-1.77635
-0.078885
-0.936817
1.01906
0.177395
-0.241173
-1.03807
0.570275
-0.499464
0.109418
-0.0502239
-1.20236
-0.087927
-0.94675
-31.6316
0.759904
-0.842818
2058.45
-1.03256
-0.191115
0.652965
-1.75743
1.50061
3.59077
0.799877
3.37955
-103.964
7.75441
7.21338
0.412544
1.12511
0.880952
4.12694
-3.43521
-5.76067
1.22573
1.08468
2.29848
-0.231267
12.4538
-27.9981
1.03023
-0.839657
0.0848447
-0.203704
0.23304
-127.672
-4.65228
2.87991
-1.50677
0.843565
-0.100895
1.36605
1.45766
-0.902909
2.19266
0.216637
-0.562737
1.87998
0.0718162
-2.35142
-4.45124
-0.228987
1.01259
0.342254
-0.482625
-15.2237
-0.751259
-1.82231
-2.38772
0.22742
0.681405
1.76572
-0.712366
-1.29823
1.14333
0.170142
-0.376733
1.48815
-0.660603
-7.17219
-0.416298
-6.78361
-1.41044
0.884845
-0.723672
-0.997568
-2.2281
-2.18948
-2.86354
0.120427
-56.273
-0.625745
-2.60531
14.8938
-1.55528
0.975373
6.03175
0.194964
0.00422813
0.314693
30.5166
4.90547
-1.21876
0.00717793
0.247666
2.25493
-1.49688
-1.60186
-1.7413
-1.03734
1.8054
-0.705572
-1.20588
19.3801
-0.478071
-2.81813
0.00938009
1.29582
-0.219916
1.94605
-153.896
-0.04649
0.473731
3.70623
-2.03618
-0.756124
-6.68023
-0.384498
-1.84597
-0.132763
0.99624
0.599072
0.486429
1.98064
0.983507
-1.41107
0.313759
0.571308
0.645063
-0.887975
-1.26175
-5.20917
4.98159
0.760667
5.1388
3.48044
-9.93695
-2.37002
-1.78337
-1.41747
0.375883
-1.67222
0.838792
-0.325198
4.22675
-0.476097
1.6988
0.436664
-0.88343
-42.7761
9.17335
0.0273114
-0.234798
-5.40421
0.195639
0.867911
-0.172362
0.0565323
0.824768
-0.681005
5.48605
1.65209
-0.229647
0.874124
0.634052
-0.322206
0.379341
-0.220775
-0.354175
2.73106
-0.00324006
2.16958
0.650025
1.76616
0.883937
-0.375826
-0.148172
-1.09701
-0.0650986
1.39275
-1.39628
-1.63604
-0.521236
-0.418638
-0.692838
-2.72123
0.092958
3.34209
20.4802
-0.804773
-0.43999
0.890731
0.921706
1.86331
10.3368
-0.906886
2.12801
-0.127497
-0.837022
0.718032
-0.322561
0.0560801
-0.242618
-0.250053
0.261246
-0.106082
0.35174
10.8913
-0.213679
-0.468812
1.01793
4.52872
0.785173
1.08382
2.03622
0.448856
-0.532017
0.989821
1.51272
-0.506237
-0.409547
-1.13608
1.08328
-0.067487
-0.27667
1.20942
1.31409
-1.79542
-65.557
1.80794
0.862481
-0.128871
-0.151024
-5.76248
-0.334201
-1.24233
1.58323
0.339957
3.63953
-2.85484
3.67346
2.79368
1.15646
1.37507
2.99676
2.48738
-0.165576
-5.1878
3.3816
0.299131
-0.144979
-1.86331
-2.19859
0.345845
0.561232
0.214713
0.306266
0.22289
-4.207
-0.344671
-0.1263
-0.0562927
-2.56671
1.3798
7.02039
-2.67515
3.43779
-2.73555
4.42995
-2.25578
0.19755
-2.36578
0.750197
-0.119894
0.361283
1.1902
-0.773523
-0.288873
0.270564
-3.34613
-0.0959558
-0.307412
0.677234
3.96889
1.07356
0.633156
-2.63405
1.35733
-5.24202
-2.12955
0.0384436
0.0771952
0.143858
0.22966
-0.661459
0.35673
2.17993
-0.622404
0.343759
0.526049
0.808267
-3.13817
0.672747
0.565802
11.0385
-0.502018
-1.8936
-0.567918
0.686594
-1.1035
0.218506
0.0927373
0.859083
1.20623
0.0657037
4.57752
0.110075
-2.3362
-1.2666
0.0881854
1.76195
-0.126961
0.0528874
2.56411
1.20822
4.81723
15.7449
0.966513
-1.91749
0.097959
-10.2191
0.163654
-0.476252
4.5126
-6.87822
0.0959816
0.177053
0.5603
-0.43539
-1.95763
0.163984
-5.0548
-1.83292
-0.213897
-1.5996
-2.65624
-0.311995
-1.43133
0.489968
-0.561327
2.05249
3.39758
-0.0952643
-2.68317
-0.830126
1.72763
-1.61845
0.293962
-0.166328
3.90921
-1.03659
1.32147
-14.1071
-0.00572718
-0.694527
-4.98908
2.87623
0.19744
11.5911
0.0924395
4.32313
1.29575
4.33155
5.54385
-0.219391
-1.07502
-2.01731
2.08653
-4.22349
-0.717174
0.42425
0.284391
0.0857737
0.262933
0.0225542
-0.350159
0.859622
-2.13225
0.348911
-0.149246
-0.579692
-0.742328
-0.446401
-2.35018
0.834966
-0.580981
-23.7103
6.1304
-0.330228
-0.265332
-2.9086
-0.502311
-1.1155
41.3694
-40.514
-0.283963
3.09412
-3.91789
-1.07692
-12.7903
0.0225662
-2.2119
-2.33182
-1.87743
-4.33705
1.76287
-1.83265
3.67662
-0.499026
-0.332137
-1.06206
-1.65625
3.47742
1.25367
2.32145
-7.33691
-1.1654
0.101457
-0.0650187
-0.0739482
0.14454
-0.54105
0.323054
-6.49886
1.56495
0.051172
-1.30752
-0.802039
3.11962
-0.626828
-0.973995
37.1018
-31.7502
-0.330325
24.575
-0.751569
-0.046978
-1.16659
-1.72588
1.11418
5.68676
0.215454
-6.66716
-2.13036
-0.996124
-4.82942
-0.0402336
1.87375
2.3664
-7.12759
0.401756
1.2598
0.172254
2.84084
6.18595
-0.569038
-2.15316
0.310028
1.78763
-2.90843
-1.17013
-0.686073
0.143321
0.184293
-0.174246
59.1968
0.453263
-2.31823
0.757944
0.516379
2.2045
-1.74112
-1.60344
0.272503
-0.407019
0.403349
-2.89634
-0.704718
0.0895844
0.766505
-1.88602
-0.152752
-0.121768
-0.0601142
1.39978
0.394106
-0.828461
-12.0463
0.866472
9.54442
-0.557422
-1.07938
-19.8608
-0.645673
1.49582
-0.7818
0.284098
-1.10737
1.64149
-0.18855
-0.236311
3.09271
-0.224204
0.51184
-3.01587
-5.08896
0.338623
-5.08391
0.205874
0.336282
-8.83243
0.114949
-0.881704
-0.0786975
-2.26384
-1.08796
-0.936997
0.810723
1.65737
-0.471482
1.04899
-0.0427619
-3.52509
0.35635
4.09281
0.867075
-0.502126
-2.4417
0.389279
2.49415
0.597518
-0.508784
2.91581
0.490265
-0.554153
1.3092
0.0323921
-4.2916
1.90183
0.0479957
-0.136858
-2.18913
2.39171
0.244391
-0.727687
1.4808
0.770756
1.51248
-0.224663
0.415719
-2.79341
-0.526636
10.7567
-0.567975
1.21837
-3.12282
0.0462478
-0.336434
0.977514
-0.914665
0.942986
-12.4645
-29.3056
3.28011
0.959332
3.37478
-30.9653
-0.222724
-1.50122
-12.6277
1.00552
-1.04791
0.05728
-21.5925
1.12208
1.57031
-11.6427
-0.695133
2.05057
-0.108841
1.3113
0.332092
1.34142
-2.15283
41.8589
1.45975
-0.414667
0.252642
5.34565
-0.982975
-270.844
-0.583746
5.53769
1.59301
-3.36274
0.200156
1.4704
21.506
0.494731
-0.225481
-7.69328
0.382034
-0.489925
-0.171463
-0.658694
2.02475
-0.777081
-1.65903
-0.386485
-0.095949
-0.74928
0.947398
1.11709
-1.01212
-0.869792
-0.218693
-9.22411
0.67679
0.349127
0.326626
2.2621
-3.37661
-2.4034
1.38644
2.61774
-17.7431
0.244985
0.207492
12.4775
1.66113
-0.883094
8.65149
-2.48433
2.45982
-29.4746
-1.87005
3.95608
-5.68878
1.23433
-0.319885
0.0730163
-0.66387
-3.07921
0.704643
-1.65586
249.271
2.98286
2.44768
12.2247
-1.2841
-3.67016
0.881632
0.530327
0.288999
-1.82681
0.751667
3.57777
-0.476596
2.19937
-1.18036
-132.819
2.73722
7.20175
-0.63716
0.0529643
-0.716756
-0.375501
-0.892385
-0.464319
1.35202
-1.04738
1.93472
0.147678
0.127673
1.37144
-0.0392792
-1.38866
0.23575
7.79114
0.0807476
1.57852
0.335428
5.56416
0.103185
1.42117
0.0770256
0.493373
0.378289
-1.14762
1.42028
0.928819
-3.25302
-0.34634
-0.226632
-0.938044
-1.1519
-2.23701
-4.9744
0.0963864
0.841692
1.41425
0.924535
-2.31039
4.03721
1.77191
-5.3582
-0.669752
-0.374195
2.66685
-0.364924
-0.605893
-0.742314
0.193746
-1.15267
-4.15196
-1.32358
0.534469
-1.2952
0.152597
2.85442
-1.83457
0.314682
-0.589382
-5.62675
-1.04435
-0.803663
1.80528
0.790178
-0.455107
-0.672147
-16.4737
1.82517
0.048129
-0.233941
-2.10551
-0.443174
-7.86493
1.77446
0.703673
-1.71958
-2.67844
4.30807
1.29163
-0.117398
-0.348785
-0.754775
4.37443
2.12326
-0.522919
-2.20398
0.369663
-1.23436
0.286904
-1.94752
-0.3019
-0.829412
-2.9496
-3.34257
-0.885143
-0.0906748
0.430861
0.206654
-1.85113
1.38303
0.231629
-0.212797
3.6834
-0.756948
0.640528
-3.35528
0.802262
3.71088
-3.24422
-4.1353
-2.87606
-1.76141
-0.563106
-1.71737
2.45963
-0.167456
-12.1175
1.6724
-1.61049
-0.387516
0.0250058
1.29191
11.6416
-2.86832
2.20584
17.5445
-5.136
1.12449
1.4944
-1.58297
-0.919247
-0.877303
-0.579672
-1.60617
0.692113
76.003
-0.316016
1.56353
-1.06817
-1.21176
-0.399367
-0.275818
0.890961
5.77542
-1.13467
-0.948971
-1.80988
-0.546271
-0.583907
3.53523
-0.247981
-0.416819
0.712033
-0.654418
-1.36963
1.55591
0.424935
0.838626
2.23007
2.19372
0.214325
3.42328
-19.7559
-1.54501
0.554337
-0.0690584
3.53749
0.10403
1.86514
0.498707
-0.167129
1.10249
-0.465837
-0.074907
-0.977948
-0.666392
-2.81992
-0.00698887
-0.343758
0.192912
-2.57001
-0.369964
-4.16405
0.793518
0.147862
-0.295413
0.615398
-0.708669
0.334547
-0.573035
2.51905
6.949
0.0533284
0.16727
2.4725
0.548997
3.66227
1.47853
1.07336
-3.47128
-1.97385
-7.43276
2.14951
-0.569809
-0.712388
8.04822
0.0558958
-0.637475
9.6561
-0.313626
0.511618
0.50144
-0.167338
-2.59463
0.146285
-4.0606
-35.5824
2.37634
8.28039
0.436659
-1266.29
-1.78292
-0.178908
0.496108
-0.590516
0.634331
0.266317
-3.47555
0.672876
-0.858331
0.57044
-2.93101
-2.65451
1.79528
-1.37363
-1.4151
2.07788
3.50085
-0.160071
-1.69869
3.22674
0.857388
-2.85618
-1.4826
1.75655
0.0874289
0.0782363
-1.46568
0.634952
0.784277
-0.0302807
0.0368162
5.18045
-0.301137
1.77932
6.00918
0.645518
-0.150924
0.728036
-0.527242
-0.671447
-0.878722
0.85172
-1.57332
7.53328
-2.91302
-6.26195
2.82499
-2.98822
2.0335
0.224674
1.94949
0.506516
0.652525
-0.872623
22.9582
1.04775
0.05218
-30.3834
110.561
-17.5386
-8.54543
1.11185
0.57708
-0.471828
-2.6279
-0.895525
1.22803
-3.08566
0.0759462
-0.916428
-1.79758
-2.74951
2.90429
-3.12012
1.04297
0.880609
-0.479513
-0.475791
-0.213351
-3.60085
2.98299
-1.28109
1.20645
-0.0882569
1.26253
1.13756
2.50393
-0.2887
0.233366
1.32002
-3.23784
0.689722
1.59288
3.02975
-3.4724
5.50155
0.476477
-5.60703
-9.24123
0.657664
-10.19
-0.0814785
0.498967
-0.241505
-9.15572
-0.584246
0.211672
-0.494038
-3.2939
0.971539
2.62438
2.34264
1.26566
-0.261827
-0.0206084
-0.0738499
-1.08079
0.784889
-1.27137
0.901599
-2.78812
-0.39217
-0.144674
-4.84408
-0.0604394
-0.181673
-1.30762
-7.85593
0.175816
-18.0622
-2.86598
0.87126
0.571248
-0.093485
7.51816
-0.406261
-1.51911
0.417663
2.10196
-0.72149
0.606821
0.462174
-0.513861
-3.14621
4.81921
0.189272
-0.57393
-0.846296
4.3798
0.386247
6.60734
0.660165
-65.4468
-0.447366
-0.324573
1.443
-0.755157
0.241728
5.77378
0.362703
-13.4961
-8.8856
-27.4128
-1.40834
1.74978
-1.65903
-2.77972
-0.282823
10.2775
-5.20594
-0.329721
2.93231
0.100046
-1.18428
-0.48541
-7.04085
-0.346556
0.390792
-1.57087
-5.91463
-17.8037
4.13466
-0.146877
1.23078
-0.486273
-1.03315
2.45524
0.497099
0.55283
0.255452
0.629943
-1.77065
0.488014
1.74589
14.375
-2.73187
3.48535
-1.42527
5.83484
0.263313
-0.42979
1.02576
-1.06772
-0.974929
0.863916
-1.1851
0.478812
-1.32687
1.41207
-1.4572
-1.44521
179.145
-3.2564
-5.3052
2.35696
2.80027
-0.180753
0.62101
16.262
-1.00513
-1.45348
0.526645
-3.20385
0.783881
0.983473
5.66032
0.278706
1.43322
0.1934
1.6489
-1.0139
0.306792
0.642394
12.5097
-0.889226
2.11208
1.64774
-0.0400206
-0.582086
-0.441309
-0.751675
-1.64063
0.267573
-2.1995
4.46807
-3.92062
-1.14815
-0.839019
3.24033
-1.4489
1.10494
-1.13218
0.464703
-7.1523
6.59631
0.883655
-1.95292
2.19374
-0.234142
-4.91305
-1.76408
-3.55896
147.491
0.40036
-1.87747
-1.44394
0.0815738
1.08752
-2.35108
-0.296364
0.0648513
-1.35419
-0.505601
-1.99971
-0.289506
0.0988068
1.48072
2.71279
-2.63604
4.06838
-2.4477
-0.537669
-0.598802
-0.708623
0.532648
-0.033967
0.836632
-2.38689
-0.386515
-0.269204
-0.84335
-2.04942
-0.638927
1.95025
1.28224
2.0801
-0.412552
-3.80806
-0.740794
-0.234717
-1.23852
-1.86968
-1.00683
-0.466615
0.457646
-0.138504
-0.341945
2.53417
-0.109382
-21.7143
-5.02841
-3.62492
1.61009
-0.726512
-1.85703
0.190355
-0.315356
54.3643
-1.90286
-1.27201
-0.462853
-0.717
1.4546
0.67247
-0.219332
-10.0913
-0.381775
1.90107
-0.593003
-0.120876
15.3923
-1.49188
2.04578
0.905802
2.58987
-3.94384
1.22726
19.3278
1.08217
-0.0585387
0.217744
12.33
0.122971
-2.36448
2.44717
2.95183
1.09557
2.47149
14.5124
3.86381
0.837807
0.679639
0.126842
1.90101
1.493
0.0208973
-0.357383
2.19189
-0.25632
0.174966
-1.35992
-1.46919
0.833384
-0.439003
-1.22315
2.01136
2.69317
-0.781472
-2.25811
0.404062
-2.91524
0.294927
1.77414
-1.50545
0.366919
0.316631
-0.614498
-2.69936
0.27407
-0.0959185
0.689027
-0.355811
11.5566
0.482653
0.0114101
5.25187
6.44971
-0.986657
-0.577452
-1.1999
-0.898173
-1.23887
2.30266
125.054
1.75036
-45.8304
-0.154583
0.424515
327.459
-1.06789
-0.144957
-0.192993
-0.876977
-1.77239
0.771342
-0.0837481
-0.996185
0.234747
0.345849
-21.3031
-1.92969
0.18925
-1.64254
-9.70442
1.16459
0.107884
-8.30639
-1.54912
-9.68943
12.5322
-0.0351372
-11.0982
-10.9991
3.75616
-2.65396
-0.899204
18.5577
-1.13089
0.239343
-3.32293
1.39492
0.413763
0.341362
0.117186
-0.862216
10.268
0.367705
-2.47345
-0.83234
-0.951333
144.009
-2.37366
0.141309
-1.441
-0.649727
-21.0911
-0.115753
-1.26873
0.522313
-1.29306
1.45134
0.184666
-2.64607
0.915993
0.711163
7.20582
0.140485
1.07386
-2.15789
-0.970013
0.827789
0.126379
0.698281
-1.21766
-1.76929
0.357857
-1.15027
-3.05992
1.48775
0.0705647
14.2256
1.78032
-0.896741
-0.950202
-2.79949
-1.56618
-5.78127
-0.226267
2.75381
4.36091
0.216563
-1.16638
-0.768276
-7.73841
0.0545524
2.19238
-0.159314
6.4315
-1.18109
-0.754166
-0.649653
-15.9049
0.734161
0.603171
-0.952507
-16.4452
-13.5704
-1.44628
-0.695071
2.09853
1.97538
-0.433557
-0.578706
0.302687
0.109241
1.14233
-0.143025
-1.63642
16.5758
13.9186
-0.483903
-0.488568
-1.85677
0.863021
0.348225
1.56314
-1.89199
0.388946
-2.97229
0.76377
-17.7923
-0.522818
-3.68757
-0.134846
4.19284
0.274633
-11.4716
3.05294
5.29153
0.369315
0.841867
-15.1356
0.237375
-0.180861
4.90944
-0.833349
-0.52478
-0.745587
0.833942
2.4382
1.35836
21.0217
-0.100869
0.400434
2.12563
-0.257696
-0.49588
0.888006
1.70842
0.247292
0.762527
1.90815
0.499297
0.426865
1.78184
-0.359447
0.448762
0.187385
0.53374
1.10426
-6.34954
0.421643
0.898703
-0.0118357
0.920751
6.27838
0.0906657
0.958058
7.74647
2.78835
-2.50005
-0.399471
0.344189
0.90469
2.18622
-0.528883
0.148774
-0.559251
-0.000512987
-10.9182
12.3825
-0.166245
-0.766598
-1.52316
-0.151478
0.277646
2.04099
-4.70048
-0.0405696
0.634038
-0.0722065
-1.15454
-0.561332
1.07909
0.578883
-0.481567
-1.37189
-0.182371
-1.38106
1.60945
1.77895
0.48461
1.03013
0.483469
-13.7465
-2.63558
2.10491
0.651604
-0.507631
-1.97554
1.34567
-1.15265
104.835
2.79439
1.07156
2.53688
2.26316
2.0528
-2.35611
-0.607583
-0.0754817
-0.843295
-0.0961079
1.11871
-4.12455
-0.526573
14.6418
-0.941456
0.799119
-0.696229
-1.16205
-0.0419755
-0.486823
0.869135
0.721776
-2.98875
-1.9605
0.329831
18.7277
-0.377035
6.95539
0.565467
0.80437
1.80573
0.991802
-0.258672
4.9452
-0.596494
0.365327
0.548164
7.29875
-0.333578
-1.59413
-1.57189
0.388812
-0.22264
-1.20531
-1.09766
-0.636991
-1.04479
-0.805217
1.52318
0.219243
-1.08341
0.835112
2.84982
-0.434339
-0.307943
-0.467713
0.125692
-0.279654
1.96253
-0.523686
0.104233
3.51674
37.0816
-6.26719
-0.447276
0.989655
1.59208
0.263194
-1.95069
-0.601836
-0.587978
-0.530556
1.37222
0.602877
-52.3912
1.10344
-1.06096
0.473307
3.61089
-2.45313
1.05782
-35.0629
1.16492
-3.14058
-0.301593
-1.87045
-0.805134
4.83399
1.11551
-0.685873
-1.37025
-11.0515
-2.02644
-1.30588
4.30257
-0.653947
3.86085
0.23912
8.10165
-0.108257
0.730412
-5.39018
-5.07387
1.61406
-14.0481
-0.693881
0.902782
-5.042
-1.04279
-0.672071
-25.3729
-1.43491
0.480201
5.28447
3.51359
5.96207
-0.17813
-0.58199
0.216531
0.0829059
0.138716
-7.36907
-0.474909
0.690876
0.828902
-2.95816
-0.370668
-0.948719
-1.11967
0.881354
1.72849
-5.42006
-2.23785
0.826782
-2.78747
1.57914
4.85079
0.608478
0.0151234
-3.18092
-31.5043
-0.900811
-0.465672
-0.585068
-0.150559
1.41775
1.03721
0.247399
3.60975
-1.09077
-0.660089
-0.113991
1.43673
-0.571644
-2.30903
-0.504666
0.289124
1.44465
2.39498
0.660433
0.324323
-3.03929
5.07403
-0.758191
3.26633
-0.592404
3.26989
-0.0163578
-0.469179
-0.462818
0.248689
0.887087
0.736328
-1.65027
-1.39985
7.35403
77.4956
-1.61117
-2.15093
3.27436
0.940676
0.873189
-3.6733
2.83717
0.964171
-0.845034
-0.743471
4.93299
0.654345
1.29703
1.41126
-0.40394
0.771782
4.69695
2.49576
24.3419
-1.15106
1.57726
1.04468
2.83108
-1.22756
0.982295
1.36568
3.12143
-3.93292
0.416604
2.71459
-0.42284
1.46308
0.00521087
-0.677481
-0.223068
0.261294
3.90938
-0.521785
0.972571
0.694194
-0.919941
0.81371
-0.499309
-1.28893
2.31582
0.107419
-6.05374
7.28654
1.07879
1.43755
-0.794189
-2.15535
-0.833833
-0.18221
-1.28784
0.744848
0.971665
-0.578282
1.22286
-0.322311
-0.477478
-12.4771
0.494256
0.457388
-0.0814544
2.8007
-0.284712
219.552
-1.61611
-23.9083
0.189167
-0.503193
1.53867
-0.198354
68.0649
0.058352
1.43393
-0.828304
-0.272568
1.78123
-0.0106266
0.41803
1.76871
0.0500548
8.65564
-0.187197
-0.306746
-0.759794
8.54883
3.08338
3.27251
-16.3188
-0.0427846
3.5165
-3.94281
-0.0637973
-4.38138
-4.14054
-0.889281
-4.56274
-0.355346
-2.78569
-2.5989
-0.654152
-0.676369
1.41085
0.871566
-1.60918
-0.220706
3.42109
-0.727277
-0.309307
0.506023
7.24971
0.516145
-7.78375
-3.4553
1.30584
-2.31122
0.185134
-1.03515
0.0624829
-1.00983
0.603612
1.12324
-0.262637
-0.925143
-1.23073
-1.11771
-3.00192
-1.5627
-0.184004
0.123416
0.252
4.55168
4.82339
0.307082
0.282654
-0.625972
-1.13238
-0.741032
0.413544
2.70056
1.37845
0.794697
1.97945
0.745678
-3.08999
-0.351034
0.290744
-32.4073
1.47926
0.398663
1.09945
-0.865317
-0.0990969
2.81989
-1.1134
0.811399
1.32541
-1.52121
13.0289
3.3422
1.90284
-0.0121913
-1.25305
0.205911
-0.033811
0.0450485
-2.54878
-0.492718
0.548384
1.96884
0.0731988
-19.6073
2.02446
0.697463
-0.850559
-1.23635
0.462686
-0.123301
-2.71804
-0.971406
0.200805
0.523947
0.070417
4.73583
0.208884
1.21648
-0.0329369
-2.50808
18.8718
-0.243524
-0.169644
1.47033
-9.56083
-2.16341
0.892593
1.23551
0.655271
-0.589066
-0.242842
0.22424
-8.65968
-2.39013
-7.32552
0.253022
1.02407
1.18999
-0.539131
0.600194
7.04979
1.90468
0.246925
0.346411
1.46974
-1.57209
-0.935615
0.484932
0.160138
4.70525
1.1993
-2.49442
0.793814
-0.575494
-0.9825
-3.32483
-1.62072
0.768139
9.7465
0.151038
-0.0929795
-8.11234
-0.417963
0.745849
-0.426649
9.9222
-0.765673
-1560.74
1.26327
-1.79638
-0.703665
0.0975163
-0.168695
5.5375
0.118312
0.40183
-2.31114
-0.139829
1.44188
-1.36822
0.0305209
1.15179
0.136081
0.909325
11.9864
-0.115475
0.380679
-0.988169
0.753447
-0.111313
-1.26887
1.79841
-1.61424
0.277373
1.80383
1.07431
-1.83379
1.14672
-0.957028
1.42634
-1.95658
-13.0129
-0.696742
0.549008
-0.768483
0.494278
3.28794
-0.760078
0.356873
0.69509
0.438341
0.619719
1.3379
-10.9049
2.01919
-0.58867
-0.825504
-0.166893
63.7113
0.891425
0.312628
0.297776
0.637214
-0.636165
10.7346
19.8335
1.99144
1.08765
0.380698
1.00651
3.04593
-0.868902
1.72713
0.493892
2.80426
-0.0887916
-3.75705
1.18371
0.370434
-105.752
0.263367
-75.4422
0.465222
-0.914032
-0.0316445
-2.04934
0.22595
-1.36112
0.839498
0.243218
-3.04507
1.36036
-3.19107
-0.339911
-2.8584
1.77498
0.453111
-0.616945
1.2046
6.34723
-2.57647
0.86959
-2.32966
-1.68816
0.210316
0.627306
-0.886166
1.18849
-0.299135
-0.795872
2.9874
1.52461
-1.41841
0.910175
-0.103797
-3.46217
0.191945
0.709649
2.68437
0.834984
0.224304
-23.0434
-1.7444
0.391724
3.16969
1.08819
-0.0587657
1.00455
0.585013
0.675452
0.000685763
-0.166949
1.68155
-0.173455
0.580621
0.271082
1.90114
0.198781
-0.541096
-0.525496
-0.44123
-1.13384
-1.13253
-2.99666
1.3051
-1.33973
-0.738369
16.4187
0.797821
1.95629
-0.996073
-3.60267
-0.127386
0.578547
-0.0925003
0.175399
1.21108
3.19465
3.50718
-2.80948
0.720492
8.67562
0.294958
-0.356584
0.0888662
-0.308281
1.25664
1.6411
-12.2161
-3.24922
-0.050629
-1.58456
-6.34927
0.0583685
2.36403
0.0306408
-2.7122
1.76461
-1.71696
-1.3701
5.94796
1.67594
0.630267
0.483706
-2.07133
0.717911
-2.24959
0.576906
0.432912
-0.491796
0.408726
0.510585
-1.16285
0.132511
0.0713848
0.0497907
0.426049
-1.16486
4.69432
-0.227005
-0.0647662
-2.07599
-3.81642
-0.0187347
4.98974
-0.19968
-4.96499
-0.982007
-0.629633
0.698711
1.34339
-2.12547
1.24525
-0.270384
-0.174539
1.43505
1.50227
0.684285
-1.96089
-0.24564
265.604
-0.880763
-3.41824
0.503224
0.635868
4.97886
2.11274
-1.34822
-0.346137
0.0935247
-1.05539
-1.11399
1.71042
0.0192319
1.72709
-0.264075
-0.884437
5.58983
1.84346
1.02659
1.94669
-0.279586
3.54687
10.4839
-1.179
-0.0927681
-1.9092
0.170907
56.8221
-0.120253
0.725333
0.443416
-8.79727
13.2226
-0.736552
0.286889
1.37903
-0.805615
-0.0918955
30.7938
-0.497559
-0.522611
3.79862
0.158346
-0.917668
4.45114
1.39587
-0.347029
-0.520331
0.916066
0.0109026
0.371045
-5.39615
0.0887301
-3.20124
-0.958947
-0.448334
-0.0843753
-1.39128
0.0550225
-38.1428
0.066348
0.73171
0.240493
2.93976
1.38162
-2.15029
0.651308
-0.575108
0.9802
0.997491
0.119414
3.17755
-6.79279
0.0584314
-0.255584
2.66683
-0.920273
-1.11294
-0.740623
1.21201
-3.20323
0.66629
3.58148
0.87036
-1.35051
-2.42389
0.121591
0.971587
-3.32808
0.329711
0.520486
-55.5235
-1.55686
0.437412
-0.510153
0.267021
-1.57723
5.50291
-1.20155
-5.4691
1.55558
1.76511
-4.70681
-2.69641
1.30654
-2.98853
6.52803
-1.56343
1.13208
-2.5158
-0.919644
0.650188
0.0179867
-3.23077
2.22679
-0.478376
-0.482341
1.63176
2.1322
-0.484436
1.19137
-1.09491
-0.00698216
0.227003
-0.64521
0.327385
-0.209323
-1.01442
-9.11131
-2.1229
1.00332
-2.59739
0.0701007
1.9864
-1.04114
0.83882
0.0530756
-0.860448
0.970434
0.0619922
0.263725
0.124009
-1.16475
1.53105
-9.17714
1.9531
1.26201
-0.749786
-1.46303
-0.193555
-0.868864
-0.426968
-0.437142
-0.222197
-18.4836
2.97223
1.12764
0.661822
-0.150811
3.93202
-0.248215
-5.80787
-2.88039
0.667535
0.04343
-2.1123
0.118435
-0.585305
-0.236738
-3.07644
-0.295969
0.956961
-0.685761
0.888756
-1.74595
0.577537
0.0154712
-0.0852287
-0.277502
0.630794
-2.78799
-0.0251526
-0.789601
0.184269
0.927234
7.88224
-9.84769
0.0866217
-0.33306
0.0661924
-1.90273
0.716623
-0.12256
1.69935
-0.916803
6.94266
-4.13021
0.0607556
-9.78292
1.30917
-15.7952
3.86935
-1.93048
1.5605
1.26283
6.27665
-4.38935
-0.0432863
-0.232825
0.0426052
0.176845
-1.30807
-7.04168
-1.69126
-0.723188
-0.366729
-0.16291
-0.278512
-1.08908
0.615781
1.28073
-2.046
0.347386
-0.43927
0.0870055
-0.00896935
-9.49781
-0.270819
-21.0556
0.0988023
0.736686
1.29156
0.483141
-11.5343
-0.0785629
0.207861
21.338
-5.07985
0.3627
-0.931784
0.773933
1.31782
-3.94553
0.849231
-1.62634
-1.3181
10.8078
1.89612
-0.190831
6.40276
1.3568
-2.89143
0.339268
-2.82736
0.308776
-0.0395241
0.877424
-1.8607
0.292008
0.0068619
-0.129384
0.794982
-2.0271
0.407253
0.170921
-1.01952
4.69799
-0.164312
-5.84716
3.41605
0.0401667
0.457845
-2.09369
-0.755282
-1.12744
0.40612
-6.83624
-0.848783
0.186586
4.25618
0.911395
-0.201905
0.147051
0.294585
0.254764
1.80264
-1.07964
2.97861
0.504595
-0.65591
1.82684
0.0611596
0.147662
2.28926
1.24947
-1.62749
0.0611991
-0.392255
81.6247
-0.175229
0.0772098
-0.236235
0.551526
1.22597
0.513875
0.610439
-0.736968
-4.04758
-3.63105
2.89566
-1.1174
1.77818
-1.65987
8.37641
0.989612
5.06426
-1.63476
-0.928481
1.4305
0.671232
-0.460789
-0.55989
0.400507
3.47073
-14.9107
-0.53194
0.066028
-3.53861
4.78365
0.156903
26.4289
16.4314
0.535537
0.0459447
2.92054
-1.33895
-0.579837
-0.254801
0.323091
-3.60136
0.066406
1.66895
-0.600995
2.6179
-1.82009
0.9771
-0.110629
0.266476
2.316
0.637244
1.06848
0.368538
0.896275
-7.54566
0.933917
1.80266
0.829903
-0.628136
2.00131
-2.49773
-0.121401
-0.29956
-2.62678
4.88612
4.72832
0.630658
0.097404
0.00921182
-0.978034
0.429559
1.57099
-0.537997
0.699171
-24.4168
0.235729
-4.96489
-0.148641
-0.25395
-0.00336935
1.05905
-2.73952
3.61519
160.111
4.8505
11.183
-0.245558
1.86595
-3.48428
8.89198
-2.75713
-0.138043
0.816621
-1.40456
-1.02604
0.265958
0.832864
0.767603
-0.264868
0.26242
-4.1511
-11.0677
-0.245799
0.600064
3.96396
1.15234
13.4786
-0.845437
-0.539367
7.39161
0.719432
4.20857
-1.11361
3.16528
0.690154
-0.701199
0.923566
-0.0574228
0.0344231
-2.21195
-0.765239
1.85471
-0.139755
-1.1562
1.03768
-0.477507
14.1713
1.27033
-0.238329
57.5138
-0.429096
0.711026
1.08087
-1.66428
-231.268
3.18939
1.25226
2.14186
1.1438
-0.106459
0.464791
0.165339
-0.244307
-1.28085
0.362774
-6.4256
-0.682226
-11.3196
0.547647
9.53544
-0.476878
3.547
-0.101071
-0.325311
1.88383
1.19384
-0.00152909
-0.0120246
-114.931
0.362938
-9.53575
-0.296487
-1.13205
1.46288
-0.180612
-1.20211
-0.640572
0.434195
-2.58298
0.0367974
-0.26925
-126.859
-0.0296895
5.29425
-52.7233
3.60974
-1.23303
-6.61681
0.110946
6.10064
-3.29742
1.54856
-1.73273
6.57203
2.74963
0.825175
1.68023
-0.309319
0.975097
-1.13299
7.89431
1.24588
0.780968
-0.948756
-0.319048
-0.0179533
0.231729
0.437544
-0.319547
-20.8966
-0.104389
0.439704
1.87003
0.482534
-0.225306
0.0626865
-1.08864
13.7906
0.12887
0.415473
1.23556
-0.417796
1.57054
1.1414
0.126257
0.854698
-0.91389
3.29129
-0.502565
0.0183201
-1.73743
0.020619
-0.477952
-0.501648
-1.73745
1.23846
-0.226436
-7.99077
0.571863
-0.155759
-0.751158
-0.856627
0.822444
1.28972
-0.48707
-4.33514
-7.69798
-0.838875
-0.041354
0.326865
-0.967227
4.25009
0.123215
-0.193424
-3.64798
1.85786
2.40459
-0.151304
-1.03772
9.16728
-3.84782
-0.0942853
1.84047
-0.393175
-3.33347
-1.30194
-4.17222
0.127454
-1.63117
-1.16956
0.858068
1.07578
0.478673
-12.2346
2.66142
3.96435
0.284292
2.77264
0.858544
0.779505
-0.768484
0.750604
1.42213
-0.513982
-7.4788
0.376508
-2.22239
0.104079
2.51834
34.2041
-1.03736
0.271199
1.02152
-16.7788
71.0886
-0.622484
1.87545
0.895063
0.257461
4.89074
1.05746
1.52264
0.400122
3.02126
3.00223
10.5683
0.7932
-0.221899
17.6796
0.199574
-1.92111
1.10838
-0.670204
13.8554
0.205288
-11.3466
-1.12439
-0.222949
-1.58131
-0.70138
-1.11849
0.191995
0.293589
1.4503
0.0782358
-23.141
3.94903
-6.85909
-0.478386
-0.00158851
2.15018
3.57233
-0.980705
1.0639
-0.316439
-0.194834
-1.65429
3.35312
-2.63608
0.69711
1.0847
-0.56879
-0.290744
1.46082
0.65913
0.0115383
0.216607
10.3161
5.45257
-0.298869
1.54067
-0.549906
-0.457069
-0.706763
23.7823
0.379565
-0.59843
0.839396
-2.9801
2.12561
0.361078
-3.69102
1.15474
1.22769
-2.17167
-2.77077
0.219665
10.2401
0.802256
-3.25079
-0.255529
7.7603
-0.228646
-2.98972
1.95048
0.355187
1.0254
33.4045
1.44956
1.68298
-0.444562
-1.33872
2.80836
0.190483
-0.398019
0.65629
-0.750212
-0.341363
-1.0626
0.147772
0.114014
0.144162
2.01851
5.91119
0.168461
-1.3653
0.0325255
0.474779
-0.836473
0.398738
-18.0802
4.5905
-0.177478
0.490371
0.957521
-1.04308
0.420931
-0.494003
-1.59353
0.213908
-2.93167
-0.52668
1.12454
9.95927
1.40708
4.49966
-2.70425
0.81668
0.499876
-0.647813
2.03674
-1.27011
-1.07994
1.029
0.14766
-0.305784
0.343439
-0.711393
-5.29332
-1.50373
0.0100828
-0.385424
0.205137
26.3695
-0.394882
-8.48991
-1.05699
-0.278983
5.17278
0.668626
-0.209626
-1.59859
0.148652
-0.275761
-0.137969
3.20047
-0.919044
-9.92068
-0.684624
-7.85477
2.284
0.33641
0.568518
-0.26605
7.30985
4.63224
-1.72648
0.712847
-0.523244
12.8193
1.27377
0.668269
-2.28
-1.50993
-1.31044
-0.450625
0.0376243
-0.37946
-1.08146
-0.714523
6.8786
1.10585
0.682189
0.188144
0.00440338
1.53709
-20.7896
-6.61024
-0.0333115
3.32922
5.64558
1.51752
-1.18427
0.723482
-0.153015
5.53812
-4.06466
1.09138
3.30586
-2.52459
-2.33779
-0.810619
0.00457916
5.8695
-24.352
1.07574
-1.6208
-0.34435
0.957678
-0.351164
-0.525398
-0.512373
-0.201734
-0.54165
-4.36841
1.39042
-1.44039
0.30008
1.3453
-0.948125
1.98161
-1.57528
0.620842
-0.0950622
-0.0533691
-0.54452
0.652796
-1.15772
0.805577
-2.06631
-1.0097
-0.903802
-1.14389
-6.90387
-6.45577
-3.17612
6.42657
-0.871243
0.820979
0.587372
6.40281
-2.61789
0.0179421
-0.261543
-4.36586
2.33556
-0.720251
-0.00354996
2.07375
-4.63932
0.565874
-0.281996
7.94613
-0.157925
-0.220168
-0.836366
-0.661697
0.0709603
3.95737
-0.35105
-15.6618
0.580411
-0.224908
-0.562849
3.43546
0.181688
-0.610503
1.23952
0.46491
0.809426
-0.395442
-0.274504
-1.86198
-0.996143
0.0477434
-0.192293
-0.0621563
0.477403
0.883986
-0.0532545
-0.132401
0.0616253
293.039
1.52597
-1.34746
7.67858
-2.68571
1.11539
19.033
-0.473912
-1.15717
0.974648
0.527968
0.511955
1.23265
0.146854
0.167882
-0.13307
-10.4006
-6.23071
0.133534
-2.75495
3.33874
-1.42623
0.0686229
1.58079
-4.20355
-71.0351
4.62121
4.30105
0.980077
-2.04891
19.6775
0.00820038
8.62152
1.59162
0.845
0.0930178
-0.116402
9.95728
-0.367878
2.00842
0.290696
0.87004
-0.042391
0.576662
9.10985
0.360281
2.08888
1.02506
-1.53489
5.43092
0.873297
-0.200586
1.30766
6.42498
-1.86906
-0.896529
-0.573816
4.39711
1.02331
-1.77181
0.217623
-0.55473
-0.701541
1.51095
-16.4681
0.57296
1.87885
1.22324
-9.47565
-0.000656032
-0.319703
0.170765
-0.494689
-0.58971
-0.10374
0.360647
-4.84435
-0.640709
-2.6326
21.0695
-0.323341
1.52694
0.458466
-0.431791
-0.176804
-0.390542
1.03548
4.92404
6.92413
1.14744
-0.222465
-1.9846
-0.26319
2.50171
0.357623
-2.74443
0.767903
0.0168597
5.39202
0.38966
-0.690154
-0.0325581
0.140039
-2.52885
0.514793
11.4888
0.758654
-0.800063
0.308283
-1.38587
0.158774
0.126328
4.04009
-0.456639
1.35948
1.18925
158.911
0.525429
-6.08141
7.89023
0.585106
-0.641768
-0.306446
-0.904663
-3.69961
0.374974
-0.320945
-1.59465
0.666121
0.608835
1.05233
20.9927
5.9202
-0.593933
10.758
1.17958
1.97284
1.7812
0.970461
0.0434334
-0.435676
-0.93633
0.890181
-2.46301
-0.289601
-0.51517
-0.00595636
29.6925
1.01001
-0.144686
-3.46657
0.132574
-0.479985
-14.627
0.234069
0.891182
2.11131
-3.28548
-4.06346
1.80033
-15.5997
-2.03759
-1.75072
3.25935
-1.69187
-0.896933
1.19345
0.600641
-49.2406
0.594215
-16.2847
1.13744
-0.957057
1.65875
-5.39434
-0.454705
-0.0391541
-6.88721
-0.373771
1.90441
-1.06784
-0.426456
-0.644469
0.464677
0.434751
-0.300716
-0.0995208
2.2121
2.2414
1.56246
-4.73102
0.0561456
0.90603
-1.31074
-0.435151
1.27356
-0.888584
1.76584
0.461088
-2.17319
-0.634591
-7.84869
0.0749134
-0.554632
1.64838
-0.136659
-0.675264
0.27054
-6.34279
-0.322768
-10.7895
0.0533409
5.03841
0.39659
0.0214276
-8.42491
3.59053
-0.204081
-1.96281
-0.392669
1.10032
-4.13176
0.148334
-0.143718
0.41372
-0.507027
0.20364
-39.6712
-0.979707
-2.60339
0.952597
1.75276
0.349148
-5.69798
0.579161
41.9836
2.24609
5.56416
-0.85427
0.733515
-0.607589
2.87977
-0.282529
-3.3493
0.326881
-3.24624
-0.0589063
1.79428
-6.83489
1.71675
1.21406
0.771383
1.83872
-0.467491
0.862948
0.18873
-0.610896
-0.459612
-12.0828
1.06287
0.437305
1.80774
-4.00271
1.52614
1.15392
0.149605
-0.611368
-1.39065
1.3252
-0.293249
-0.206775
-0.763728
0.733099
-2.54779
-0.390913
6.32767
-1.11438
1.10747
0.616791
-0.607613
-0.372864
-0.441342
3.14585
-0.577318
-0.0624264
-0.367136
0.719285
4.03292
0.44036
0.464381
0.550031
-1.51378
-0.633597
-0.647201
-24.6985
-0.106554
-0.74574
0.788247
-3.49104
1.88991
5.42902
-0.0638135
0.934264
1.35221
-0.755431
-4.2946
-9.05034
2.91806
0.688465
-0.302939
0.0347
-0.997622
-0.249951
-2.76025
-0.309558
-1.87814
-15.3255
0.643712
2.20448
10.7428
-3.60363
0.709486
18.8312
1.195
0.691439
-1.2036
-1.29898
-0.461749
0.82698
-1.25197
0.75082
-0.0238977
0.888017
0.14561
-0.214805
2.43744
-0.754201
-1.9352
-5.3065
-4.39556
4.16164
0.535048
0.284121
-0.0141749
2.82065
0.443932
-1.44538
2.63636
67.5292
1.0591
4.48334
-0.885818
1.52859
3.48238
0.192055
-6.02191
1.01798
-1.53886
1.9888
-23.8124
-1.95091
0.988473
0.810144
-2.01762
0.857038
-2.70443
8.60796
3.51355
-5.43289
2.20089
-38.1686
0.507664
1.78334
-0.237775
0.755281
-1.89444
-0.285249
-1.57347
0.147219
-0.174021
0.99734
2.85114
-0.0953512
14.8841
0.443842
-0.153061
2.58289
-0.0135
-0.163213
-1.0216
-1.35124
0.0323742
1.09858
-4.9107
-0.748035
0.181478
0.221658
-1.12097
7.16003
0.560959
7.73773
-0.994909
0.0962261
-0.7945
1.33151
0.428974
0.711299
721.467
0.369093
1.38848
-1.60762
-0.276959
-0.168269
-0.110375
-5.14579
6.70587
-0.352502
-0.206535
0.674387
1.27937
-2.69382
-2.15304
-0.0933066
-4.47282
-0.619085
-0.145477
-0.878539
-8.10256
1.44729
-14.0108
-0.949266
-4.95303
-634.024
-18.8731
0.125567
-0.48215
1.0568
-0.946284
-3.72396
-0.509702
1.2279
-0.190588
14.5409
-0.0727521
-0.142668
3.2747
36.5747
-0.0295182
0.333125
-0.785267
0.924864
-0.723594
-7.4291
-0.361244
-214.176
-0.0676104
0.701707
0.719792
-0.500443
1.53648
0.284365
-0.840723
-5.56544
-1.65307
-1.55809
-0.412666
-0.582764
8.53333
-6.02328
1.32251
0.177854
-0.547674
-17.8079
24.2509
-0.0863394
3.44275
-2.65539
-1.25147
0.102355
0.899411
-0.72472
-0.632925
-16.8263
2.06708
-1.34209
-0.800008
1.32353
-0.215116
-0.381333
-0.0833452
0.166016
2.78672
-1.00537
-1.91364
-5.145
-0.86037
0.412496
0.329503
0.499745
0.780621
1.07969
5.6282
-0.88737
0.280017
2.60182
-0.765411
6.99893
-3.66689
2.872
-4.33653
1.27168
0.781911
-1.57389
0.0307528
-0.272915
1.21346
-4.06577
0.51529
-0.59415
1.20646
-4.33753
-1.21795
1.35748
-0.219474
1.2591
6.25046
1.08372
-2.63023
-0.133881
-0.745804
0.624469
-0.894226
1.14016
0.881021
7.75361
-0.99956
0.24892
-2.13379
-0.600174
73.7925
3.85456
0.109031
-2.82051
-7.90952
16.383
-0.00833838
1.43104
-1.28701
0.428028
-0.0643934
0.853429
0.536669
-1.80639
-0.101019
0.949066
0.692829
-1.32866
11.1526
1.06336
-0.672641
-0.135142
-0.456824
-17.6751
0.661133
-0.24728
3.07068
2.61161
-0.00356022
0.359654
-1.55682
0.456632
1.49471
3.05699
-0.654012
-3.92414
-0.922591
-2.29385
1.32087
0.386841
0.658949
-0.250422
-0.378742
-1.312
0.0845984
-0.603455
0.464014
1.11582
-0.155221
1.03684
-0.0621071
-1.89833
2.52382
-0.168394
0.714683
0.209398
0.0157716
1.6163
0.642236
0.24878
-0.428079
16.4248
1.76198
-0.756697
-0.145646
-0.254474
0.525818
-4.0262
1.85886
0.524529
-1.40842
1.56991
-30.0908
2.0153
3.13722
3.28439
-2.65732
-3.71064
-0.81501
-1.46831
9.05753
-6.56089
0.867776
-15.8549
4.90879
-0.143748
0.251451
-0.45859
0.414299
1.14139
2.34413
-0.211968
-9.36808
2.3728
-2.13629
-47.8069
-1.48863
0.444698
1.11353
-0.331337
1.41463
-0.60507
-0.261814
-0.452381
-0.360004
0.0891886
0.380587
9.43078
-1.06556
-0.512334
1.37592
0.52199
-0.116292
-5.81534
-4.02732
5.1885
0.0990945
0.423651
1.2308
-0.373808
6.84736
-0.63721
-0.953412
-3.09764
-0.190825
1.9753
0.222293
-0.351398
-0.980501
-0.650151
2.76544
6.78561
-16.103
-3.04616
4.26526
-4.09717
1.78138
1.1029
-2.32156
20.709
0.159924
-12.8182
0.365467
0.813143
-1.94589
29.9839
-1.25592
0.365505
0.479128
3.26565
-0.315348
-0.838351
1.66591
14.0725
-0.396998
0.718638
-0.373897
0.204938
1.58458
-0.756846
0.00591728
-0.595982
3.0623
0.125754
-1.96775
1.19012
43.3712
14.3242
2.07361
-1.08939
2.23969
1.07431
-1.9293
0.25308
1.30675
0.507899
0.963081
-3.97298
-0.210132
0.0962893
-0.70052
-0.15702
-0.409097
-11.2502
-1.31968
0.118351
0.419037
2.2699
9.53635
8.8842
0.139815
1.26948
-4.33283
-0.192541
0.0925209
0.620103
-1.16128
5.48726
6.78183
-4.36124
-0.319411
0.914839
0.772739
-0.408164
-2.15266
0.472544
-1.73729
-0.311539
0.069179
-1.34039
-11.9447
0.903342
3.22679
1.767
0.87858
0.317043
0.465885
0.123018
0.57375
0.395616
-0.230889
-13.5093
-6.48379
2.77072
-3.98625
0.13451
-1.78001
-21.4551
2.74171
-1.82904
0.649668
0.191755
-3.08151
-3.56496
-0.0745399
0.272495
-18.2898
0.32232
2.20191
1.36188
3.40211
-0.199118
0.92697
0.399491
0.329454
47.3082
0.0874607
-0.0381874
-54.7018
-0.456882
-1.25155
-15.4597
-0.262705
9.36592
8.35271
6.96696
-0.607316
-0.964399
-1.21884
-0.654856
-0.909121
-0.264074
-0.840513
0.042117
1.06545
-1.59594
-1.134
0.0924901
-8.26807
-1.25766
-0.55372
2.73067
0.240995
-0.148536
-0.621881
1.85671
3.90272
3.6283
0.128281
-0.964213
-9.29457
8.81749
-2.11078
0.683627
0.472455
-62.539
2.01596
1.13815
-5.86209
3.08
-2.55194
550.498
0.0137365
1.87149
5.71918
16.9648
-2.02541
-2.2649
-0.237532
1.20626
-0.270885
-1.14718
1.86861
0.104707
-4.98213
1.63159
-1.55745
-0.935593
-0.0748195
-2.64312
0.378032
12.6896
0.27005
-1.16905
3.22495
-2.36297
3.04367
0.280367
1.53846
-0.509149
0.688619
2.18087
1.87857
-0.899474
7.01063
0.564604
-2.67853
0.166423
-11.9526
0.361201
2.87944
0.659883
-0.149829
72.0991
-0.431687
-1.80874
4.89301
-1.31796
-3.75325
13.4285
2.04316
2.02755
1.07289
0.473015
0.779049
7.58613
-0.583121
1.86614
0.149002
-2.03848
-22.6467
-0.270297
0.516048
-0.527817
-4.14198
1.26334
45.8158
-0.22956
0.9813
-0.480436
-0.00289524
-1.02553
0.538449
-5.76909
0.194895
-2.77502
-6.27788
0.852169
-0.155065
-0.348808
11.5034
-0.216166
0.469992
-2.76169
6.11623
0.0660463
-0.00190536
0.0864869
0.880074
-0.591512
-0.579001
-0.470025
-1.54663
0.2635
-2.25724
-0.0351129
3.8519
7.54061
-0.00209075
-0.0179533
2.29329
0.0529094
0.275225
-1.25158
0.285387
-1.99934
-1.54065
-6.80116
-22.2699
2.10041
1.03917
-0.898886
2.27674
0.261023
0.278594
-0.637656
0.368886
-0.147326
0.60551
-2.77954
-0.591716
1.79102
0.482724
4.36281
-3.0969
-1.13687
7.36331
2.73958
-1.19555
0.9309
18.9721
1.09078
-0.709461
-8.86012
-2.99852
4.74568
3.01246
86.2829
0.351954
1.44597
0.79655
-1.16929
0.35331
0.415193
1.83844
-2.35385
6.08396
2.19755
2.38594
-3.59976
12.8459
0.284435
-4.17256
15.6271
-2.03629
1.79284
-37.801
-3.9166
-0.242021
-0.0389697
-0.102892
-6.64699
-0.484051
0.637735
0.401551
-2.0729
1.42009
3.01782
-0.121646
-7.89567
0.669577
0.25269
0.751873
-5.18076
0.383595
2.81991
-3.77446
1.80369
6.00592
-0.598417
-0.108217
-4.79001
-0.621824
-4.135
0.917377
-1.93845
1.676
-1.90134
-34.7164
-0.13003
-1.44557
2.02065
-0.921509
0.912542
-0.490634
-0.0445646
-0.720779
-4.11974
1.39283
0.488888
18.0103
-3.71882
-0.139787
-0.350509
2.78294
3.61929
-31.395
0.769355
-5.82329
4.15022
-0.333251
0.0130723
-0.411523
-1.72302
0.922621
-4.22566
-0.430151
1.18334
-0.17794
-0.682676
-0.306473
-0.920657
-1.57129
1.81751
-0.294386
-2.38774
0.352601
0.879195
-3.13407
-0.683183
-1.01011
2.02183
31.6884
0.238277
0.457385
1.36059
-1.18465
0.266678
4.23114
-0.269806
0.882692
-0.0273756
-0.0900278
-1.839
-1.41976
-0.411649