0.763591
1.01842
5.95082
0.157484
-0.899285
-4.12169
0.658831
-4.8374
-17.2152
-0.527737
0.202732
-0.876738
0.120481
1.95939
-7.39592
-0.852046
0.295938
0.235974
1.07902
-1.61783
0.800504
13.8347
-0.722821
7.19925
0.109401
-1.29112
-0.910025
-2.19275
0.188731
-0.210568
-0.252805
16.1454
-0.31928
0.930435
1.24338
-0.23342
-1.45941
1.48851
-1.32054
3.32865
0.520992
0.429143
0.0119184
1.04717
-2.63879
-0.485094
-2.1321
7.29611
1.07951
-0.96511
-57.7933
-0.755116
-0.216847
1.99181
-1.11465
5.61691
-1.93315
0.0760311
-1.42925
-1.16907
-0.224318
-0.663683
-0.698109
0.305567
-0.503173
-2.29146
-1.24702
1.79333
0.428498
0.692856
-0.717004
0.961504
2.61767
-0.28004
-1.75088
5.65735
121.45
8.68018
-0.985612
-1.01796
-0.387659
-0.310938
5.96885
0.710017
1.42918
-1.59605
-0.459822
-2.97327
0.945202
-0.285981
-0.751116
0.168736
-0.79607
0.351207
19.3151
0.589841
-1.77484
2.03203
-0.239813
3.744
-13.7254
0.160602
0.0573296
-0.392623
-0.550221
6.36009
0.0102982
3.7736
-0.461856
-1.1768
11.0457
-0.0323556
3.67125
1.3569
-0.29162
-0.805821
-0.746138
0.18015
-0.10846
-0.920402
-3.44506
0.601264
1.03368
1.44211
0.395612
-0.220171
6.84705
-19.1557
-3.25605
-3.46739
-814.744
-0.637254
-0.145209
6.19215
-1.4103
2.32853
-0.215087
-0.220589
0.160729
-1.71343
-0.81253
-2.05756
-0.516798
-0.0123533
-1.26063
-0.064234
0.914161
-1.98249
0.726439
-0.379079
0.113667
-0.282203
-0.56004
0.944831
-6.07183
-0.95571
0.661726
-0.544167
-0.916196
-1.34606
0.267993
-3.92843
1.08841
-1.42847
-16.5589
-0.541962
1.17956
0.818707
-20.553
0.672286
3.94363
2.25588
-0.218372
0.711598
-4.53553
-4.05246
-0.746221
-0.574134
-1.06628
0.290177
-0.579323
-0.60692
0.729064
-11.6842
4.05805
-3.49253
1.445
-13.5978
0.7528
0.955306
1.87943
-0.875497
0.156794
-0.601896
-26.5378
-0.276254
1.57008
-0.103225
0.34316
1.19001
2.19482
-1.74492
-0.284522
-0.808808
2.25926
0.376546
-0.619947
8.81044
1.05044
-0.747091
-0.53439
0.493088
-0.652521
4.63288
0.00195064
-1.16228
0.782512
10.6505
5.87398
-1.17267
0.533512
0.531589
-5.44646
-0.665268
7.58593
0.0110467
-1.85076
-4.91206
-0.712003
2.0618
0.750434
3.16108
-0.449703
-0.103164
-0.030914
-2.05774
0.295573
-6.25267
-8.81057
0.19267
0.148991
-0.706726
0.186817
-0.958883
0.0283917
0.0335833
-0.763298
-1.13301
-0.262984
-0.253299
-38.6517
-1.84655
-0.692114
0.233384
0.551812
4.30746
-5.62315
39.2223
2.07636
29.6172
1.68522
1.4693
-2.23452
-0.973913
-14.4692
-6.10699
0.155772
0.142985
-0.895811
-0.216947
-8.02274
0.490631
0.536365
-1.03852
1.19221
0.780974
6.63823
-0.0512521
2.81728
2.31204
36.0892
-0.460114
0.162133
12.7006
2.61886
-1.55034
-0.511846
-0.0970644
-10.9839
2.12006
0.542265
-0.0547977
0.596058
0.106848
-0.151035
-3.80219
0.307119
-0.00121138
-0.74797
-0.394369
-2.5103
1.83113
0.0138339
3.09441
19.2999
-1.00304
-0.166428
-46.2647
1.36969
-1.16055
-1.32289
-84.9355
-0.567427
1.02979
-0.25344
-0.590652
0.753318
-0.58774
-0.905528
-0.48957
-0.100095
-1.56426
2.12181
-0.119573
18.3888
0.284373
-0.830851
-1.01213
1.34966
12.948
0.917859
0.121898
3.84042
0.592189
-0.330546
-3.75886
0.108486
0.893749
-1.36325
-62.3
0.837365
-0.529699
-5.71635
-0.750286
-1.17785
3.03083
2.15286
-0.748274
2.49638
4.35574
1.3642
1.26144
0.762932
-0.145034
-6.81083
2.1164
2.82966
-0.609093
-0.550327
-0.933938
-0.113433
-1.6168
-1.18281
0.213182
-1.41487
1.33516
0.368179
1.79913
1.22294
-1.60272
-0.53267
-1.05238
-0.30552
2.82676
10.5823
-0.286248
-1.54427
-0.16094
-2.43668
25.5353
-1.40969
1.06473
0.0941597
2.23839
-14.1898
-8.77234
-5.53102
3.2302
-4.24858
19.1376
3.22765
5.28194
0.00927183
-1.09108
-1.35123
-0.00244627
30.8663
0.141207
1.17506
0.978513
0.173695
-1.23027
-0.558689
0.920346
0.304767
-0.228925
-0.587458
1.96942
-1.58814
-1.92437
0.860771
-0.543762
0.933755
0.901069
-0.789399
-3.15516
0.209166
1.0089
2.54554
0.426407
-0.464416
0.406325
0.699694
0.487471
-37.8683
-1.20858
1.53556
-0.439765
1.92729
-1.95476
-1.58214
6.44706
-123.551
-2.06845
0.396657
0.329046
-2.89491
3.56413
14.7957
1.38058
0.255345
-1.47896
1.24097
-0.704803
0.0790362
-1.18609
0.112292
-7.7235
-128.482
8.5311
-2.06475
-0.438487
0.241801
-2.08866
-1.37572
0.516117
-2.82029
0.451539
-1.12199
0.346672
-0.316092
-1.9078
0.190904
-4.72076
-2.23711
-1.81922
0.285382
-0.499839
-0.775987
0.388846
-1.2017
-0.557573
5.34305
-5.3087
-1.10329
-3.34266
0.0240561
-3.63116
2.06405
1.76812
1.89754
-59.4884
-0.863167
-0.792855
4.02591
3.16248
-4.04588
3.32136
-7.84549
-0.35122
-0.242751
-4.20957
-1.72421
14.8255
18.3577
-0.650724
-0.13769
0.163598
-0.0606493
-0.391788
0.581187
-20.4244
0.130317
4.29084
-0.741369
-0.147605
-0.871777
0.337566
-0.585314
-0.339236
0.183444
-0.636652
0.552837
0.272188
-0.711451
0.403125
2.32865
-3.03215
-1.57971
0.766861
-0.918579
1.93487
0.208617
-1.01224
0.959821
2.36814
-1.14888
1.79029
7.56214
-0.0570055
0.222149
0.221374
-1.26992
-1.17766
0.310553
-1.96587
-3.18647
-3.15126
1.44827
-1.91051
-2.48905
10.403
33.0344
-2.00344
1.05866
0.24696
-8.36978
-0.98267
4.2642
-0.740672
-2.13299
-0.39251
-2.65815
0.542589
0.922488
0.0128626
0.0570456
1.49131
2.90447
4.94076
-0.39432
0.0924382
0.219709
-0.153053
-1.75263
0.485824
-0.256919
3.72481
1.7073
0.10341
-0.729658
21.8081
-4.08175
0.506672
1.61497
1.02869
-2.43123
-1.13742
1.93783
2.55692
0.923453
-1.73563
3.60454
-1.12205
-15.1538
0.0627663
-1.92957
0.565921
-0.912542
-10.1208
-2.3566
2.43523
-0.310767
0.17779
-0.875242
-0.0420332
-0.13803
-0.819398
0.977197
4.89444
2.52427
0.183046
-0.796898
0.487363
-6.78547
-0.339555
-0.156899
-1.33663
0.908262
1.12437
-1.66585
-1.58612
-1.1183
3.18637
-0.562097
-1.01658
-0.204772
-1.70913
0.508097
-0.0847396
3.46681
-0.703841
-3.1833
-3.03871
-4.75585
-4.05477
3.70659
-0.0151486
-6.97995
2.97416
3.22489
-1.71977
-0.439529
-3.47362
-1.99918
-0.623516
-0.564643
-0.417185
2.25475
3.12415
-0.449166
-0.080437
-0.0130478
5.35725
-2.40418
0.0409616
3.03171
2.55758
-2.83204
-0.803022
0.0870389
8.33723
-5.74849
0.216374
-0.634312
0.604486
-0.16222
-0.18244
1.21359
-0.341449
-4.51816
-10.0585
0.190545
0.149848
0.863583
-1.93722
1.32787
-0.017054
-2.04062
-0.366246
1.42219
1.38633
-0.182316
0.988656
2.99711
1.27422
-0.662246
-0.250128
-2.23778
-7.52646
-1.79455
-0.256138
-0.177831
-12.3602
-12.8343
-0.580509
0.965133
-3.63515
-15.3457
1.96822
-1.97009
-2.00887
0.47404
2.71241
4.56558
0.402334
1.08129
-0.210666
-2.10533
-0.865551
-4.34019
0.357334
3.99554
-0.288708
0.529822
-3.79451
0.390067
1.85709
0.367812
0.363264
-0.0239772
1.39451
0.241997
-0.500184
0.192886
0.155572
-0.432439
2.98337
-0.152513
-0.547058
-4.57069
-2.76214
0.444111
3.8064
1.55036
-3.3556
-6.21687
0.108719
-15.1749
-3.18136
-3.29416
-0.678841
-0.260959
2.21859
-14.8675
-0.408739
-0.830695
9.25961
-29.0182
0.627784
-0.364438
0.332992
-2.67098
-12.2281
0.473794
0.713261
-1.93325
0.0204116
37.5869
-0.00830099
0.89186
-0.186507
0.691467
-0.444214
-19.6649
0.798873
0.0447624
2.69672
-1.24412
-0.0229677
-0.418735
0.536371
0.417393
0.530176
4.7983
-24.9697
-0.591575
2.69682
-0.867353
-0.437066
5.07503
-1.8703
-0.007567
0.0379054
-13.4084
1.94078
-3.69575
-0.239068
-2.00249
1.45624
1.46513
-0.29845
0.885072
2.43676
-0.0462608
0.0855984
-0.454115
-0.305283
-1.1672
-0.0088457
1.51291
0.223307
0.252914
-0.896365
0.733595
0.351742
1.37064
286.326
0.891028
5.59321
-2.21694
0.436053
-3.97783
0.817111
1.25879
-0.114392
-1.1583
0.92513
1.58363
0.0797224
1.76938
-0.917772
1.78812
-0.335217
-1.21217
-1.01218
0.34831
3.6486
0.475213
0.323234
0.290246
-2.28018
-0.245794
0.34583
-0.762336
-4.76268
0.486725
-0.96013
-0.733314
-1.63982
0.921278
2.69041
-1.32385
3.46873
0.380063
16.0578
0.171507
32.785
-0.420183
-0.183803
0.90828
-2.06925
-15.2327
0.430639
-5.15608
-0.371836
-0.0915228
-6.8621
-1.1525
-0.624313
-1.8144
6.5829
0.097439
-16.8068
-0.806651
0.845805
1.35431
1.27598
1.4174
-3.16175
-0.539862
1.19778
0.912524
-12.752
0.364848
-1.47566
-7.38721
3.93259
-0.650612
-33.9659
-0.954945
2.98484
0.95371
5.27548
1.06281
0.180613
-0.950829
-1.6558
-1.10199
-0.667494
-5.13746
0.63668
-1.17604
0.0543206
-2.4044
-2.60505
-1.10988
1.62396
-12.1162
5.97881
0.2018
-0.661194
-1.52982
-1.51696
0.703177
-1.11757
-0.958274
-0.576056
0.735498
-0.0686052
-3.82028
0.57236
0.946104
2.18766
0.353347
-5.33411
-1.93611
1.19943
1.18218
-2.46885
-5.16255
0.558055
-0.615407
-6.31974
-0.526159
-1.16326
0.576477
-1.45161
3.92869
-0.198725
-31.5868
0.227989
-8.64889
2.54857
0.428694
0.501984
-0.0536879
-0.717825
-0.737064
-1.44538
-0.884734
-0.252393
1.95926
0.249083
0.339216
-1.34874
-0.601772
-7.42303
-0.130117
7.58143
0.465345
-0.821539
0.112896
0.0618984
2.0996
-0.718715
0.655318
-1.0372
-55.9546
-1.23526
0.222467
-1.03729
-3.60237
-2.69363
2.44377
1.13461
0.444014
3.18425
-1.29483
-1.24133
5.02447
-6.50485
0.983482
-37.4428
-0.138027
6.05876
-0.230238
1.37992
1.17098
-0.737752
0.215966
1.51799
0.168186
1.61132
-0.664082
-4.07738
0.806792
-0.982037
1.14487
1.99763
0.0607098
-1.01318
-12.9674
-342.679
-0.022876
-0.224659
3.0507
0.00668059
-4.07832
-75.702
-0.922281
-5.63783
-0.710068
0.883226
-1.16336
-0.490352
-1.44141
0.244508
2.04453
15.0027
-1.25499
0.752435
-0.204857
-2.67162
-8.54675
0.100593
-1.18251
5.47567
-2.51148
-1.25598
1.21014
0.938419
2.94275
15.2494
-0.323748
1.91055
0.866761
-0.367877
1.38444
3.04294
-0.348408
-0.399322
-1.62062
3.69492
0.120919
-0.141359
-0.541578
3.13864
-0.20743
-2.87051
0.310635
2.30261
0.320599
-0.167777
0.0664654
-1.40195
-0.520381
-1.00355
-0.0843739
-0.197296
0.584182
0.592999
0.151934
-2.44455
0.599879
-0.00631353
-1.68419
-3.76512
-0.402254
-2.40428
11.6003
0.595806
-0.56931
1.09927
-1.0055
-0.129252
-1.62034
-1.20472
0.616733
0.697451
1.99368
0.304407
-1.16068
1.18174
-0.570703
0.429881
3.11799
0.284774
0.178192
-1.9949
4.11286
-60.7346
-3.02471
28.7284
0.677458
1.98003
-0.424752
4.28419
3.98671
0.823873
6.40509
5.46675
0.530127
-0.611549
-0.519682
0.780233
0.0644906
0.406027
0.310772
-0.316444
1.33905
-1.30149
5.08078
-4.06697
-0.258248
34.4693
-0.0171592
-0.106463
-0.356902
1.13148
-3.42462
4.46002
1.15519
-7.98775
-0.871204
0.803967
2.45671
2.13334
0.316987
0.357983
-1.23605
3.65872
0.985672
-0.913689
-4.40057
-26.0479
1.19636
0.795297
2.7046
-0.975887
-0.246456
-0.735935
0.45442
-1.22782
-1.6726
-0.98904
1.2109
-1.8845
0.845957
3.22715
-9.26519
1.81777
-1.06488
-1.4454
0.229376
24.3763
-1.10396
0.634986
0.654206
-0.11481
0.723065
10.8977
1.32707
0.120222
-0.906412
-1.38165
0.378572
-2.39713
-0.189924
2.10207
1.61482
-1.4662
-4.72431
-2.95631
0.680217
-1.15527
-4.19165
8.76068
0.882914
-0.0436757
-0.228747
0.853966
2.56496
-12.8963
0.671867
-0.0715149
-0.559676
3.48286
16.1505
-0.858726
-1.81306
-920.169
-1.71834
5.42751
-0.312151
0.977152
-3.89954
-0.520544
1.02692
-0.446965
0.876005
0.317139
-0.764328
-0.433246
-2.29033
-0.210799
-0.434467
-4.16784
2.13871
2.79495
-23.6634
2.77222
-1.64682
6.63262
-0.247726
-0.110072
-0.640816
-0.0566575
31.3147
-0.536842
0.13371
-0.138958
0.144065
1.52859
19.7839
0.373808
-0.470463
-0.358673
0.812988
-4.47325
-6.05077
3.25997
-0.558763
-1.81287
7.67507
-1.65579
9.7404
0.160317
-1.39253
-1.17853
1.80275
0.450335
2.28028
-0.967451
3.28014
0.52136
2.10945
2.72441
-9.5207
-0.186141
0.447212
2.47039
1.80069
0.934854
-0.197784
-4.63308
-2.48649
-0.302865
-0.296639
0.857078
1.0711
5.4383
-9.30574
0.658556
8.26207
-0.137662
0.570872
-3.84586
0.101517
13.7954
-0.115936
-1.21002
-1.27234
-0.587157
2.2341
1.32585
-0.817795
-2.10751
-5.23698
-0.885525
-0.465935
-2.00688
-1.38225
-2.55741
11.3451
-0.754554
-0.84363
1.06982
-9.26574
0.601063
1.7544
-12.1954
-2.41873
2.87024
0.669807
-0.235975
-0.491983
-0.789474
0.0655188
-4.1958
-0.0158464
-0.0535299
0.290762
1.20565
851.474
-0.0269743
-1.64724
-0.835485
0.770112
-14.4664
-0.240161
0.910981
-0.302481
2.08132
0.172349
1.85107
0.392105
-0.568614
-0.0135941
40.8247
-0.886592
3.66035
1.61606
1.03002
3.1675
7.39484
-0.336177
7.22904
-1.26671
0.81221
-2.9819
0.0513393
0.63948
-103.742
-0.164078
0.213407
-1.4247
0.569263
-0.9758
1.71456
-15.5426
6.56197
-0.350664
-4.41997
0.430418
269.766
2.50723
1.28846
0.500532
-7.10297
-3.8115
1.13309
0.688835
0.548993
15.3518
1.2997
50.7664
-0.708925
-2.41277
-0.690008
0.978797
-0.300688
-0.658816
-1.41433
0.545239
0.952161
7.64135
-0.188487
-0.0243793
1.54948
-2.3987
-6.30251
0.100913
-0.0749891
-0.597024
-0.911775
1.50108
-1.52749
-0.911925
-3.19791
-4.43498
-0.0812026
7.50574
0.968623
0.472403
-0.0184498
3.60518
-1.22322
-1.63214
0.84652
-30.511
4.2251
1.03814
-0.264966
0.065292
0.160262
1.61901
-0.287064
2.20216
-1.24512
0.665267
3.27706
2.21263
-1.50709
-4.73893
0.0378363
-26.8989
1.06243
-0.529203
1.70497
-1.48168
-1.09202
0.15702
4.27566
0.026652
-0.488458
0.536298
0.0617199
-0.632521
0.681729
-0.871526
6.54587
1.96877
-0.474989
0.373059
6.66079
-0.0673139
4.80692
-1.38106
-0.643558
-0.26765
-0.736265
1.25308
-3.50333
-0.526658
0.0844907
-0.480393
-0.0423913
2.12913
-0.376946
-1.93173
0.265745
1.63994
6.17744
0.178401
3.04271
-0.187731
12.3011
-2.12617
0.724993
0.710555
-0.107813
0.320663
-3.86745
0.16591
5.91118
0.0323034
0.454301
-0.0938504
2.45999
-0.470156
-0.0808028
2.00763
10.1936
0.539325
1.70316
-0.73552
-314.853
0.32759
1.98314
-0.180781
3.06065
2.4262
0.893991
24.6038
3.01641
-1.77513
4.20279
-0.590464
0.156158
0.236342
1.07627
-0.743667
0.00684649
2.07562
1.00877
3.72026
0.432707
0.179442
12.6581
-6.56639
-0.00770933
4.06968
-0.739629
0.313645
-1.83485
0.483588
-12.559
-0.205119
2.95775
-2.4326
-0.443397
0.253088
3.65231
-11.0284
2.8178
0.390515
5.93935
-3.87191
-1.23846
6.13887
0.760774
0.319348
0.084249
-0.309447
0.423379
-2.08053
8.65082
1.14655
-1.63111
-1.76069
1.71722
1.56707
-1.20696
0.565347
1.07802
-0.238355
0.258317
0.645518
-6.59415
12.0822
-0.338288
-0.87327
0.504747
-4.48293
0.231387
3.05794
0.876885
-0.83918
2.67097
-3.97497
-0.0310227
-0.832255
-9.18595
-5.09329
-26.2564
0.0155098
419.609
0.0415246
0.357179
-5.21723
-1.1475
1.07776
0.0932532
-2.40634
3.49682
-0.173376
-0.894178
1.76952
1.82718
-0.106838
-2.79155
-2.70187
0.193254
-0.0413713
1.39774
-16.5554
0.717432
-0.235284
-0.858795
2.48267
-5.37994
16.1058
0.776648
0.289108
-25.0623
-3.41075
-0.970995
-0.948773
-7.59175
-1.49859
-0.763574
-0.201286
0.0916232
3.07279
-0.168739
-0.224842
0.075982
-7.29563
-0.588013
4.82527
8.75184
0.345505
-0.270221
-0.505537
0.123857
0.234729
0.467618
-2.82994
0.561937
-0.478016
0.350627
0.492871
-1.16676
2.62416
-0.396649
1.54137
1.24733
-0.529914
-1.8864
0.258381
-0.701199
0.570781
-36.6138
-3.81196
-1.10127
0.992195
0.14007
0.534907
-0.939411
0.377256
-4.41477
-0.295863
-1.49812
1.6777
-4.33891
0.286068
-0.270463
1.17703
-0.491174
-87.1448
-2.57276
0.430559
1.35244
2.6672
2.38931
-0.564004
-1.45251
0.857254
0.296577
0.327024
-1.78675
0.103211
0.451149
2.7696
-0.042774
-0.30789
-0.119115
-5.10587
-1.03707
0.968326
-0.248617
-1.15293
0.700802
1.00323
-2.14925
-6.92532
3.1942
-1.63734
-0.649464
0.670548
0.560739
-1.05071
14.6615
-17.942
-0.866857
0.257245
-0.0847672
-0.246375
-3.21526
-0.610566
-0.887342
-3.19054
-14.3018
0.219365
-0.798812
0.0411469
-1.48114
1.69873
-5.23881
0.634993
-0.0582298
-2.30127
-1.17796
-1.34809
-1.44681
-0.245204
-0.0077332
-0.202173
0.920697
-1.97673
1.05249
-1.02276
-1.29867
2.11859
-1.49514
-2.89719
1.53091
-0.489926
1.89292
-29.3194
-0.709936
-0.0338782
-1.49614
0.560729
0.361601
0.117783
-0.199542
-1.6993
-1.41248
-2.21858
-0.513951
-0.0634357
0.300123
0.242906
0.555161
3.63757
-2.67076
-0.40671
-2.41367
-0.946318
-0.198382
6.30526
1.18293
-3.70136
-1.37314
1.65291
0.106879
-0.368948
-0.903669
-0.433201
1.1186
3.65878
0.839412
-1.64027
-2.6827
0.457296
-0.165422
-1.76742
1.22263
0.14136
-1.75104
1.54773
0.634197
-1.83695
-1.34655
-0.94962
1.97482
0.838811
0.238241
-2.37421
-0.268916
0.134064
3.36528
2.35383
0.347852
0.789829
-1.97758
-0.102671
0.379695
-1.06037
-12.5253
2.53023
0.513487
0.173221
-1.66727
-1.70299
0.488858
-1.26067
-60.0762
15.2604
-0.792199
-2.10305
0.390733
-1.33442
1.08272
-1.83153
-3.18609
-1.73936
-1.0099
-0.191285
-0.420209
-11.9577
-0.0141537
-0.227112
6.53403
-0.161998
-1.10519
-23.5834
-2.24032
-0.511619
1.05823
-1.19897
-0.152973
-0.601293
-0.212016
4.89589
-0.608991
-0.832203
-1.47939
0.296703
1.26669
1.84271
3.26989
0.560616
-0.761614
-0.330662
6.68902
0.633017
-1.95052
0.170531
-1.71367
-0.195389
0.143241
-0.744093
-0.880106
-3.16959
-4.8392
0.98767
2.05612
0.67421
13.6174
0.969321
-1.51572
-0.590583
3.73325
0.972546
1.18238
0.384477
1.64804
-0.230014
2.6126
-3.36503
17.5866
-4.17947
1.58528
1.61077
0.610309
0.0462672
0.623817
0.860266
-0.331363
1.649
-3.81782
-2.07415
-6.39728
-7.70333
-39.1062
-1.73637
0.138304
-8.06263
-1.61602
1.09496
1.11804
-5.37245
-2.89375
5.83435
3.10214
1.00676
-5.57411
0.0205307
-2.09981
0.518357
0.353035
0.769147
-0.625257
-11.3432
6.10751
-0.898625
-0.327047
0.157416
0.287872
-4.09951
-1.41648
0.935553
0.054395
-1.71274
-1.84881
-0.186833
-0.0935712
-0.425879
-2.40366
-39.1234
-0.913653
-0.260968
0.279731
-0.287374
1.53322
2.27158
-6.94245
-0.446378
-0.758839
0.330904
0.590447
0.515761
-6.21241
2.96399
-1.12778
-50.4316
-2.1289
1.71271
-0.173389
-0.632401
-2.15172
2.85861
-1.43455
-1.031
0.84669
0.25003
23.9783
0.146026
-2.18692
-1.24001
3.71949
-0.22173
-0.791721
-0.503208
0.990408
-4.45688
-0.590882
-1.25167
-1.36335
-0.0950892
2.07666
-0.793545
-0.806122
-0.17508
-0.615823
1.47225
0.747617
-8.35594
3.57865
-0.741097
-9.37197
-0.477317
0.947393
0.777548
3.26831
-0.377729
1.44849
-0.692991
-6.38213
-0.569666
0.137012
-0.185315
15.3642
-12.2996
-0.60879
-0.261499
-0.230064
5.4821
0.263591
-3.45125
1.99904
0.721387
0.153027
7.15323
-1.40713
-0.869264
-2.15498
-7.41919
2.51325
-1.06067
-1.95796
-3.00071
-0.461817
-0.871525
1.80655
-0.516381
-0.482143
-0.310643
-0.687295
-3.72994
0.0423901
-3.58153
-0.641153
0.317046
-8.67449
1.36516
1.90962
-0.303907
4.72947
-1.64631
1.52175
-1.09202
-0.811152
-2.47188
-5.45361
2.84972
-3.34288
-2.35131
0.428723
-1.51611
-1.78152
3.28107
-1.00927
0.500672
9.66295
4.44888
-7.18077
1.95057
0.380403
0.534054
-19.3258
0.242278
-1.09592
4.37503
0.0872073
0.592729
2.19507
-1.34588
-11.3849
-3.03798
-0.54706
0.970715
-0.350277
5.50553
-0.449037
-1.18662
1.20879
0.676278
-1.40715
-1.71041
-0.832826
0.191673
1.35757
1.45629
1.81175
-0.976943
-3.51384
0.16338
-0.31797
1.70262
1.0041
-0.993294
1.15255
-0.44698
-1.10567
-0.300296
1.71369
-1.22581
-34.261
-0.42788
1.9968
1.68653
0.666159
-0.388321
-1.53809
1.09972
-4.27621
142.233
-2.04749
2.48961
1.42061
-1.03293
2.00685
5.60986
0.570244
-1.54564
7.66833
-0.683223
-0.398473
-2.82677
0.857255
0.47832
-0.452206
1.15337
-0.995388
-0.712784
-2.77665
2.03113
-0.304385
0.118402
-0.275222
3.58048
2.41804
-0.624379
26.8107
-0.52691
1.71693
-1.67108
-0.904482
0.0862659
125.88
-0.621443
-3.9016
0.0805246
-0.342371
-1.06308
-0.807353
-0.124394
-0.546498
0.623791
2.52354
2.46181
-0.710289
0.251925
11.4445
0.291547
2.89191
-0.406843
0.0642058
0.698502
0.881807
0.394709
1.53662
0.58562
0.0643607
3.36623
-0.745704
-0.0683954
-1.77359
6.22011
3.01345
3.81174
1.4763
0.751332
-1.0257
0.396976
-2.28468
-1.52933
-3.09718
0.502619
0.351777
0.932451
-4.26063
0.00840958
-5.67228
-0.274257
0.18258
-0.690479
-0.22728
-0.510416
-1.02887
1.4454
-2.52012
-2.89066
-0.054598
18.7472
-0.954348
-0.127211
-2.37996
-0.278328
0.150106
0.134171
0.600917
-1.49674
1.38485
1.0295
-0.850959
-0.283952
-0.572589
0.86269
1.44036
-0.17156
0.674033
3.39778
0.0766109
1.17714
-7.43125
-0.632425
0.801194
1.06537
1.47214
-11.8456
-0.461371
-0.0434643
0.61563
0.876022
3.58336
0.854903
-71.262
-1.50879
-0.0428478
-4.4718
-0.0276071
-1.80935
-0.296582
0.965146
0.0502601
0.174128
-2.70661
0.169597
-0.801649
-1.9367
-0.845182
1.80309
-0.355209
0.201688
-1.18705
-2.28359
-0.686578
-1.78144
1.10354
-3.3108
-0.281589
-1.11116
0.395399
-33.6657
-0.3196
-0.224945
-6.28413
-0.034534
-0.338587
12.1638
-10.4492
-4.91042
-0.252467
8.27414
0.447187
-0.171465
7.32378
-1.02817
0.245493
1.68393
0.667649
0.590022
8.33648
-0.413999
0.233918
1.31667
0.626384
0.0772921
0.15256
2.11459
-1.29261
-3.31483
0.578985
-82.2242
1.13017
0.810039
0.629071
3.42152
-0.526188
-0.910219
0.90091
-1.65733
0.238865
53.285
1.05037
-0.136648
-0.0141309
0.883431
-0.254631
0.43675
20.0434
-0.738901
-0.951295
-1.78221
1.30826
0.573257
-1.51428
-0.435755
-0.689912
0.323383
-3.60111
-0.165483
0.238127
-0.257911
0.552719
-0.270046
0.139705
-0.133944
-1.02041
0.432866
-5.57015
0.164331
-0.250742
-2.7387
-0.709326
2.98788
18.2472
0.353172
-1.6102
0.204286
-1.19653
-1.71187
1.60531
-0.335675
0.253935
0.104646
5.99441
-0.152916
-0.552624
1.03545
0.73046
-0.647929
-20.7963
-0.124046
0.956041
-1.2602
0.563083
0.963757
-0.0757724
-2.51614
-0.581296
1.96903
0.300074
-4.98118
-2.21171
-0.574819
2.38462
-22.1153
-1.63582
2.29103
0.133089
5.21852
-4.34382
-1.47066
-7.46552
1.71464
-3.65271
-1.75844
-1.43189
-1.06635
1.37857
3.84156
-0.680318
-0.453566
3.50393
0.41694
-0.741387
0.654316
-1.6705
0.752499
-0.19067
0.137654
-0.504732
-4.26529
-0.873352
1.08056
23.9981
-2.99114
-1.90784
1.64749
3.6507
-0.366301
-0.877091
-0.757958
2.18928
-0.0514601
1.61595
1.18594
3.6484
1.41623
0.971403
-4.3998
0.952268
-0.404418
-0.474907
-2.27336
-8.30107
0.0963867
-0.94792
0.0601252
-1.08663
1.53077
0.795843
-0.257931
0.695099
-1.36885
-27.6938
-1.00769
-2.66058
-0.445403
-5.09039
0.220492
68.5389
-0.0564569
23.8401
2.38961
-0.569297
4.94735
2.22125
-0.839423
-0.516538
-3.42014
-0.789831
-2.95349
-2.68431
30.0356
-0.124835
-0.0182018
-0.488417
-0.556878
-1.13939
0.72542
-6.57986
0.23377
0.113178
0.720547
-321.727
0.308908
0.0690419
52.7805
-0.207092
-2.77068
1.20465
0.82023
0.255466
0.330496
-1.067
5.45193
-2.50658
-0.58545
0.628827
1.66291
0.177461
69.682
-1.21822
0.314581
-0.332204
-3.09105
0.510675
2.0856
37.9773
0.57555
3.84872
-3.03845
0.716849
-0.238053
-0.313431
0.434563
-0.478297
0.548791
-0.929937
-14.762
38.881
-0.416847
-0.241709
1.82542
-7.18793
1.90341
-69.5791
-1.09015
-0.0471748
-2.00662
-0.0592576
-1.51237
0.173901
0.621737
-1.64189
-1.44663
-2.64568
2.2672
0.736234
-0.265026
-3.72299
-0.621677
0.0736759
-22.0579
-2.08488
-1.11538
-0.358979
-1.58812
-3.61002
52.2078
-5.98063
-0.247624
-2.70995
0.45965
1.2767
-1.80182
-2.77791
-1.52534
-1.41382
1.34546
2.2707
48.681
2.40001
-0.72668
-2.98072
0.00507464
-0.477258
4.91649
-0.440201
0.876356
-0.64117
-1.19804
-0.386744
-1.99817
-0.775631
0.306571
0.78246
-7.0547
-3.16863
0.765855
1.65037
-1.1385
-0.507781
1.77707
0.638278
3.75002
-2.34227
-2.31369
11.8791
1.13376
2.27976
1.60311
-5.67684
-0.22325
4.87558
-2.76887
-0.0894048
1.96701
1.25202
3.1608
-2.98421
1.82557
1.60396
5.08428
-0.667144
1.08507
-0.426166
-1.04008
-0.0895864
-0.10753
0.897442
-2.23638
8.32915
-1.05749
0.895433
9.84619
-0.75036
-4.42798
0.319273
0.589398
-3.06767
-1.35477
-7.06733
-1.58181
-2.76068
-0.0906531
0.871046
0.77741
-0.331823
-0.591252
-0.698278
-1.25698
2.89297
-0.618884
10.7009
2.50977
-0.580766
-0.373911
-3.0895
5.4086
3.13157
2.0468
-0.27291
-4.38318
-6.96192
-0.126609
-1.08122
0.82093
2.08795
-0.434001
0.357867
1.9919
-4.18411
-8.74703
-16.0111
-0.864091
-0.22873
0.929253
-0.462946
-0.731301
-1.19932
0.461224
0.367412
3.03473
0.940289
0.911528
-1.85231
-1.51989
2.22515
16.1117
0.37024
0.669675
1.76385
0.165302
-0.242309
-0.518443
1.17128
1.4295
0.63976
-1.00698
-0.363681
-0.91139
-1.17557
1.9496
0.109632
-0.683913
-20.064
-1.17235
-0.249766
-1.97723
0.610618
-1.20259
-2.92021
0.964489
0.882303
0.0362007
0.44675
-0.989193
-1.99382
-0.713348
-0.762438
0.947108
-0.915459
0.165065
1.18304
-0.0058401
0.307182
-0.315027
-0.00429092
1.05466
0.419938
1.75323
-1.32922
-0.362943
-0.888899
-1.30881
-0.297136
-0.934317
-210.423
-1.447
0.214316
-6.51533
0.788822
-0.0168915
3.60026
1.06363
0.276726
0.293294
-1.45662
-1.01095
-0.371674
-0.649039
3.32604
-1.31046
-3.49266
1.47631
-0.328615
-0.405447
-4.3129
5.29101
0.227325
-0.183608
0.398374
0.10899
-0.538036
0.761632
-1.77218
0.255286
3.16881
0.0118459
0.155516
-0.0141743
-1.20944
1.78047
1.03303
-0.683986
1.63487
4.88365
0.526458
-1.54226
3.776
0.595873
-0.8719
1.8682
-1.09305
-0.909238
0.553943
3.08739
4.81214
1.30494
-0.533385
1.8065
-0.314678
-11.1291
-0.0237497
2.1717
-0.760064
-5.92708
-0.970581
-0.278692
-0.260723
0.190279
1.15065
-0.878516
-3.29133
-5.88641
0.477209
-0.0182362
0.391669
-0.38303
-1.67177
0.662163
-2.22665
-48.2423
1.75021
-6.99387
-9.07907
-1.56419
1.88742
-4.40821
-4.258
4.7157
1.84797
0.662022
-2.04152
-0.0158912
0.510279
1.48666
-2.17565
-9.01958
0.996836
-0.255704
0.199179
-4.34452
-0.79576
-0.279314
2.82157
-2.38109
-5.63508
-0.463809
-0.858759
-0.460284
-1.40299
-0.361682
2.09496
0.728776
-1.90629
-13.0361
2.17478
-2.18577
5.05725
2.15457
-0.892504
0.80527
0.0887359
-5.62494
-1.04895
5224.41
-1.39809
8.84086
2.18724
-2.81133
-1.06001
-7.45539
2.91763
2.72702
-0.134432
-0.40824
41.1514
-0.0900552
4.92699
1.86757
0.042511
0.541957
-0.236214
-0.188163
-0.224659
-0.676485
-0.222944
0.543272
-0.511361
0.0533567
-0.792887
1.98292
-0.121599
6.2922
1.61163
-0.824962
2.2641
-2.02373
0.88342
0.390445
-10.7979
-0.377814
-12.8609
-3.22424
0.0123747
-1.0737
-1.47028
0.650335
19.7284
-3.96939
-0.147436
0.0933037
-1.2071
0.0351585
0.598428
-4.82207
-18.488
-0.568346
-0.301422
-0.832572
-0.268463
6.83046
-0.844557
2.51115
0.71832
0.095164
0.365489
3.94221
0.0159695
13.1803
5.21292
2.99295
-5.17551
0.542794
-0.239516
-0.209922
-0.270586
-1.26995
-8.6801
-2.72275
-0.0550034
-0.195937
-0.0549911
-0.562362
5.90457
0.478557
0.604517
-1.31124
-235.806
-1.18492
-5.10858
0.203154
-2.14139
-0.737797
-2.75647
-1.232
3.55294
-2.79924
-0.678869
0.956352
-12.6423
18.4982
-1.43176
-3.2911
1.43661
-1.23703
2.46344
2.51977
1.98464
-0.175485
0.798988
0.00414352
-0.0788791
0.878982
-3.51494
3.07909
-4.1148
0.864089
-0.313624
1.54812
-0.445281
-1.57808
1.23514
0.415278
-0.220915
0.99327
2.76944
-0.411744
-0.751915
0.283621
-0.584021
3.71985
-0.919587
0.632797
-1.17375
-16.4637
-0.0654548
0.021553
0.123762
-0.402233
-1.74664
-0.269258
26.6473
-0.353722
-0.660583
-0.520987
0.58795
2.01639
-0.5972
-9.97291
2.24443
-1.33385
-18.1203
8.81468
1.22408
0.41228
0.328694
0.290058
0.76467
-4.19577
0.12034
-0.820131
-0.616817
1.01822
0.504302
-0.813577
-0.943285
-1.43884
-0.438098
-4.9668
6.8072
3.10657
3.65444
3.24893
-61.4235
0.356561
0.238118
1.77397
2.6871
2.24824
-0.434688
-2.37139
-1.32388
-1.06282
0.585491
0.744836
-4.96808
0.424974
4.52722
-0.602392
-14.3069
-0.0309058
1.01422
1.30345
-2.7639
-0.672058
111.364
-0.476904
-0.110977
-2.53624
-0.542171
-8.22208
0.741746
1.50759
-1.14271
-0.416779
-0.541375
-1.69977
1.87273
-0.320895
0.926504
-5.30332
0.0765395
-1.79855
90.3609
-0.160292
0.114262
0.14682
-1.30242
8.43668
-1.18256
1.32985
-1.93079
1.46524
0.524776
15.0545
-0.0449553
0.82956
-1.60137
-0.822582
1.39751
1.54447
0.13187
3.10823
-5.56845
0.730832
-4.99161
41.2411
-1.169
0.904807
0.182594
-0.766721
-4.92805
0.234085
-0.717442
-0.601761
3.86528
1.05069
1.03644
-0.0605913
-0.00138177
1.96304
-3.46399
2.98161
1.43312
0.0216402
0.826905
-1.21289
1.05482
14.0879
-0.445939
1.29359
0.496741
0.349595
-3.49795
-12.1006
0.700213
1.33792
0.741466
-0.0662984
1.44535
0.34215
5.16738
3.3853
-0.851181
-2.09312
0.272558
0.623286
0.306947
-2.33159
1.04118
-0.814973
0.804612
5.57812
-1.49558
0.223526
0.152374
-0.29694
-0.726057
2.44871
-1.98833
3.00723
0.00612378
0.139007
-5.55883
2.37544
-4.70371
7.69315
-4.77873
2.0962
-3.94221
1.47531
-1.64038
2.62476
-1.31365
-1.9347
-2.32194
-237.013
0.0156062
-0.485536
3.03792
0.344628
-4.08327
-1.33841
0.670512
-2.698
-3.43408
10.3204
-1.86207
0.801991
0.0697155
0.412461
-0.0778624
0.24839
-2.37188
0.844103
1.64533
-91.8233
-21.1641
0.394229
0.625837
0.974926
11.2568
0.145592
-0.540085
-4.68343
-0.0242572
35.5187
-0.681822
-0.236055
-0.427361
-0.996621
-2.33186
283.172
-0.890789
-1.71793
0.181217
-0.65505
-0.313139
-1.86474
-6.24594
-0.171072
-1.26726
1.40388
-0.488317
-50.1185
-0.454837
-0.659015
-0.257544
0.709432
-2.50513
0.671051
0.182989
-0.965018
-4.01561
-0.124971
3.7444
0.0869727
-0.0698139
9.02871
0.15734
0.162137
1.00269
62.2362
-1.73951
-0.263726
0.099928
2.02515
-0.827506
0.593133
0.927154
-0.730046
-1.76128
1.4965
0.489611
-3.25744
0.954711
-0.425054
0.114029
-1.16615
-0.7754
2.06202
-27.6626
0.995487
-1.58504
0.0984584
-0.538375
1.18867
-2.01773
0.539238
1.7192
10.4706
-0.214473
-1.13234
-2.15202
1.11011
-0.310098
0.338092
-0.750674
43.5451
-0.605619
2.44121
-3.74222
0.0481831
0.68611
0.416023
0.0122711
2.5704
-2.26893
-0.0804115
-0.643771
1.68756
0.312633
0.977533
352.448
0.371232
-1.09449
-2.93664
-0.216514
-0.14235
12.2387
-0.600143
0.202342
-1.06651
-2.36298
-10.7775
-1.41062
1.37681
-2.41144
-1.60542
0.683268
2.04459
-1.82427
-5.21628
0.505618
-2.78085
-4.9019
-7.61604
0.45379
0.581593
3.9659
-1.99198
-1.18105
-0.260062
-1.97833
-0.997824
481.606
0.262258
6.2765
-0.995214
-1.40771
0.692119
0.566473
0.493585
-1.87501
-0.382983
0.928233
6.48738
-0.249606
-0.262573
41.5999
0.351079
0.195064
0.113039
-8.49777
0.823353
0.707552
0.0803656
-0.458258
-0.0968272
1.62186
-0.0875488
0.00655244
-1.09147
0.362867
-0.176332
0.809121
-0.154423
3.71394
-1.25619
1.30167
-0.174782
-4.32189
2.18678
-0.119565
0.312862
-2.09907
0.209865
-6.38087
4.11664
-1.40936
0.101093
-3.89858
-1.87499
2.40138
1.80118
-0.0438749
0.648492
20.8239
0.912114
-0.106991
-0.0533531
-2.81928
0.458132
0.163202
0.68885
-0.610181
-0.707112
-0.203275
-1.72922
-1.86964
-0.162564
-0.430715
5.23356
1.73197
0.221652
-0.260263
-2.04702
-0.967042
-7.85483
-4.94658
0.0612951
0.519684
4.14805
7.99511
1.29889
-2.3583
-0.14111
0.521928
-0.808159
0.520524
1.0539
-0.393554
-0.415203
-0.852432
1.50436
1.48321
0.0292987
-0.555118
2.66592
-18.3347
3.91667
-1.32027
1.09896
0.60068
0.426847
3.01614
-3.23631
-5.64678
-0.401262
-0.400156
0.459893
1.03093
0.609358
0.389787
0.361392
0.955441
-1.16586
0.344625
-1.28189
8.17885
22.9819
1.30941
2.28874
-4.20416
0.264441
7.21186
-0.248242
14.0941
-20.8924
-3.5795
2.08085
8.89346
-1.80689
-4.10262
-0.361579
-0.365272
0.0763761
-1.25398
-1.17673
-0.450091
0.393273
0.571096
-1.30512
-0.29928
-21.2516
14.9438
6.75169
-0.468514
-0.729426
0.110697
4.73732
0.748022
-0.456844
-0.882994
-0.646026
35.3335
0.58155
-0.142281
0.891792
0.210051
-0.598408
5.13157
-0.581811
-0.61284
-2.98357
-0.657138
0.00652955
0.282848
0.12012
0.373899
0.73941
-0.91197
-0.702255
-0.281934
0.996748
0.283237
-0.134765
-2.09909
-1.45078
0.8318
0.107024
7.61873
0.205519
6.62275
0.56605
-0.582539
-0.107866
0.495075
-0.062993
0.790181
-0.197436
-1.82296
-2.17283
-0.215963
0.169579
-0.127456
1.71614
0.84805
-7.06582
2.40099
0.441249
1.84579
-1.31329
0.823563
0.543407
-0.704433
-1.43846
-1.80651
-0.222044
0.41164
9.49123
20.0095
5.81644
-0.895371
-2.97226
0.477459
0.165483
-0.890441
1.06173
2.63382
2.26227
-0.734973
-2.50035
0.227047
0.867348
-0.271286
-1.29246
0.10288
5.29387
1.17113
-1.69107
-0.427434
1.13296
0.440816
-2.27849
-1.0616
0.229552
0.138827
-0.15684
16.2859
0.0356409
-0.580773
1.2013
2.58683
1.52761
1.77216
-1.4795
0.643708
15.8359
0.173485
2.6694
-0.829134
3.18634
-2.19193
-0.866076
-0.911
1.20279
-0.733718
-2.25387
-1.66742
-2.87006
0.222571
0.636161
-1.60368
0.794458
34.5397
-1.77625
-0.224201
-4.9809
-0.382472
-1.11146
-6.06585
-3.28296
-0.490942
4.58115
-2.33925
0.678605
0.211519
0.751036
0.865689
-71.4322
-0.535754
1.02764
0.055744
3.17618
0.250009
1.14197
0.496468
-0.0949009
0.206963
-0.420512
-1.87597
10.3335
-0.473863
-0.585289
1.1758
-0.00868515
0.035088
2.2308
-0.394059
-0.558552
64.6286
-0.0527037
-0.367472
0.7369
5.16675
0.142141
-0.678218
-0.738825
3.88496
4.50989
-0.784533
-0.534859
0.344676
-0.416052
-0.630897
-0.239745
7.85885
0.304071
1.77292
-1.02923
6.24381
-0.413643
-22.3963
-1.90172
10.4469
-1.37416
-1.55541
2.68694
-1.19465
0.0325434
-0.153165
0.129023
1.50698
0.966384
0.115295
0.680036
-0.02081
-2.374
-1.08193
2.77107
-0.237955
4.2505
1.16275
-0.579551
-1.06711
0.367507
-0.0918025
-3.25357
-1.26896
0.222186
0.265657
-9.34267
2.1054
0.534885
0.670786
-0.655489
6.23773
-0.403261
4.76654
-2.48852
3.75317
-6.09096
-0.545091
0.00830711
-0.470721
0.75186
0.419727
-0.275801
0.791541
-6.99721
1.68931
0.553753
1.57656
-0.253662
0.0216565
-3.5252
-0.0216063
3.79073
1.36427
1.94279
0.207202
-1.06402
3.76782
0.0318164
0.545003
-2.49319
0.462415
2.4671
-0.467716
1.13338
0.77956
2.77123
0.743268
0.103018
1.06571
-0.807706
-2.02396
1.05668
4.23652
0.451244
16.1111
-3.21203
-0.172443
0.461733
1.51281
-0.188023
-1.29975
-0.828802
0.063289
-3.13228
-1.34822
1.09921
-2.5155
9.28639
-0.0182428
-1.65593
-1.63696
0.740141
0.132948
2.53896
8.90893
7.84982
-2.25326
5.98188
1.62658
0.917625
-2.12014
0.393343
-3.43142
-0.318809
1.63499
-0.426501
-0.26502
-1.82892
-1.2766
1.22448
0.958517
-1.20658
6.92295
-0.565532
1.11775
4.77102
5.34115
-1.35989
-0.927526
0.243263
-0.405663
0.703037
-73.7045
0.244519
-2.00093
-0.121977
0.227582
-1.99532
-1.11464
0.615137
-1.05944
-8.98786
-3.19044
-3.04888
0.0799063
-0.700008
-0.518499
0.0451308
-0.925869
0.334375
0.0103122
-0.403715
-0.346662
6.74847
-1.27398
-0.0981473
14.0958
-0.567997
-2.33865
-1.81686
0.478825
-0.0446564
1.29019
-0.557152
-2.65267
1.87925
-1.97967
0.85694
-0.35076
-0.44535
18.1053
-0.6799
-1.47239
-0.457787
0.853342
-0.948273
0.229788
1.33079
15.1271
-13.8928
-0.454365
0.393072
0.481354
-1.1094
-0.436173
46.5186
0.497537
0.279075
0.555525
-0.461664
0.836268
1.45913
-11.3607
-62.7419
-0.304797
-1.43607
-0.215745
-1.86017
-1.46285
-1.12549
0.385235
-82.0175
-0.00377791
2.69462
-0.290064
-72.6104
0.00465409
0.557409
0.129593
-1.37405
0.475269
-0.418694
0.192198
-1.14722
2.79334
0.0600226
-9.26362
-0.680731
0.807807
-7.26217
-10.3213
0.967244
-3.85195
-1.40256
2.03629
-26.3469
-0.0561991
0.295235
-0.518636
2.19312
-2.69318
-0.836228
-1.63891
4.0573
0.645559
-0.137495
1.77374
0.153802
0.794339
-114.946
0.282336
-1.22628
-0.651586
-0.254285
0.805336
-0.16853
0.235651
-0.330177
1.15686
-3.16603
-2.94204
-0.870492
-0.316794
-0.1691
-1.3232
-0.113159
-1.3518
-7.01098
-0.923725
-0.436511
36.7751
-0.725637
1.71064
-45.5641
2.21932
0.663637
2.32404
0.233572
-0.971064
0.151243
-0.81983
0.724013
0.539448
-1.34836
-0.324163
-0.335126
-2.50157
1.50742
-0.841126
-24.969
0.410047
3.33234
-10.0561
1.90467
-0.335319
-0.919036
0.394485
-3.50353
1.88793
3.84001
-1.1021
-0.150383
-2.14469
0.323708
0.596715
1.05881
-0.722783
-5.7137
-1.10075
-0.392486
0.48312
-7.03726
0.370305
1.21891
-0.293979
2.19341
-2.72084
-6.24861
-1.00177
1.24687
0.65972
-1.17982
-0.868213
-2.08008
-0.405817
2.41107
5.80551
0.334484
-1.62772
-3.92369
-0.689322
0.353652
0.65264
2.12057
-0.122794
1.23078
1.07754
0.250139
0.568746
14.827
0.141654
-0.428322
0.393664
2.29816
-12.8081
11.092
9.41007
-2.31791
-0.00105269
2.93401
-1.23167
0.970604
-8.00233
-0.0585342
-1.72149
0.405008
-0.392225
-0.390066
0.98577
-0.294906
-1.82495
-0.36126
-0.292031
-0.730044
0.493152
2.14593
-3.68642
0.193226
4.02644
0.169014
-0.690445
0.614606
0.585573
0.215267
0.65176
0.830553
-2.64442
-0.340927
1.23498
-0.117138
4.09572
-0.666829
-0.09864
-1.51476
-1.9717
-2.77778
-0.314136
0.570808
0.309864
-1.39617
-3.83952
0.826711
-1.28935
0.129544
-13.3677
-28.5341
0.0122541
0.622825
0.0144452
-2.1271
0.950634
1.32495
1.09194
0.762503
1.074
2.55406
0.107431
7.60158
-2.40055
1.26573
-0.570793
-0.736477
0.715445
1.75153
14.0743
-0.396457
-0.103141
-0.0152458
0.0211043
-1.10641
1.30448
-0.398853
0.265902
-0.0816491
0.606344
0.0270429
0.667693
-0.0184633
-0.294464
0.430491
11.8515
-2.67867
-2.51696
0.294546
-2.45631
-9.21035
-5.40159
1.55095
-2.23532
0.0921382
0.13203
2.34242
-11.5965
-0.696063
-0.431642
-0.0267442
0.937065
1.01869
3.98899
-3.25071
1.38776
-1.66855
-0.839726
-0.754568
-0.291098
2.37282
-0.751959
11.4789
-17.3302
-2.43818
1.4758
4.23438
-2.09276
0.234548
-0.800363
-10.2132
-0.62503
-0.142538
-9.83972
0.0133057
-0.914392
3.14553
-0.0453908
2.0124
0.0557869
1.99593
-0.268905
-0.386563
0.673523
0.692456
-11.252
0.379298
0.263927
-1.13931
-20.6043
-11.1831
-0.91976
0.436508
-0.503687
-1.18916
-0.370778
-14.7797
0.44025
-0.801974
-1.30838
-0.926317
-0.275732
1.98767
-0.407384
-22.1834
2.05902
-0.976782
-20.4881
-3.24521
0.282969
-0.18937
-7.92418
-0.096599
0.104793
0.0985344
1.53594
-0.956729
0.542358
-1.63967
-0.119197
-19.5843
0.339432
1.33247
20.4826
-0.36779
-0.0870739
0.0827061
-0.853386
0.438182
0.01818
0.420267
1.17594
1.4354
-0.197782
-0.678922
-0.83675
-1.32094
-19.4917
0.125214
-20.4382
0.646479
-0.600601
0.114344
-1.89293
2.76348
1.84513
-8.2067
-0.235133
-0.220158
0.524569
0.0278818
0.491331
0.898762
4.51069
4.73761
-0.698882
22.8521
0.586929
-7.08544
-0.366586
-2.72431
-0.923266
0.586017
-2.98508
1.16346
-5.8401
-1.00747
1.44851
0.296825
6.50526
1.18703
0.616116
0.131166
-28.815
0.355877
0.638814
0.0368247
-1.98038
-2.36924
-0.574469
0.197818
0.0065376
0.285044
0.977958
-0.884285
0.0693459
-0.401015
-0.791902
-2.25624
1.09457
0.548161
4.23312
0.129456
-1.92111
-0.926177
1.47916
0.00584072
1.77331
5.11206
-0.827973
0.0041986
-142.345
2.86462
-0.251134
1.65353
1.08613
0.400285
-2.6103
-0.797542
1.27201
-0.591839
-1.18719
1.80697
0.107214
-0.602572
5.34661
1.01583
-29.1774
-35.0491
0.373113
1.98608
-2.89596
-2.31006
-0.838334
4.84291
0.0804291
-1.29286
-6.23448
-0.183905
0.332042
1.6107
-0.509352
0.509883
0.133597
-4.45048
-0.199248
-0.109006
0.236356
-4.2273
-2.35276
1.87645
3.91176
5.91458
-0.783854
7.25864
0.627948
-1.11509
-0.181497
1.55692
-0.323149
-1.41777
-0.375176
-13.728
0.361862
1.16505
-1.7863
-0.391122
2.10954
0.276417
-8.83255
-1.33495
-1.28168
-1.33801
0.00889341
-0.00277819
0.0378058
1.83162
1.10742
-1.64413
3.19234
1.20811
1.3539
-0.223102
-0.665932
-5.15301
1.40901
-1.09458
-0.72861
4.18315
-0.502421
-1.75485
-5.54182
2.36477
-2.58758
-2.76818
-12.8098
-8.9657
-3.60358
-1.65819
-44.1131
0.309233
-1.04796
-5.91555
7.95623
-0.859555
0.259252
0.331086
2.16751
-0.156479
-1.339
0.0826308
114.923
0.836209
0.810949
1.57003
0.198901
1.58881
0.568608
7.15851
-3.57373
-0.593981
4.89913
-1.28159
-0.0345215
-5.43856
-1.57078
-0.290585
7.656
-11.0337
1.52485
1.52746
6.67599
-0.917188
-0.475035
0.10055
32.0497
-3.24075
0.509376
-0.602082
7.68693
-0.580579
-0.769843
22.1556
2.39816
-2.63569
-1.53783
-0.0317826
0.533571
-4.38444
-6.5447
5.80396
-0.575915
-0.867848
2.79461
0.90572
-1.37465
109.846
0.559771
1.5339
0.868883
8.09954
2.27131
3.96809
-0.0290026
0.82997
0.622707
567.016
-0.914916
-1.23331
-113.55
0.282899
2.38966
-2.96882
0.420633
0.736239
4.44918
-0.51532
0.317305
0.241445
0.475266
-0.422386
8.2527
0.224968
0.359978
-0.770589
-0.553733
0.576118
3.82635
1.13875
0.130427
-1.36461
2.40376
-5.79084
1.02769
0.315752
0.751371
0.108215
0.124584
0.346737
-0.254073
-1.29079
-1.65373
1.82953
-0.0500746
-0.157231
0.774684
7.33993
2.9907
-0.478902
0.271687
0.0309624
0.561556
0.222908
-1.47679
3.17187
0.692714
-0.904189
0.00350171
5.11524
0.529695
0.847135
-0.315076
-3.12128
-0.0235176
8.34268
3.35486
2.71634
0.719339
0.080038
-0.482549
-2.08281
0.402849
-2.21607
2.60608
6.91213
0.414316
-0.987168
-0.280624
-0.719333
1.47247
-1.4638
-0.316627
0.874143
2.89955
-6.21518
0.49883
-0.298967
-0.602421
0.297884
0.881732
0.650273
-0.387262
-1.32465
-2.41555
0.365819
0.0794368
-0.279415
-4.41255
2.84011
663.368
0.757511
1.20838
-0.287756
-0.398131
4.62783
-28.6201
0.339854
0.0023473
-0.362834
-3.69633
0.904963
-0.383377
-1.77799
-27.2208
0.30522
0.425007
-0.942466
1.05072
-0.506138
6.43943
0.720382
1.171
55.4409
3.29515
-1.2786
0.372443
1.3023
0.642564
0.519788
-0.350409
0.426559
0.258482
0.775973
0.406151
-0.426579
-0.443465
0.943598
0.757067
2.15316
1.14945
-0.733358
0.393373
0.321486
-1.14998
2.406
-0.700771
0.355983
-0.0370098
0.257446
2.14877
-0.981307
16.6367
1.64914
1.06918
6.88271
-0.0121645
0.432427
-6.55135
-0.990737
-2.26082
2.44836
-0.836211
0.00255361
0.484313
-97.4159
-0.365819
-0.492997
0.148688
-8.54127
-40.0113
0.387914
-0.00294882
-6.55088
0.824044
-0.255806
0.0126753
-144.222
-1.25045
-52.4629
0.631205
1.30851
-3.37041
-1.2018
0.516904
1.2093
-0.658321
-7.72547
-19.7035
-0.625949
-1.59955
-0.517203
-29.9058
2.14211
9.92635
-0.423908
0.761899
0.354491
0.0514725
-3.3146
-0.115375
-0.406347
-1.17899
-1.50041
5.97023
0.0209513
-0.288558
-0.822667
3.00252
0.395072
0.287778
0.386662
0.0911294
0.868855
2.3058
2.29307
0.226487
-1.23134
-0.812919
0.444781
12.1166
-0.964159
-4.35071
-17.3698
-1.84797
0.96845
0.580223
-0.0111577
0.464687
-0.329933
-0.373503
-2.03908
1.38851
-0.144283
0.124353
-0.785927
-1.1207
20.4753
-4.04557
-1.82123
0.29752
-0.387984
1.57113
-0.720868
1.28854
-3.91517
-0.488881
-0.495331
0.00217653
-1.46542
0.847769
-2.55589
0.232807
1.25994
1.98172
-7.15419
1.03997
-0.167789
-8.23561
5.1276
-0.171558
7.3558
-0.185581
-1.82843
2.46099
-0.162325
-0.383588
2.74843
3.92639
2.28085
0.30065
-2.88287
2.82584
-4.22701
0.310142
-0.862356
0.426126
1.16244
-0.983029
-1.07442
-3.25376
3.27031
1.69473
-0.000616003
-0.39054
2.96701
-0.212703
-63.4446
1.11085
-0.840554
0.140909
-0.782864
-3.37772
1.88213
-0.748681
-0.760151
0.0536311
0.264483
-1.53744
0.199066
0.565843
2.46578
0.625327
2.9775
0.249865
50.4017
-0.478581
10.3108
0.175824
2.31206
0.674208
0.307364
-0.926877
-0.641734
-0.307005
-0.485378
0.0528526
0.377377
-0.722196
-0.130883
0.308604
0.979582
-0.54266
-0.0437785
-2.09067
-1.12171
-1.93028
3.51268
-2.37154
0.315764
-0.218747
1.27195
-0.632563
-5.78976
4.27843
-0.592247
-5.23432
20.5688
-3.24917
-0.258839
-0.481078
-7.08973
1.31074
0.737119
0.159903
0.0862263
-0.501343
1.31401
-0.769056
-5.03136
-0.284087
0.595425
-6.94697
1.15119
-0.514083
-1.03234
12.6499
3.15522
-1.41859
1.14139
-0.013955
1.63024
1.26761
-0.770727
9.03669
15.2934
0.81776
-0.2387
20.6265
-2.97802
4.28253
-0.0790295
0.603573
-0.346222
-0.449713
1.16992
10.0517
-2.36497
-0.15974
-1.47698
1.27762
9.23265
3.80699
0.402209
-0.262882
-3.25627
-0.208318
-0.905689
0.205627
-155.701
-0.2917
0.614959
1.08564
0.636411
-1.61323
-0.40494
7.37657
-1.36996
2.75507
0.287321
-5.76011
-0.0087392
1.25221
0.352693
0.552303
-0.662457
-0.0718028
-6.39066
0.0966525
0.665202
2.79683
1.37828
-1.10924
0.658404
-28.9066
0.144408
-4.86973
-0.621824
-1.13992
0.0877632
-1.17075
3.28579
-1.00244
-0.674888
-0.578553
8.84231
-2.9287
0.971876
-0.117145
-0.906182
1.5398
-0.768056
0.520206
15.2666
-1.74209
2.70467
1.2782
1.12047
-0.948174
0.562879
-0.0898031
-1.66123
-3.48914
-0.093039
0.516913
0.808496
0.0542979
-3.3516
0.00256166
-0.41837
0.462033
-0.94796
-0.0470467
4.65554
-2.47929
-1.56027
0.715263
0.94267
-0.995672
0.386092
3.1328
2.11108
1.41568
0.604826
-0.207812
-0.156583
-0.139118
1.87946
0.753569
-5.01377
-1.45056
0.0469599
0.230627
2.23456
-2.12123
-0.93122
1.56757
2.88799
-2.95873
1.15252
0.154436
0.162958
0.152371
0.246149
0.471179
-5.72746
0.961379
-1.13145
3.14327
-6.214
-0.272619
0.116685
-0.130588
3.72744
-0.515009
1.11961
-0.567828
-0.396511
5.12198
0.332943
-5.0589
-2.5719
1.39948
-0.0670626
-0.567305
-0.285853
-2.42938
-0.365785
1.32193
-0.0199309
-0.179537
3.40058
2.01204
-1.96169
-0.627687
0.0792016
-3.64777
0.35573
1.31311
0.365463
0.968488
2.90827
2.05519
-0.341596
0.318303
10.5398
-0.716206
-0.231104
-0.21263
0.884363
-2.06197
0.481766
1.02768
-1924.48
59.7063
-12.5319
-0.183123
1.40136
0.771526
29.0108
1.47627
-1.12985
-3.79358
0.139805
14.7212
0.917041
-3.66189
0.208572
2.6612
0.00689678
0.630895
-1.46838
17.9117
-0.846925
-0.534516
-2.27252
-1.22425
5.58797
-0.666618
-0.476983
1.33802
-1.36795
-0.292421
60.8581
-0.0909688
0.880278
-32.7782
-0.263338
-0.336672
3.72296
-0.547935
0.781522
-0.777012
-1.02414
0.0435594
-1.43017
0.967068
0.225162
-0.785359
-1.84489
2.90274
-0.212178
-0.654963
-5.93111
-6.45299
-0.350362
-35.717
-0.964116
0.20368
-0.0417369
-0.381673
-1.44866
1.97256
-0.0244293
-0.0235451
-6.19201
-0.873966
-11.6809
0.81018
0.272211
-0.910855
0.223537
1.42282
-0.54871
-0.170345
-5.18033
-2.55242
-0.108069
1.27332
-0.286856
3.80818
0.406208
-0.349653
0.164656
-1.55506
-3.05537
-0.733954
-1.06004
2.35469
-2.82756
0.963004
0.597438
0.92855
0.274189
2.73472
-1.46853
0.184831
0.25607
0.0336348
2.09236
-6.53901
6.34977
0.548194
12.516
1.45566
0.601353
-1.58202
7.15197
-0.269724
-0.40148
0.228187
-1.70232
0.300608
-1.86463
-1.0679
1.91575
-1.02013
0.114422
-1.11767
-0.652796
0.165126
2.53639
0.823296
0.891351
16.2586
0.541474
-4.8308
-3.97479
-0.703973
3.21586
7.2723
0.741423
-1.01364
0.963244
-1.88741
1.45938
-4.67324
5.2023
-0.579284
0.122321
-1.58048
4.84749
-1.87962
-0.357589
-3.36498
1.8791
3.38412
0.187677
-0.593283
7.1987
-0.863155
-0.174412
1.23281
-0.68932
0.040442
-0.307757
-0.424557
1.03503
0.890915
-6.19048
-6.10447
0.209225
5.11465
-0.621878
-21.6431
-0.549685
-1.33808
-0.0823622
0.921375
-39.7933
-4.03725
-0.223074
0.573794
0.158503
-1.00073
0.221234
-7.69749
1.60622
-5.04822
-13.2282
0.00096472
-2.23532
-0.890478
-0.00293288
-5.93117
0.343977
0.820568
-0.177227
-0.477155
6.5551
-0.519429
-53.2678
0.19603
-0.908711
-0.607574
-1.44311
-0.628784
11.149
-1.6031
1.05903
2.32459
-0.803523
-0.515466
-2.22927
6.72677
2.4703
-0.0372132
9.34182
0.333488
-1.02566
0.156298
-1.49516
-0.825001
0.700018
-0.661457
2.6003
-0.647947
-0.686293
-2.14094
0.9554
-1.13947
-1.5968
-0.379806
-0.576474
-6.74119
0.0810025
4.79987
4.09989
1.36744
1.27985
0.986223
-2.24019
-0.918452
0.20685
-5.19672
-0.93447
-0.145716
0.257431
-2.33913
-0.239004
0.755398
0.30861
-2.84884
-1.3204
-0.271238
-1.53646
-0.202803
-1.12548
1.80969
1.86899
-0.901396
-1.1255
-45.2783
-0.0582598
1.48563
-0.414384
-5.80714
2.44386
0.0552699
1.13291
3.13277
-1.28405
-8.60952
-4.28603
1.505
-3.05878
-0.217178
0.641866
0.274004
-5.62172
2.29612
20.2193
-0.688417
1.46795
-0.00691249
0.282581
-1.66217
11.5255
-0.690779
0.337951
1.19262
-0.60377
2.02503
2.49882
0.573935
1.55574
-0.0856623
0.35202
0.483996
0.672922
21.4039
-0.103836
31.2536
0.863611
0.386085
7.54814
-4.39913
-0.674674
-0.265123
1.26464
5.48297
-0.043538
0.953585
-0.523554
1.39142
-2.24798
-0.548979
-0.0401419
1.21229
3.0943
-1.09205
-0.638929
-0.296222
0.435566
-1.85585
-60.161
1.83063
-0.469439
-0.775841
-1.4084
1.62629
1.57431
-2.87343
2.11952
0.167792
0.737742
8.62158
2.49992
-0.0208864
0.601561
0.131433
-0.625721
-2176.65
4.87674
1.65736
27.9423
-1.11086
1.18422
-0.0940742
-4.73437
-5.28341
-12.6126
0.987821
2.08914
-3.83221
0.118966
-1.26195
0.787201
-0.510782
-0.0932832
0.954803
0.228751
-0.563634
-2.74765
0.301147
-2.47873
0.552283
0.115717
1.49059
37.9735
2.99618
-0.533502
-0.279621
-6.69686
-0.180642
-1.58651
1.28765
0.484515
1.06249
-0.185541
-1.44388
-1.6672
1.99529
-0.381701
-2.05357
-0.937334
-1.47962
0.300487
-19.3772
79.035
1.59442
-0.850029
0.89757
1.68771
-0.669953
1.04151
510.33
-2.64647
0.393943
-5.03838
-2.43608
-1.72749
-0.227889
-0.4003
2.03263
-256.116
0.309656
0.774351
-0.843546
-0.635054
-0.377968
-0.35877
-8.57516
-0.846129
0.0661071
0.247238
-5.16743
-0.34823
-5.28104
-0.320774
0.0259836
-6.57989
0.575907
-0.156782
-32.8057
1.94243
-2.26151
2.26739
1.28985
0.400576
-12.676
-0.188179
1.04955
0.040133
-7.80962
1.03915
0.0457191
-1.41646
-1.19959
0.135012
-0.949179
-0.235811
2.20496
2.59222
-1.56335
0.448792
-1.35758
1.61938
-1.17928
-4.01313
0.316014
-0.352264
0.642946
-3.07186
2.40154
0.21519
3.67538
-0.815079
-2.21621
3.21814
-2.60508
-1.71265
-0.404469
0.592551
1.05996
-0.199208
0.834765
0.401563
-0.67643
-0.857198
0.383167
-1.08036
-2.82545
-1.37635
-0.855423
-2.6787
-0.0812251
0.50595
3.59662
3.6547
1.44645
-4.77099
0.171637
-0.4555
-0.575134
-3.33163
1.03084
-2.06984
1.34508
0.118914
-0.372149
2.073
0.0173645
0.319152
-4.41572
-0.613319
8.50475
-1.36803
0.191248
0.0763683
-4.00361
0.0354192
0.401148
1.08502
-0.000616962
-4.95738
-1.12399
1.39048
-64.2031
1.02472
-2.35572
-0.514817
0.168414
0.467495
-1.8464
0.801951
0.0871213
0.16051
3.54195
-3.08831
0.0533444
0.6363
-6.80879
0.0542886
-0.632564
4.89643
-3.24667
-0.931703
2.14827
8.44501
0.283283
23.1054
-1.33697
0.485925
1.6466
-0.761268
-0.238935
-1.05552
-0.101879
-2.04152
-0.0178258
-0.465054
-0.301883
-47.8018
-0.505894
-22.0159
-0.395465
-0.48204
-0.436436
-1.70119
3.17087
1.29351
1.47537
-2.01241
-2.29169
-0.321481
-2.74504
-0.770705
0.895156
0.831918
3.23598
1.18643
-0.281893
0.582233
0.177749
-1.26794
1.12873
0.702209
0.756899
1.04737
1.02361
1.22142
2.40597
0.348567
2.96683
-0.0310121
0.16953
3.08081
-0.51896
-0.448196
0.283428
3.78385
-0.533641
4.26547
0.370197
0.299793
-0.598672
1.92965
1.08379
0.0766596
-0.555801
0.193789
1.32253
1.2952
-6.38224
2.13612
-0.00588906
0.803119
0.515488
-1.2853
-2.25715
-1.85313
0.5231
1.47517
2.52232
-4.79691
-3.6645
-2.15503
0.58497
-0.346649
-1.35238
8.28683
0.297785
-0.19513
-1.28349
61.3905
-2.94345
0.535448
1.42635
-1.54554
0.411264
0.816609
2.62253
4.36007
1.37014
-9.02759
-0.0745141
-1.13265
12.6287
-3.2244
1.07374
1.45635
0.382484
1.91456
10.3891
-2.12056
-0.0821304
0.669824
2.05693
0.527092
0.586691
-0.197378
-8.71713
-0.53938
2.68524
0.427512
0.75603
1.9611
-2.07372
-0.612361
1.22197
-0.98155
-0.126825
-1.52385
0.149139
0.372374
2.39892
-4.24586
0.243641
-0.967636
-0.780191
0.270917
-1.40923
-2.26477
28.5976
0.192623
0.549381
-0.249433
0.0832591
-0.19014
1.14261
1.62203
-0.0535612
-1.69686
-0.0928408
-0.0443455
0.580964
-6.04099
2.71728
-0.382951
2.7395
0.258945
11.5204
-1.56343
-1.18669
-0.466711
0.800886
3.12655
-0.260148
-0.310353
0.681833
21.632
2.97509
2.19772
-0.301603
-0.242623
0.321595
-0.409435
-0.726738
-0.0317976
2.90527
0.422918
1.76924
-0.465344
0.430165
5.56966
1.43312
0.0493975
1.15013
19.8525
-1.92059
2.90174
-1.59705
-10.5168
-0.146672
-0.00195655
0.325652
-0.397644
-0.912838
-0.983023
-1.31492
1.00717
8.53694
1.22373
30.1966
0.218106
65.4183
1.99991
-5.85253
-6.79225
0.90921
-0.892228
-0.0290711
-3.37328
-1.35634
0.471578
0.0200925
-1.15281
1.11518
0.201237
1.63746
-0.000760114
0.212682
0.358528
0.619458
5.94472
0.0567706
-0.0309993
0.899913
-5.42264
0.437436
-0.516422
-1.3589
-1.35261
-0.586031
0.2635
-0.243365
1.66103
0.114649
4.19949
0.467152
-0.0745578
-0.165003
-0.621742
1.5992
-1.55792
-0.215724
-0.145998
1.00288
4.38754
-1.01887
-2.17728
-0.924772
1.71476
-2.86961
3.34112
-4.92925
-0.34151
-0.0406361
-0.122581
0.532257
1.56382
-0.19113
3.41045
-0.0929055
-7.76671
-0.289692
-0.550391
0.274667
-0.51973
2.52706
-0.481644
-0.720314
-0.533794
6.49605
-0.544649
-0.431778
-2.16045
-33.108
1.22213
-2.84202
-0.0829501
-14092.8
1.50432
-1.93105
-0.264333
-0.256653
4.10961
-4.55864
-1.55361
0.148575
-0.366233
2.00032
0.0441159
-0.182613
-0.691663
0.368133
-1.61009
2.9058
0.649654
1.80066
4.68999
-0.727929
0.129972
-2.10377
1.41279
0.834927
-0.744483
-1.98142
-2.00706
0.849331
0.550102
-2.66291
-0.847374
-0.514815
0.0379113
-0.26437
-1.40351
-0.526602
-0.754353
2.49501
-1.43547
4.84326
1.56348
-3.6653
1.02064
0.931676
-3.00937
-0.862472
-1.64509
-0.153878
0.0069424
-1.66194
0.397391
6.842
1.84603
2.20011
-0.220275
0.911076
6.32786
-4.91205
3.26313
0.080511
-3.51901
-2.51159
0.674162
5.17642
-0.217596
0.618913
-1.20202
39.9336
0.0639669
-0.311846
-2.16572
2.32798
0.893745
-1.87983
11.794
1.84029
-0.352559
1.62128
0.850615
4.77777
-0.0260612
1.21695
-0.053724
-0.0584733
0.866853
-1.18702
-0.0573478
-0.225843
11.7788
-0.920973
-0.535112
0.499132
-1.04729
-0.289302
-21
-2.09024
-2.09255
0.608936
0.61203
-14.5423
6.56973
-2.11883
0.358722
-4.99486
17.0877
-0.982004
-0.638298
-0.760735
-0.705268
-0.376828
-6.04432
-2.19963
1.08157
1.52524
-0.151428
17.2724
-1.363
0.23081
-3.99481
-0.922769
-0.224413
2.69542
-0.593281
-0.165794
3.63607
9.59509
0.398254
-20.4319
0.638685
-0.0482013
-0.91334
-6.01286
-0.501711
-0.270911
-0.111378
1.01768
-1.60453
-3.51518
-1.81797
-8.07661
1.08887
-0.149606
1.94711
0.301179
-1.79142
0.435545
-3.07205
1.21472
6.69365
0.429116
0.726568
-1.31934
-2.00124
3.0002
0.493474
0.448716
3.49976
-0.841624
1.47856
-6.27321
-10.3716
9.4143
2.60375
-0.430721
0.357648
20.3762
-0.16598
-1.81259
-0.303325
2.85983
3.98394
0.283084
-0.828565
0.00408601
0.572796
0.914825
-0.0279655
0.403881
0.531199
3.18886
-0.0463333
-0.371663
1.3506
155.721
-0.215049
-0.382989
-1.84853
-0.0754605
0.578416
-0.981977
-0.30347
-0.431612
0.246807
3.18858
4.98502
1.08428
0.306413
0.109749
51.4297
-0.310059
0.284034
-1.08632
0.374015
-0.796725
-5.32805
-1.26233
0.40132
1.28096
-1.14423
0.0764561
4.1639
0.651086
-1.13437
-0.349262
-1.137
-0.103918
0.0395777
-0.36057
1.33013
-2.133
1.7322
0.578074
1.4564
-24.8915
9.41701
-0.0945354
-2.41316
-0.976627
0.990894
0.0602633
-0.00312157
0.810939
0.242492
0.947315
0.012537
-0.409462
0.661318
-0.0735954
5.83084
2.2105
3.26091
-1.57054
2.16931
-10.4067
0.373105
-0.502167
1.38817
3.29497
-0.317426
0.745899
0.687104
-0.266248
1.78989
0.187837
0.280144
-0.39152
0.531702
-1.08401
-1.63041
0.22998
2.80348
0.761357
2.82921
0.456659
0.281887
-1.57447
-2.1534
-0.158874
-0.456013
-8.31601
1.44148
6.03879
-0.500513
-2.31378
-0.328598
-3.23988
-0.0756575
-1.36156
-0.412072
-27.4107
-0.247945
-0.813084
-1.53855
-2.9428
-0.601823
0.687924
0.867883
0.844319
0.909045
-2.4153
0.902524
4.11005
-0.542449
-0.148819
-0.868429
5.43837
-1.0644
-1.04833
0.096395
-0.341796
-5.30318
-0.338683
0.0205803
1.71846
1.74714
0.966164
1.52535
-1.56716
-17.4285
-1.62622
-0.187817
23.1597
0.0665318
-1.36419
-6.57022
0.681638
-1.2605
4.17104
0.0796589
34.6491
-2.55517
-1.4195
1.28866
0.152558
-2.54379
-1.19045
7.98986
2.06783
-0.541369
-1.83546
0.853608
-0.945017
439.795
2.31067
-3.87253
0.361323
0.0201906
3.56455
-0.677033
-1.54812
0.553294
-2.28226
3.31979
-1.90574
-8.79447
-0.314314
1.17954
-1.39655
-1.06336
0.196482
-0.0712206
-4.89616
3.02846
-0.649061
0.217491
0.244488
10.9377
1.15713
2.15966
-3.18869
1.54264
0.151572
-0.00359776
0.482075
4.20151
0.0911351
-0.898013
-0.636611
0.389154
-2.66751
28.9643
-5.76014
1.7631
-4.11413
2.04885
3.16709
0.637684
3.42575
0.343589
2.13145
-0.43071
1.25123
0.519029
-1.77788
-1.90396
-0.895381
-0.476539
0.283935
-0.0477591
0.100381
1.67828
1.04557
-3.53231
-0.679894
2.73665
-0.147508
-0.901136
-1.11281
-0.118288
-0.370432
3.30981
1.52291
-1.2061
14.195
-9.76237
-0.148346
1.06431
-1.02928
0.914754
20.5279
-1.12421
-0.486236
-0.706687
0.548096
-0.504876
-1.12971
-5.29335
2.74708
1.83237
-0.00909583
-0.880231
4.49693
-0.43932
-0.936697
0.0808708
0.362193
1.39153
1.04918
1.26135
-0.26057
-0.26447
-0.953785
-0.848278
-0.337298
-9.55783
-0.175361
-3.38958
50.4165
-0.051608
0.889763
6.41988
3.25586
0.240074
22.0414
-0.0611575
1.41408
-1.06875
1.0794
-1.46141
-3.38452
-0.618745
3.57738
-0.924998
0.0516998
6.05056
-0.103348
0.198087
-7.40385
0.680681
1.39681
-0.0838215
0.575112
-0.0787467
11.6974
-1.83642
0.118656
3.40193
-1.22332
7.05377
-0.298339
-0.0997932
-0.556282
13.012
-6.56181
-0.406403
-1.6114
-0.605011
0.425752
-0.77248
2.03237
0.957957
-3.79395
-0.158387
3.94566
4.17047
0.173362
-0.628894
-0.00458996
-0.780684
-0.392185
3.55345
-0.629958
4.7072
-1.88908
-2.15777
0.372285
0.571617
-6.87838
2.89327
0.357271
-0.735808
-0.608773
-5.31776
0.910514
39.3418
0.347507
0.496101
-1.30319
-25.4413
0.8965
62.419
4.74684
1.42316
-4.28367
0.701079
-0.00602667
0.0443324
0.0746792
-14.9514
0.385518
-0.813005
22.5716
-1.3228
-0.0303765
-0.930191
-3.43434
-1.08234
-0.676665
-2.12189
-2.66791
-4.39681
-0.496692
-0.902098
-0.358262
-0.356197
1.90912
13.5182
0.160026
-0.248566
0.436445
-0.372196
-0.0579647
-1.67896
-1.1315
0.107924
0.328001
0.195043
0.112263
-0.662564
0.166607
1.2704
-0.189982
1.00589
0.120056
0.0474526
0.869662
-4.06134
-3.92084
5.50351
-5.65363
1.32226
-1.30295
0.394158
-1.00629
-2.78322
3.39332
0.660245
-0.379701
0.426527
-1.81673
-0.402497
0.923991
-6.31316
-2.66646
0.0618229
1.7496
-2.22683
1.37462
-0.267822
0.183431
0.210363
-2.17884
1.52294
-0.607605
3.30721
-7.04905
0.0560447
4.94935
-0.466577
-0.730131
0.865204
-0.171808
0.478845
6.93606
0.590329
0.404656
0.449661
-4.42484
-1.03828
0.761466
1.42868
-1.3677
0.691361
-0.277298
0.413545
1.8151
-0.882466
-0.0221566
-0.206294
0.842337
-0.118599
1.35254
0.767883
1.77933
2.23902
0.749816
-0.0346685
0.985322
0.373049
3.26401
1.07095
-0.0211716
1.21375
0.0428916
-0.534086
3.73086
-27.892
-1.06712
0.0641577
-0.308722
1.81166
-4.9917
-1.21838
-0.39012
-0.144306
1.98097
1.01366
-1.57385
29.2432
-0.731992
-5.38885
-0.687998
-0.641796
-0.288208
0.975065
0.756896
4.29177
3.99797
0.338457
0.698524
1.4746
-2.93556
-0.485071
-3.24889
-0.105671
-0.104104
-0.310939
0.018688
37.3631
0.0785398
-0.932027
-0.210375
4.2631
0.281134
-0.302902
-1.43421
-1.39012
-21.196
0.161361
-3.2527
1.69361
1.13768
-0.657683
-0.0679586
-23.0916
-1.17648
0.232879
-2.31705
-0.235735
48.4863
0.20916
-0.982057
-6.21392
1.53153
1.23462
0.387731
-1.34023
0.535335
-2.60356
0.0687583
2.0462
0.672268
-13.3571
4.29915
-0.338729
0.399953
-3.2597
-1.08814
-0.89973
-0.503127
2.66758
0.489805
0.466151
-4.07468
0.132475
-0.383291
-0.0873515
0.251908
-0.0527227
1.0846
3.05812
1.15282
0.344007
-1.01976
-0.391855
-4.03199
1.76428
-0.210035
-0.0580819
0.519939
-0.6986
-0.439671
4.75904
-1.54732
0.485177
0.211741
1.45912
5.38334
-0.155967
-0.424084
-0.427341
-4.4793
13.5845
0.67718
1.56206
1.72093
4.40975
-2.91589
0.0665436
0.205132
-1.47538
-0.349285
0.491644
0.177005
-2.03431
-0.643538
0.426983
-0.675304
-0.277708
-1.27749
-33.4177
-1.08684
7.90177
-1.23219
-0.630936
-2.32553
-0.183899
3.3526
8.34394
0.563204
-0.403763
-0.112918
-11.4587
-2.64147
0.0262274
0.925449
0.289693
-2.41061
5.95722
0.681328
-0.205942
-0.945831
-0.0208596
0.164278
3.58608
-1.12589
1.69479
-1.646
-1.28217
-1.17899
-5.27719
-4.34674
0.288087
3.13872
-0.612291
-4.97458
-0.744552
3.5605
-2.93624
0.495171
-2.82939
-6.25988
-0.135215
4.64306
-0.0932814
-3.84898
0.722737
-2.1935
2.04343
1.85762
4.04283
3.61703
-0.241261
-2.72401
1.76446
-1.60572
1.38648
-1.37887
3.56504
0.581335
-0.0373662
0.306691
0.25093
-0.451556
-4.43381
-3.31621
-0.357754
0.653861
2.56816
-0.67019
-0.602512
0.627917
3.32946
2.06159
-1.29297
-8.55143
-1.80416
-14.4793
1.58383
0.362556
3.5067
-0.475256
-13.8137
-1.46539
1.16535
1.7465
-1.17354
-0.0422489
0.446813
-50.0641
-1.0711
0.17474
0.47766
2.22724
-1.75244
6.03745
-2.85381
-0.365083
-3.82075
-0.178033
-0.0801464
0.192911
-0.0958444
0.681385
-1.40579
-0.749897
-0.743996
-2.07588
0.180291
-1.38418
-0.0197072
-5.09068
-1.79178
1.73607
1.02436
-1.23508
-35.2372
-0.53976
5.10095
3.38924
-0.70776
-18.6262
-6.53075
0.533567
-0.796465
-7.04103
1.4642
-0.315296
1.41099
-2.64653
1.45496
-0.847455
0.847185
3.7771
-1.65506
-1.33227
-1.29292
1.66309
9.88894
-1.29009
1.43583
-2.18046
-0.852481
-6.78797
1.63194
16.4532
-0.49962
-1.6951
-1.85379
0.415037
-1.14983
0.554624
0.173751
-0.679354
2.0553
-0.649402
12.0215
0.58523
-2.53736
-0.314163
1.37983
5.34078
1.06618
0.0126057
-1.7025
-0.440019
-9.09424
-0.742232
1.29619
0.478551
-1.0209
5.70747
-0.9401
-2.06716
-0.640862
0.698077
-2.8925
0.39155
-0.313969
-3.81202
-0.124626
0.123166
0.955509
-1.63108
-4.71781
11.7086
-0.36058
0.3847
-1.05751
1.64541
7.64858
1.69569
0.0614007
1.68262
0.864327
-1.98143
1.07182
-1.07553
2.039
0.372912
-1.21073
-1.19182
-1.52009
0.272432
-6.62531
-0.243221
0.230765
2.18258
0.792096
5.46673
-0.376701
2.83257
1.11137
-0.299082
2.36462
0.292056
1.86531
-1.65085
-0.0927283
-1.66461
0.2056
0.403802
-0.706905
0.601067
0.0490838
-2.31937
-1.7985
0.970278
-0.558876
0.455032
-0.336482
-0.613808
-1.96206
-0.989426
0.28587
11.018
-0.0670408
-0.571441
-1.93263
-19.8368
-3.93318
0.436859
-2.28965
1.37454
3.10963
0.991457
1.33438
0.0325575
0.0172301
0.789226
-0.667984
-1.6057
-1.19499
-3.01393
5.11502
-1.25881
0.962755
-1.43115
19.4652
0.601946
0.468823
-0.167467
-4.44164
0.26667
3.32946
-2.77921
-0.830056
-1.6642
-0.373358
-0.395908
1.40468
0.143713
-0.90289
0.4498
-2.25416
1.47833
-0.423641
0.84424
37.9979
0.879332
0.652754
0.0943231
9.88424
-2.75106
-1.08839
0.12345
0.611648
0.811009
0.280847
-1.47677
-0.272949
-13.2318
0.363467
2.0527
-0.613614
0.178901
4.75337
-0.674765
-2.82621
-0.312737
1.4347
-0.968728
-0.417646
-2.1534
-0.689637
-3.82067
-1.36885
0.160391
-0.178488
2.68985
2.58187
-1.9869
-0.736189
2.58891
-1.07051
-1.91438
1.29404
-1.91754
1.47655
-1.47758
-1.1377
-4.63235
1.13812
-4.35808
1.25451
-15.9479
-0.462921
0.524016
7.66597
2.71774
0.901919
0.667593
-1.4236
-0.733059
1.04671
0.941691
0.595901
-0.181104
0.767199
1.1879
0.881986
0.196677
2.29457
3.62967
-1.87635
-0.605417
0.96173
-0.940662
1.30781
-17.1202
-0.164867
3.01622
-0.230713
-1.31899
-1.45411
1.9264
0.940089
0.0966233
2.38814
-5.2146
0.392212
0.452771
0.307709
-19.3328
-0.731272
0.583262
-0.274717
-1.76167
-0.401647
9.26996
-0.0734848
0.178048
-2.68562
0.479316
-0.520999
-2.11228
0.571721
-0.493096
1.74117
-0.228023
0.0375124
1.74613
-0.484271
-0.884338
3.52149
0.710995
-0.721853
-1.24405
-3.83427
1.46039
0.883171
16.2862
1.10339
0.660726
-0.896395
-1.69052
0.369578
-4.69859
2.2104
-0.253869
-0.328848
0.944611
1.47261
4.17618
0.326895
-3.10959
0.828453
-1.24179
0.729088
-0.171182
-1.17886
-2.99631
1.31051
1.0765
-3.94545
-1.61377
3.29524
0.892928
3.96718
-1.99717
7.35177
-2.02177
0.652788
-1.60324
-0.29874
-2.78533
-2.11656
1.32019
-1.84521
3.81309
1.77116
2.26216
-1.90434
-4.30443
-0.060314
1.52602
-4.68576
-0.49853
-0.00662079
1.51731
-0.188939
-1.40127
0.121119
1.62554
-0.58036
-0.102225
-0.93135
-0.676619
-0.366159
1.49425
-5.25299
0.163874
-0.395717
-2.93366
1.29472
-0.301182
11.7735
-1.10735
-0.993443
8.06864
-0.0199381
1.28093
3.45701
-0.535614
1.38483
-9.12842
0.109162
0.699175
0.12558
-0.0133345
10.3932
-0.707178
0.858351
-2.16841
-0.12585
0.48036
-1.0112
-0.0136556
21.607
-2.07577
-2.18313
-0.0535701
-0.0144334
0.198193
-0.752783
35.2057
-0.392318
3.90152
-0.609949
-4.78016
-1.45422
0.187006
-1.15952
-2.18785
-1.78219
0.454776
0.589179
-2.31535
1.30314
-2.04944
-0.773961
1.81119
-1.08427
-9.79025
-0.790479
0.0846829
0.28153
-0.226306
-0.271647
32.9913
22.0062
12.4673
0.885623
-3.11998
-0.844905
0.885194
0.047328
-0.464606
-6.96549
-13.2797
0.138875
-1.07744
3.8198
-0.701848
0.155442
0.232632
0.340914
0.709037
5.07565
1.36769
-0.439643
-0.119984
-2.90789
-0.468207
18.1752
-0.231333
-0.812224
-0.268457
0.134158
-1.28074
-0.189785
-0.228266
0.241166
3.55596
-0.155402
-1.00342
0.240269
-1.48775
-0.150049
0.482784
-1.10426
0.0269358
0.724628
-3.72239
0.735231
1.13042
-0.837098
9.88132
-6.86844
15.2222
2.82101
2.35148
0.923961
-1.93639
-9.59388
-2.27294
0.236703
0.327793
-0.160479
-0.0778501
2.14328
1.93778
0.681377
2.21164
-0.539772
0.0422985
-3.00891
-0.21262
0.933263
-0.106856
1.30904
-0.47315
-2.47116
-1.8503
-0.29415
-0.175567
-0.743217
-1.95838
0.00398316
2.05917
2.87
-1.0803
1.17063
1.80285
1.33202
-0.553223
-2.13707
6.93931
-0.318742
0.189107
0.192
1.4693
-5.52063
0.869519
-1.28319
-0.51056
-14.9248
-0.0050949
-0.989428
-3.88662
-13.5402
-0.161182
-1.0681
-2.43471
2.00543
-0.319048
1.39786
2.58466
1.33166
-1.79906
-0.733412
-11.8384
31.504
-0.663247
-1.80647
-0.0503984
0.87576
2.30424
-1.06051
-0.479101
1.55366
-0.4926
-0.654568
0.0359155
1.04594
-0.0266348
-2.1264
-4.20391
5.38434
0.429111
0.0495203
-0.262901
1.836
-1.19039
19.2359
1.05445
0.590346
0.480671
-0.867023
2.16938
0.393959
5.72049
0.146252
0.5323
24.1537
-3.36346
1.30245
0.392048
1.05949
0.801913
-0.282337
-0.99706
30.9186
2.25922
-3.6512
0.130985
-5.45012
9.57768
-0.623976
0.699377
9.37024
-0.0428976
-2.19766
-0.401489
-1.30043
10.2312
-3.6831
-0.109999
-1.48447
-1.73302
-1.08967
0.658162
1.1762
-0.946928
-1.1878
14.5078
-2.50769
3.65348
32.5804
2.01054
-0.263718
1.16085
0.551655
-0.113748
-0.562742
-0.538571
0.242478
-0.263236
2.38867
-5.06176
1.10009
365.361
1.36848
-1.24637
-1.07391
-1.32827
2.51323
0.609618
0.0279999
0.287933
19.9472
-5.44947
-1.27286
2.47612
10.2744
69.1447
5.2747
0.814648
2.27996
2.75554
-2.26078
-7.97603
-0.915499
1.4443
0.48835
-0.123306
1.33833
0.213344
-19.2087
0.336016
21.1716
1.73229
0.557576
2.06272
0.230367
2.29006
1.24392
0.478067
0.828789
1.09395
0.261148
3.96374
-0.13068
-0.904304
-1.44319
-2.9481
1.68382
-0.184468
2.443
-1.06969
-0.259141
-0.308486
3.17131
2.10526
0.344645
1.99581
1.30579
0.0714063
-0.390382
-0.125165
-1.57711
-5.83228
-0.120123
-1.06229
-0.134451
1.35965
1.19842
0.0701264
0.064747
0.615698
-0.693957
1.4785
-3.33272
1.47145
-0.99145
0.884248
21.9921
-1.41313
-32.6036
-84.3186
-1.60977
2.9372
30.0381
-5.06949
0.445925
2.16406
-3.05015
0.279124
0.433786
3.69746
-6.3227
1.96548
0.625422
2.57622
0.1331
31.6111
9.63474
-1.93681
-0.168405
0.525635
0.846232
-0.473834
-1.061
0.249489
0.229662
-0.615964
0.0477051
1.05434
0.548501
-0.0366578
1.0688
-1.52313
0.678805
-6.92644
0.170746
0.368578
0.0335045
-1.63246
0.216651
-1.78255
-1.46904
-2.70571
2.10765
-1.07808
-3.51827
-35.3428
1.26796
-29.5458
3.43846
-1.2581
-0.991209
-4.43663
7.92493
0.531583
-0.0398967
0.422095
-0.156117
0.452656
-0.0475041
-0.786356
2.15532
0.0609399
0.540627
-0.62266
-0.670396
0.254085
-0.783255
0.017241
-0.482829
0.554948
0.340879
-0.565936
-1.98349
7.01202
-0.214477
-0.542817
-0.304764
3.13683
-1.61502
14.0177
-0.0416032
0.659299
0.2211
-3.04909
0.149065
1.29542
-5.08403
-10.039
0.253236
6.75716
-0.45812
-3.85356
-3.30476
0.536058
2.72756
0.814284
0.875013
2.42829
-1.40204
1.59119
-1.25518
0.645281
2.39398
1.37525
4.5697
-0.425289
-2.30938
-1.29331
0.679038
-2.94184
0.949572
-5.39233
-16.8009
12.0775
-0.515736
-25.5815
0.0210636
-1.33089
0.361905
1.70834
1.17839
0.333906
1.22547
0.294995
0.500137
11.6561
0.510001
-2.36056
-0.0339566
0.209271
-0.391162
0.610338
-0.394178
0.54769
2.55849
-1.05922
4.95191
0.318789
-0.075348
-1.56418
-1.3133
0.12458
0.749361
2.4817
-0.280371
-0.686447
0.526678
9.72604
-1.83669
-2.35409
-1.82708
0.586229
-0.268903
3.31022
0.0119115
1.22106
-0.133087
0.138803
-40.4459
0.364026
0.115262
-0.265241
-0.923237
-3.77276
0.407909
-1.83544
-0.553342
1.46645
5.90814
-0.523506
-0.559783
0.819007
0.461815
-2.80782
-0.00688947
0.63155
-1.83232
1.26755
4.1874
-1.96214
2.00561
-3.52634
-4.68751
0.916265
0.774878
2.2552
0.821108
-0.253195
-0.298093
1.67233
2.49753
-4.38561
-1.10902
6.02501
0.777852
-1.08014
-0.242739
2.55814
1.79256
2.03766
0.488409
3.43137
-3.43549
0.520003
2.02033
5.40226
0.11759
-0.424696
-0.142608
3.60421
-0.96737
-0.508744
-0.6677
-0.391804
1.88101
1.44806
-0.365549
0.189777
-4.44479
-0.301044
-0.50394
-0.420484
2.05638
-2.56261
0.894017
2.98775
1.72226
2.01641
4.33657
-0.408764
1.60996
0.176099
-0.746563
0.261617
-2.84517
2.51471
-19.7583
0.621889
1.6111
6.18862
-0.642403
-1.99446
-0.393828
-0.248198
-1.20835
-8.37767
-6.18867
0.276164
0.859617
1.04128
2.75466
0.626569
0.580035
4.78856
-1.01705
-0.189078
-2.09064
1.44096
2.16646
-0.191318
-133.625
-9.77795
-0.0157455
26.1695
-0.155669
1.02818
1.19091
-15.3567
0.0742689
0.462198
0.884881
6.33862
-0.60649
-0.264415
3.16679
-2.09473
-3.22517
1.39868
-2.97498
1.55329
2.53801
2.96303
-4.55145
-0.320152
-7.59966
-3.0518
47.4911
1.37404
-0.857788
0.387008
1.03101
-2.96909
-0.345655
-8.21281
-0.705793
0.044072
0.816581
0.418026
1.00518
0.517498
0.197042
-0.0723534
0.0250024
-0.0370186
-0.810643
-0.74432
-0.0307374
-0.727079
-0.896731
2.08652
0.403663
4.34803
0.286135
2.14162
-1.85742
3.26028
0.769314
-1.56696
-5.8501
-0.649072
-0.941278
1.01576
-0.854781
0.771588
-0.275161
-0.357091
-0.267858
9.33642
0.91541
0.226033
0.274217
1.76587
0.842608
1.49315
0.366918
3.10419
-2.35459
-4.54438
-0.369685
-2.68156
-4.12465
1.03751
-0.222083
0.0565356
-0.04761
3.32018
2.7049
3.71343
1.18719
1.32575
-1.0848
-0.0362013
-0.804458
0.104392
1.55859
-0.0857231
0.273731
-1.39901
0.568072
2.26692
0.190581
2.37504
0.999799
0.793974
3.37363
7.51112
1.35021
268.709
0.127588
-1.53242
-0.087883
0.281757
-0.337413
-0.495912
-0.314084
-51.9556
13.6828
-5.29531
0.926327
6.3166
-1.38129
-4.84404
4.40777
-11.4426
-0.51912
-0.386634
-0.699923
-0.227177
0.859298
-0.227255
-1.17836
-6.30335
2.87596
0.0983083
0.0304776
0.660129
0.746847
-0.328511
24.5113
-1.03437
0.827285
-0.5867
-0.44567
0.614593
-0.0050819
2.27727
1.01779
-0.606892
-0.445656
-0.547412
2.48266
0.012344
-0.0101698
-0.1939
-1.09034
2.04165
-0.442651
-2.11136
-13.6805
-1.31156
1.21862
0.504542
0.290769
-0.211966
-2.39714
3.07183
1.16475
-0.768528
2.00049
3.72833
0.207027
3.41379
-12.4801
4.19431
1.74376
-0.702948
-0.238204
19.6346
-0.971584
4.11307
-0.189242
0.114267
0.0260831
0.809035
-0.46666
0.420493
0.721178
6.0615
0.100402
-0.14319
-0.200136
0.577999
0.0542506
1.95023
-0.589344
0.275848
0.52275
0.358639
0.861677
3.28107
-2.57724
2.48874
0.42346
-0.781942
0.786697
-1.44082
0.281454
-5.15118
-2.12664
104.698
0.964844
-3.0335
0.249956
1.5979
0.831257
0.212746
0.55884
-0.257463
1.2133
6.47273
2.1979
0.00425275
1.20941
1.28765
1.21978
1.44446
1.16325
-3.12816
1.33385
0.864318
-0.585225
9.4358
0.474227
5.70742
0.366361
-0.562531
-2.59167
-0.538574
-34.7772
-0.544704
0.921964
-0.728321
-6.66632
-0.147286
-0.0213437
-120.457
-1.4551
0.477316
1.73685
-3.64107
-0.0521473
-0.810918
-0.153139
-0.797647
108.24
0.183933
3.52706
-0.299943
-3.39169
4.1319
1.3531
-5.56194
-0.343028
-0.112846
2.2686
22.9702
2.74711
0.89463
-4.56605
-0.484119
65.6788
1.48559
-1.44778
0.840211
-0.480833
-2.85524
-0.370499
0.881238
4.28547
0.747195
0.5552
7.09228
2.06825
-2.32767
-4.86393
2.98125
-0.0875187
0.582344
-0.798964
-1.54545
0.135623
-4.03008
1.15601
-0.50304
-1.85404
-0.578492
-12.0439
-0.259967
-5.71666
-3.61886
-0.66388
1.02819
3.87561
-0.97707
-8.28737
0.619999
1.94979
4.96382
-0.483478
-0.292085
1.22808
0.465014
5.90744
-1.41235
-0.85178
0.818601
-0.0194735
0.265807
-7.84898
-0.775794
-0.490434
-0.510602
-10.7611
-0.547479
-0.26343
7.1394
3.1017
19.7223
-4.09694
-0.134195
1.11807
-4.60324
0.984409
-4.22388
1.72479
1.71303
0.474163
-4.57366
-1.69104
2.58824
-0.912839
35.9103
-3.54042
2.10549
-13.0829
0.117391
-2.98813
1.32301
0.120728
1.29718
-1.54297
11.3394
-0.656781
0.0639026
3.00288
0.172825
-0.677725
5.07391
1.32142
0.235785
-0.837791
-0.220922
2.29737
1.12323
-2.30658
0.622581
-2.11225
-0.859081
-2.369
1.07997
-0.691452
-2.27386
0.434481
-1.23787
0.72114
2.56662
-2.58412
-7.52402
3.49644
6.57261
9.38957
0.0127951
0.178308
1.18766
0.00727164
-1.47131
-1.03833
-0.0220026
-11.1973
2.25769
2.94958
-1.39149
1.37483
2.01453
-0.752899
-0.467278
0.652327
5.05878
-23.8066
-38.7554
-0.160203
0.736348
-0.668918
-0.268828
1.60518
-2.05005
-3.22652
-0.887025
0.155874
1.55575
-0.517171
-3.85331
5.83303
-0.324716
3.14016
0.0686415
0.785775
-0.345958
0.0478502
16.6299
0.445067
-0.505764
-0.726186
-6.73809
-0.0233484
-2.67644
-0.538015
0.296268
0.188251
0.0656412
5.44528
0.271777
-0.128074
-2.81641
0.340923
3.04074
0.051548
0.589626
-1.48198
0.368666
2.26883
-1.94757
0.893171
1.30319
-1.59864
-0.769358
-0.0837226
0.345332
0.661199
1.30494
2.17478
1.11696
0.0834721
8.12613
-2.1991
0.471581
0.0826977
0.84746
0.179163
0.805245
-0.640549
0.136611
-0.834868
-3.27055
-4.67316
-0.208238
-0.724017
-6.37267
0.440403
0.167195
0.677073
-3.33367
-1.42673
2.33619
2.00024
-0.603089
-0.524962
-0.216152
0.897847
3.03407
2.87789
-1.2929
-0.516602
0.820484
5.61785
-0.575491
-1.74159
-0.927979
1.24938
0.197041
-0.0498877
5.47252
0.177653
0.747556
-0.986413
0.261896
-2.43048
-6.61573
-0.348918
-0.859387
-7.92824
3.85707
-0.0336825
0.0125531
-1.08075
1.54143
0.672988
-0.863809
1.99164
3.17057
-4.45979
-0.103707
-1.19344
-0.454457
-2.69959
0.097976
-1.03834
-1.12084
-5.66812
1.1604
-1.10556
0.233525
1.39302
-0.834362
1.54968
0.264507
0.528577
0.562856
-0.970556
0.190536
0.090029
-21.8964
-0.627734
0.245419
2.14113
-0.628045
-0.24094
0.142003
3.74368
-0.976504
0.710333
-50.3978
-0.224065
-0.414148
-3.0431
0.747225
-1.46849
0.422037
-1.99688
0.719596
1.46245
-1.5372
-1.34755
-2.37836
-1.64148
0.3703
-4.41404
-1.73814
6.3904
1.05942
0.920244
-0.165674
-0.317646
0.068767
1.16088
0.31961
-0.752807
-0.0545415
-8.35203
-0.217693
1.97727
-0.0390923
1.9198
0.969812
-1.66664
-0.559775
-1.76252
4.55713
-0.667999
0.283628
-3.15196
5.52428
-1.39643
0.434875
-0.970936
-0.90241
-1.80274
-0.634054
-3.0302
1.16381
3.39127
0.70542
-0.582365
-0.0919651
-3.07822
0.212577
6.65573
6.46624
-4.97588
0.234712
-0.188513
-3.73447
12.0423
-5.10211
-0.385197
-0.186033
-4.89082
-42.8273
1.13268
-1.91567
0.216752
9.32105
-0.673442
0.261159
-0.271127
0.298448
-0.0807255
2.24255
-2.23035
3.70316
-0.0910113
1.51406
-6.27473
1.14901
-5.75198
23.6047
0.772361
4.40133
0.951056
0.249718
-0.511517
1.88786
0.128674
0.475468
-0.705667
-3.27791
0.570393
-8.93404
-0.091057
1.27975
-1.00464
-0.880077
-2.84935
-3.46375
0.798211
0.276409
1.85066
0.80137
1.06363
0.677627
2.92219
0.0562468
0.600041
2.45538
-0.421735
-1.53968
-0.264065
3.32479
0.344416
-0.161639
2.5393
6.70735
0.832109
-0.977926
0.481448
0.817566
-2.62717
-2.58328
0.346055
-2.88516
-2.37227
-0.392644
-0.305937
1.06094
-1.2676
0.741343
1.33853
1.62979
-4.14989
-1.85609
0.572457
-1.28883
-0.809641
4.44038
6.39734
-1.63252
-2.04202
-0.246466
0.00947016
-0.839252
0.487784
-0.140873
0.373723
0.671053
-19.2793
-2.82195
-4.87432
-0.111811
3.12648
1.96895
1.11816
1.51785
0.351028
-56.3555
0.0887275
0.314201
2.45438
-0.717987
0.310726
0.351776
1.38245
-0.421573
11.3202
-0.0577492
-0.823315
-1.40845
0.550066
0.639493
-1.98425
0.0414552
-6.67249
-0.440471
-0.717195
0.403903
3.31926
0.202067
-1.13291
-0.202908
-0.285442
-0.531789
-1.32945
0.0439984
1.14737
-1.07981
-7.63949
-1.04186
-0.230744
-5.37771
5.89645
0.488451
-8.02709
-0.518767
2.52526
1.09213
1.51231
-0.333718
1.45581
0.0289276
-0.157127
-0.436487
-0.254693
1.01717
1.46428
-0.53252
-2.93661
-0.618347
-1.95737
-2.28954
200.057
-1.59644
-2.35158
-17511
1.87165
-1.47693
-3.98361
-0.00014088
-0.307579
1.44514
0.725653
0.577865
2.00657
-2.77163
-25.0796
-0.267415
1.455
0.28128
-0.15169
2.98936
-1.94355
-0.556346
0.235612
2.78079
1.08437
0.193411
-4.89369
-48.0363
-1.77596
-0.790524
0.850157
-2.54082
0.457455
-0.231229
0.0334189
-1.45566
4.37613
1.43648
-1.02336
-0.41167
-5.56185
-8.61432
18.6849
4.5346
0.869765
-5.80487
1.63446
-0.22695
3.28252
-1.477
-1.1665
-0.420785
2.23945
-1.18663
1.06116
-0.593288
0.328776
0.129151
1.23903
-11.9967
-0.991437
32.627
-1.10177
-0.344438
-0.218981
3.2584
-6.65726
-4.01655
-0.283104
-3.30771
-1.46562
-0.421008
-5.44867
-1.9007
-0.436478
-0.238246
-1.222
0.00615495
0.325123
0.0262736
11.9818
1.39697
0.171301
0.631947
-0.0610525
0.939187
-0.07663
-0.538122
0.839593
0.0318487
3.72382
-1.92874
1.03986
-7.77907
32.4942
-10.9762
2.68416
-5.57127
-0.878344
4.40205
3.37673
0.74202
0.178751
5.016
0.323744
1.45296
1.47676
-0.686512
-1.52455
-0.972777
3.06452
-2.1496
0.729098
1.69941
0.0410858
4.28602
0.880137
2.48448
-7.35551
3.3654
-6.65514
-1.1434
-1.16773
-0.0989525
-0.0593431
-0.145328
1.23003
2.37225
-0.248813
-1.00181
-4.3054
-0.0234605
-11.3193
3.35658
0.368893
0.160323
0.152947
-1.75487
1.08863
3.16686
3.32617
3.37406
2.34789
19.3133
-6.10972
3.248
6.57299
-0.518092
-0.644916
0.158331
-8.79818
1.08119
0.796023
-1.42487
3.42998
-8.9828
-2.40656
-6.45207
-1.03872
7.82215
-0.553566
5.66324
-0.402483
-2.0955
0.195255
-0.726503
0.834434
1.46956
-6.97914
-0.369968
-1.32052
-2.77073
-0.955053
7.75657
-0.504202
1.93494
-1.90148
0.997409
5.52213
0.128247
0.334763
-1.21943
-0.406049
-0.939558
0.598072
-0.584812
0.501441
-1.07107
0.703997
1.51219
4.00598
-0.321672
1.01944
1.72876
1.11373
2.75269
0.434033
-0.582615
2.60811
1.142
0.385659
0.870082
-4.03309
-1.27829
-4.00116
-0.98795
2.04289
1.01625
0.459824
0.585842
-0.939038
1.8637
-1.96239
-6.2944
-1.42484
0.65415
-1.42513
2.08934
5.0504
-1.08549
-0.263746
3.32367
-1.42231
-1.48371
-0.691348
0.44744
-1.96187
2.64892
-0.225786
0.139923
-2.36119
-0.511356
-0.502485
-0.499899
-1.12931
-1.31385
-2.68318
-0.164562
9.30761
-18.8223
-0.259089
0.188798
-2.48633
-1.04532
-5.83257
1.5418
-0.693858
0.442381
-0.824549
4.97069
-2.53715
0.438828
-2.10184
-1.15271
-0.119777
-1.78481
-1.13188
2.79429
1.61426
-0.0464497
-0.162852
-0.600959
0.101237
0.464448
-2.3572
-0.795634
-1.95449
-0.975516
0.963584
-0.368513
1.46512
22.2185
0.361751
0.0516471
3.66058
-0.499965
-0.10518
-0.29389
-2.77537
0.192582
-2.62687
-0.0728018
0.598279
-6.05276
0.523619
-0.180516
-0.496419
-21.7724
-2.14798
-3.65032
-0.281066
2.63307
-1.78893
-0.38078
1.09743
-3.79662
17.1319
0.3747
-1.89971
1.62403
0.360123
-0.179857
0.76918
-11.0368
-0.936053
-0.445743
10.357
0.0201249
-1.55916
-0.316639
6.8714
0.384774
-12.571
2.67331
-0.305595
-1.71011
-12.8449
-0.262622
0.126075
-0.341541
-7.31427
1.21989
0.480058
0.124706
1.31422
-15.2079
-1.68004
-2.82074
0.392296
1.33345
3.38885
-2.49679
3.17978
-4.17311
0.0466886
-0.546135
0.921551
1.84415
0.0857417
-1.87963
0.763729
-0.205317
0.241018
-0.203002
0.312001
1.43819
1.11689
-1.88724
-3.48639
-0.282142
-0.414545
1.06834
0.504812
-2.06435
-0.158382
2.66895
0.357228
7.88402
3.75665
2.89063
1.02254
0.321314
0.774824
-0.00941615
-202.845
-0.31332
2.44422
56.5017
-0.491435
0.0598435
0.290525
5.03811
-3.90961
-1.91569
0.0257123
0.357383
14.8877
0.0482534
1.61071
1.26075
-0.274921
0.877111
-0.236572
-1.41071
-1.37607
0.103357
0.584601
0.38317
1.52192
0.387126
1.48958
1.88435
-1.36952
2.57331
1.13406
-0.158093
1.06117
0.317696
-0.997647
-0.101771
0.189584
-1.79877
-0.282592
-0.0723282
1.44495
0.103468
-2.95935
-0.443607
-0.542442
-0.201339
-1.13951
-2.32664
1.97837
83.5253
-0.408061
0.380322
-0.510772
0.767871
-3.31784
1.98423
-0.23267
-0.451964
0.446961
1.94886
-0.7901
1.10317
1.79905
-0.229215
0.255335
0.970098
-6.85291
6.95767
-0.92909
0.398529
31.6363
-1.89326
-1.07105
-20.6964
0.826393
-5.35483
-0.226156
0.502694
1.03069
0.17561
6.81437
0.669195
1.12953
0.383699
-0.00876371
-0.0874202
-0.521675
2.93091
0.682483
0.287618
0.122142
0.358102
0.439204
-1.72962
-0.530946
-1.37278
0.303183
-0.6985
-2.91531
0.189376
-0.560065
1.18608
3.20827
-2.14253
0.0373133
-2.94506
0.692775
1.26828
-0.300633
-3.50987
5.8318
-0.974119
-1.69317
-44.7219
-2.80911
0.678031
8.18831
1.11268
0.0554686
-3.32185
1.37814
-11.5042
-0.0504771
-2.32617
-0.319316
-1.74756
-1.86502
-4.15751
-13.1165
0.424183
0.675788
-4.33553
-0.287181
0.254556
-0.914269
0.645627
0.314899
-1.19348
-0.123378
-2.27487
-0.61624
-13279.3
-0.0119053
0.621811
2.31209
-24.3844
-0.0817341
-0.88474
1.29403
7.38455
-1.27642
-0.512567
0.0520958
0.130196
1.07719
-12.8597
-0.722138
1.93957
-0.617014
-0.311946
4.65855
0.36945
-1.4379
0.87407
-1.016
-0.338765
-0.141394
-1.02233
-1.47711
-0.333503
0.305664
0.695282
-0.12757
-3.95677
-0.783257
-0.0241497
-9.25766
-0.416916
-1.03423
0.0960116
0.830824
0.094401
2.6925
-0.235765
8.02347
1.40004
108.642
1.51706
1.34926
-8.53849
-0.695658
1.50171
0.923791
-0.6055
0.0658843
-2.29326
1.36182
-0.586614
-3.83078
0.620064
-11.1246
0.274909
3.42354
-1.98813
-0.377464
-119.811
-0.353782
-0.329327
-2.56129
-0.687643
1.6175
13.1143
0.345131
0.0717433
-2.08497
-0.819368
0.296236
1.87685
2.97962
-0.4862
-1.37144
0.205238
0.617427
-0.563392
-0.978147
0.672212
-5.61946
4.213
0.308813
3.68027
3.42844
0.0482081
0.200995
-0.767163
1.89224
97.9063
-0.157962
-0.453846
-0.416186
-0.0706
-7.14576
-0.336928
-0.932808
0.554836
1.3079
0.994389
-0.00421777
1.6239
0.559088
-0.100724
0.605283
-0.0942851
0.314544
-3.93167
4.17004
1.25512
-1.90382
3.55995
0.540751
1.2907
-21.0032
1.80443
-4.1033
5.42382
-0.304479
-2.13616
-1.273
1.46192
3.46463
0.170032
0.427545
-1.41552
0.768266
0.0900743
-1.188
2.12009
-0.734858
75.8108
-0.234288
0.740034
-0.861131
-5.64773
2.38703
-0.19469
-32.5868
-0.466742
5.96089
-1.14309
2.21287
0.952408
4.9209
-3.45633
-0.0668794
0.821155
1.30568
-0.255404
0.210524
-0.507653
-0.66553
0.279708
-1.9064
0.541759
-6.61739
-1.32184
-0.0829261
1.40254
-8.31553
1.44429
2.48887
-5.93459
-3.45489
-1.72925
0.966939
0.514678
64.4211
0.1202
6.09048
0.948086
0.477843
-0.512021
-0.433376
0.176654
0.626224
18.5289
-2.10721
-1.05284
6.38218
-5.3611
5.12979
-20.4404
-0.706186
-1.05505
-0.885082
0.531137
0.417685
-0.286425
1.65728
0.908674
0.10131
-1.74686
-0.364254
-1.37099
-0.480882
26.7498
-0.549836
-9.49979
1.55492
-57.136
0.896547
0.385585
0.577752
3.91661
0.988765
-1.30969
3.47859
-1.76143
0.0416651
-1.12438
-0.3345
1.02304
1.24206
1.03152
-11.1385
0.386923
0.844317
-1.81759
4.69514
-2.18795
-1.66313
1.01426
-0.164651
-4.98364
360.957
0.825659
-3.05443
-0.498041
2.59038
-0.56308
0.541661
-0.615071
-0.00598172
-0.328032
-0.256357
-0.147594
0.736653
0.63712
-0.0853323
16.6318
2.67091
0.610462
0.687284
-3.76706
-0.0242981
-0.800837
-2.88357
4.13279
15.4932
0.186372
-0.202711
-1.22926
0.98472
1.32143
-1.23005
-0.613815
0.686238
-21.2687
-0.801318
0.732835
-12.1661
54.2127
-1.28917
0.0130004
-0.852322
-0.471929
0.354884
2.85422
0.769141
7.00741
-1.44824
1.15487
0.498942
-2.95525
-0.888162
-0.670078
2.3192
1.67356
-1.68161
-0.151831
0.392585
0.821123
-0.289862
0.274059
2.0661
-1.22438
0.418723
0.564477
5.69671
-1.02666
1.86845
0.809673
3.44366
1.41495
-0.748964
-0.192149
0.422956
1.32578
0.455342
0.0636754
-1.53193
-0.0343949
0.23255
-0.0997096
6.53618
-0.30499
1.11327
-0.133928
-1.26444
-3.9178
1.27539
4.24088
1.31572
-0.139373
0.587255
-3.38142
1.1765
0.448935
0.0406476
-0.0231163
-35.3249
6.61722
-0.189003
-2.12682
0.992996
-4.20593
-6.42139
5.23418
0.631493
-0.570368
0.81251
-1.02719
-2.4557
1.9839
1.04785
1.62534
-0.733984
-14.1641
0.504655
-0.0542289
-13.3079
-0.506717
-0.729638
33.7591
1.02524
-0.193568
-0.368009
5.74297
0.644224
0.398742
-0.724783
5.57597
1.57463
-0.643
2.11201
-6.93289
-2.62265
6.87833
-0.493942
-3.50779
-0.57066
1.51348
-1.06046
-0.00835391
-1.52218
0.95427
3.45747
-0.842361
0.202148
0.567537
1.20174
0.493959
-0.882465
2.8056
-0.269152
-4.73903
-0.241142
1.49322
0.822434
-21.3182
-0.504891
2.62706
27.1173
-1.32395
-2.67984
3.61557
-1.38928
1.59434
-1.67937
-1.10519
-4.03026
-1.41717
-1.94609
0.2356
-0.647202
-0.711164
0.0839604
-10.3065
-1.06841
13.9075
1.76777
0.0320659
-0.17066
-0.269118
-0.612031
-1.35937
0.867957
0.177462
-1.35524
13.9818
1.69353
-0.215536
-4.27649
6.31036
0.945434
-0.176605
2.41558
0.336926
-0.0728518
-2.91605
-0.708448
-1.06161
-1.25908
-1.10778
-0.193355
-12.1616
2.79094
17.9285
-0.197087
0.762972
1.74546
1.52364
-0.11631
1.01366
59.114
2.75564
-0.460718
4.13381
0.436341
-0.649879
-17.2216
-3.32243
1.16312
-0.0993227
2.01288
0.101325
-0.861802
-0.260232
0.175544
-31.8713
3.6901
-0.223157
-0.535713
-4.6864
4.86869
-4.0048
-0.746603
-0.734625
1.26829
1.25528
-1.44275
-1.55907
-0.0580459
-1.92822
0.759507
-0.270266
3.45414
0.174188
0.0724703
0.698702
7.90871
0.547118
-1.54065
0.100386
0.552954
-0.496169
-0.186494
0.253524
0.304193
0.159507
-0.280351
-2.90637
0.58511
-2.19727
15.9213
19.3241
-9.69149
-0.246521
0.29402
3.73757
-0.054628
1.08891
-15.7931
0.0201446
1.06403
2.543
-1.39038
-1.04274
1.0186
-0.0308058
3.02062
0.0371734
-0.752739
0.57857
-0.0152781
0.257166
1.63391
1.02924
-1.06708
0.0918631
-0.169396
-0.221554
0.407856
-3.87776
0.794203
11.4853
1.91068
2.98181
-1.59971
-1.12208
-3.74417
-30.0902
-8.62452
0.917678
5.97035
-0.70461
38.6091
1.11171
0.863261
-1.83165
6.22646
-1.41435
0.450746
-0.167786
-1.35
-0.0713342
-1.03371
2.67124
0.0496899
-0.288454
-0.838932
0.514013
1.64091
-0.598708
6.15913
1.70686
-0.742488
-0.170621
4.97864
-0.799151
-0.725396
-0.537511
28.6905
6.01591
-0.279627
-1.44239
-1.41956
-0.378782
-0.753355
1.27113
-23.8635
-0.603087
1.29126
-4.60985
0.13886
0.317513
-1.42391
0.475474
-25.6865
2.5544
0.543803
-0.387625
-0.510208
-6.17098
-9.72952
0.611313
-1.80367
5.5161
-1.72424
6.42395
-3.02082
0.917385
0.379305
-9.91667
0.50533
4.43867
-0.0164852
1.01019
-0.95854
0.940884
-0.596199
0.781419
-0.774149
-10.6745
0.231597
0.0439882
0.130198
1.03426
-1.79847
-0.311515
4.89369
-0.372312
0.0201153
0.477972
-0.251693
0.213608
-1.06048
-0.292086
-0.127975
5.73735
-4.55912
0.451125
-0.144074
0.625515
-0.500212
2.16191
-1.31747
1.8105
6.79806
-1.2283
0.0158741
2.83571
7.1239
0.558545
0.795969
-1.2401
-0.447811
-0.41701
-1.26288
0.247525
-0.0939947
-1.15199
-1.53885
2.14359
-0.0578765
1.27781
-2.53644
0.11514
-0.586276
0.556922
0.0573285
-1.98937
0.479578
2.83452
0.554062
0.0900343
-0.111925
0.5199
-22.2419
0.078094
3.66191
1.21826
-1.11505
1.27722
1.15538
-7.99091
-0.762531
1.97767
-4.3767
1.3827
-0.292592
-1.01772
-0.177295
1.47891
-1.92008
0.151287
1.92542
4.02636
-5.09248
16.47
0.149936
0.39361
-0.222003
-1.10723
-88.4564
-12.054
0.114763
0.909093
-0.196993
-0.486484
1.23968
1.3708
-0.606061
-0.527648
-18.7668
2.30038
-3.28836
2.8995
1.17231
-1.55827
-2.04353
0.992674
-0.0858164
-4.94789
-1.71912
-21.3947
2.98071
-4.49462
0.185989
1.02845
-0.30074
12.7875
0.3181
-0.168269
0.30306
-1.92174
0.0552146
1.24153
12.8778
-0.985367
0.398139
-2.11962
-0.462965
0.178052
-1.14377
-2.01836
-9.2886
-20.5334
-35.6364
-1.37626
-0.837801
-2.08025
0.19859
0.608291
0.478792
0.285095
-5.94288
0.583627
-0.413888
-0.627712
-1.30541
3.45583
0.0372402
-0.153366
4.52534
1.24433
-0.143476
1.43001
1.14917
1.00204
-0.848459
0.522453
-6.90102
0.582394
-12.8276
-0.71449
1.56229
-420.558
-0.315268
-0.0144429
0.03148
-8.29718
-0.992251
-0.193425
1.35019
0.548436
-17.7014
0.132464
-0.209293
2.08679
0.83707
0.470192
-2.91759
0.389394
0.124123
-0.43249
1.57006
1.01424
2.33889
3.62331
0.568825
-0.599361
-0.0973769
0.391447
-1.05429
-0.259053
-0.326694
-1.55504
1.19981
0.199737
-0.681242
5.85865
0.447081
-2.16251
0.734713
-0.845965
-0.45532
-0.508235
-0.602213
0.532672
4.2467
0.300749
-0.102952
2.68039
-1.4632
-1.18247
-1.20243
0.153399
-0.230765
-2.07263
0.598224
-0.522633
-6.93559
0.444326
2.49772
-1.48514
-1.09727
-0.494114
-1.49423
0.865861
-1.51716
-0.345633
-1.53632
0.609748
-0.406848
0.0761616
2.69925
0.182179
0.273854
0.462485
-0.0958441
0.825824
-0.200744
-1.00856
-0.0625308
0.112116
0.541611
-0.471703
-0.986186
0.486587
-1.24721
1.37106
0.0998972
-4.51019
-7.96288
-2.47399
1.41282
-0.0438298
0.538122
1.03398
-0.300492
-1.49393
0.0708022
1.09764
0.490246
-0.260763
0.018644
-1.03895
0.750545
-0.185937
1.05452
-3.13959
-1.19296
-1.87352
-0.431776
-0.067607
-39.1557
0.203124
-0.352864
8.90633
-5.04931
-0.0280291
-0.24291
0.00628565
0.595832
1.27346
-1.18066
-2.90946
-2.33055
-1.06251
-2.88523
2.01187
-3.35088
0.884302
-1.31617
-0.211701
-0.166877
-8.54979
-0.484556
0.53389
0.724825
0.73719
0.055935
0.929186
-0.609611
-0.527834
6.34006
-2.97257
-0.467331
-0.650515
3.37312
0.215944
0.0692477
10.6037
-3.96092
0.984306
8.27157
0.882619
-1.06579
-5.12291
-0.477174
0.225553
-0.537893
9.31011
-0.265578
-157.679
2.97048
-0.565338
-3.76971
0.411442
-14.7525
-0.484644
14.5912
0.35535
0.224122
-2.85476
1.85512
0.968395
0.376356
-3.87092
6.32394
-0.374968
-0.949854
1.03731
0.080083
-3.65126
-1.6897
-2.05728
2.25218
0.00367109
17.2713
-2.59108
-0.487729
0.357017
-0.639315
-20.0903
-2.64607
0.158539
0.128105
0.324678
-0.0376695
25.5484
-0.441973
-4.73703
0.598892
-0.227688
-0.0728648
0.711353
0.714385
4.43488
2.09326
-1.74299
-128.445
-1.2825
9.18379
55.0806
6.3945
1.79797
2.58521
0.88881
3.83178
-4.19435
0.350466
1.50519
4.11517
1.51677
0.532947
0.869908
-0.420912
-0.202949
3.35795
0.0420154
-0.0198914
0.314501
0.839142
-15.1641
-0.0270539
-0.116162
0.111533
-1.06101
-8.92144
1.44638
1.35654
-0.0929582
-11.2926
-0.429526
0.0782733
3.93549
-2.71389
-0.598154
1.43611
0.135498
4.24878
0.216433
-1.96509
-0.840255
0.654588
-1.17947
5.77349
0.260947
-1.61729
4.82984
-0.346864
2.18706
-0.61589
0.618041
1.17143
2.42218
-0.0472739
-0.633448
-0.412064
0.538628
-1.03126
0.38643
0.37367
0.603931
1.72001
-5.2194
-0.948765
-1.36676
-0.250412
1.06543
-1.74893
-0.867915
-1.6992
-10.2375
0.432402
-0.864782
-1.26238
0.0405547
-1.49846
-0.526179
-0.741291
0.703468
-0.272951
4.26975
-0.248963
-0.233921
-8.42136
-1.44441
-0.0935907
-0.280614
-0.928208
0.531364
0.0334284
-1.04058
-0.699112
-5.1509
-4.0135
6.92273
0.825185
-0.946041
-0.00350026
0.327345
1.88263
0.454775
-23.0253
-0.757859
-1.06843
-0.778318
-2.06134
2.32843
-0.637414
-13.9075
2.09562
0.949182
-0.580006
0.0838197
0.166319
-105.876
-0.202944
5.43067
-0.0956062
-0.85351
-2.11898
2.19778
1.31716
-1.58033
0.917676
4.91569
-3.89154
-0.0233905
1.14088
6.77392
0.264723
-3.0813
0.16997
0.738561
-1.55182
-0.69705
-1.12291
-42.7088
1.94515
-8.43308
0.745203
0.76554
0.345517
-1.11162
0.347064
1.86872
0.182384
-7.59157
-0.416567
0.0860095
0.808984
-0.542957
-3.54381
0.709628
-0.514579
-1.56151
-4.26133
-0.242432
4.14258
0.556837
-6.01348
-0.26814
0.146184
-0.194593
-0.0834651
-0.420796
-0.64968
-0.535435
-0.461527
11.9951
-0.931792
0.894159
0.713329
-0.0253806
48.0884
-0.214853
0.476367
-0.959724
-0.731469
0.959443
3.55232
1.67153
0.60153
-1.45685
3.17868
0.617955
15.8141
64.5119
-5.47865
-0.670153
-1.56984
0.453659
-1.23074
-0.250182
2.94658
1.09935
0.752592
-1.49506
-3.31503
-63.2434
-0.594787
-0.172307
0.23566
31.0124
0.682266
0.427664
1.01217
-0.678994
0.38554
-3.47927
0.262352
-1.00166
3.20468
-0.237935
-1.39947
-0.979143
0.375339
0.661803
-2.17169
0.897936
0.660439
0.043143
17.0492
-1.46816
0.342986
0.855876
0.781605
-0.650935
-1.37939
-1.04727
7.09245
-1.63385
-0.0834589
0.216723
-0.106601
-7.25401
-0.0806125
3.50974
-0.485845
-0.0492988
0.559131
-0.286357
-1.12447
0.0417022
-20.4989
-1.83824
-0.840237
9.45625
-1.30701
4.447
0.733471
3.7919
-0.949339
1.15884
-0.476348
30.6783
0.251988
0.175085
-26.3442
-0.480974
-0.855594
-0.63491
0.354124
11.2295
-5.52763
0.048429
-2.46123
0.15167
0.404779
-0.0573882
-1.07932
0.437125
-0.259964
-2.11945
2.72769
0.0259987
-1.8752
1.47305
-0.784896
-0.0152367
-1.09695
-9.69451
-3.16063
-2.18222
0.70444
1.21473
1.63593
0.0342385
-0.90151
1.80962
-18.3917
-0.331198
-0.163862
-4.04377
0.264771
-1.70189
-1.18525
0.521239
-0.363924
-3.34417
0.343198
0.0764006
-1.5019
-2.84192
1.59941
0.62175
1.15251
-0.347192
-1.65399
-1.7391
0.530254
-3.53749
-0.65868
5.01726
2.01013
3.2907
-1.06166
1.85065
2.2459
8.70228
-0.113358
-12.8656
0.641292
-0.711141
2.59319
-4.04139
-2.02334
-2.6004
-7.34858
2.32211
0.913502
-0.536309
1.66539
-0.31731
2.57782
0.755901
0.21757
-7.89481
0.789651
-333.296
0.00503947
-0.133987
2.62077
-0.90418
0.48213
-1.88147
-7.58875
-2.59996
-0.0389474
2.03804
9.0576
-4.32938
1.22866
0.474983
3.22622
4.84901
-1.41583
0.411262
-0.512828
0.737649
0.454499
4.14269
17.7293
0.232574
0.365114
-66.5094
2.20278
-1.72232
-0.559949
-1.08712
0.221015
-36.9409
0.496574
0.336687
6.68491
-1.60745
0.96261
2.36317
-1.12412
81.2894
0.181301
0.568823
-6.0208
-3.56677
1.44158
-646.831
-0.419963
-5.85549
-0.442051
-5.16817
-0.448651
-3.13409
-11.942
-0.308047
0.621807
2.31587
-0.324856
0.164833
2.82551
0.831038
-1.25279
3.4724
0.095519
-1.40796
-1.52509
-1.5014
-1.65228
-0.222776
-0.599705
-0.464268
-0.628598
0.666499
8.16816
-1.30553
0.191681
-0.50677
1.20362
-0.932872
-13.2239
-0.477312
1.54844
5.95348
0.147754
-2.45514
1.13848
1.13866
1.04356
-4.20305
0.0930575
-2.3371
1.50133
1.94897
0.789252
2.5305
1.53531
-6.68486
-21.7776
1.57307
0.197327
-0.304231
5.6457
-0.450011