0.154854
0.238992
0.622221
0.314591
0.560516
0.341912
0.200239
0.429778
0.44425
0.4376
0.29989
0.558856
0.316211
0.490586
0.588651
0.543479
0.643208
0.350453
0.35832
0.327028
0.263501
0.68145
0.495157
0.210783
0.505149
0.68326
0.607356
0.816478
0.600049
0.422622
0.693039
0.100324
0.161637
0.490055
0.095225
0.345625
0.544948
0.465429
0.228512
0.518157
0.333571
0.820696
0.175504
0.20047
0.498763
0.407598
0.739277
0.528352
0.451803
0.572714
0.901478
0.634701
0.261439
0.711734
0.373909
0.563073
0.73405
0.719383
0.544768
0.445236
0.354946
0.310949
0.608943
0.944051
0.264991
0.585888
0.0351014
0.0450786
0.497533
0.473533
0.260543
0.737295
0.126396
0.345453
0.618098
0.455366
0.276466
0.598522
0.487628
0.362943
0.124197
0.407331
0.527951
0.638479
0.566136
0.61406
0.583326
0.382102
0.659344
0.868499
0.471874
0.594091
0.23839
0.150411
0.351632
0.382573
0.78934
0.700964
0.723189
0.640035
0.211989
0.159513
0.366148
0.885329
0.527326
0.34652
0.119939
0.299854
0.888037
0.65293
0.40778
0.193614
0.42559
0.390875
0.765883
0.718927
0.518285
0.230094
0.378258
0.606546
0.49037
0.488977
0.730769
0.531018
0.55316
0.568703
0.48637
0.419102
0.474836
0.213446
0.546737
0.597154
0.516412
0.549155
0.50377
0.630346
0.597119
0.497979
0.297756
0.538687
0.453247
0.184884
0.387241
0.781794
0.730264
0.347594
0.598937
0.986419
0.498817
0.530485
0.564294
0.34777
0.110982
0.4876
0.262624
0.467667
0.613951
0.239496
0.678964
0.59965
0.114073
0.623155
0.948127
0.353145
0.534997
0.443712
0.594695
0.365851
0.639405
0.481309
0.0919659
0.785534
0.484644
0.125905
0.451168
0.609446
0.658306
0.807376
0.415514
0.0116143
0.690617
0.657833
0.571973
0.245287
0.466268
0.487538
0.306905
0.539841
0.259095
0.175404
0.519977
0.6185
0.688811
0.469541
0.374087
0.545232
0.449751
0.462872
0.597273
0.0662351
0.587408
0.653362
0.965887
0.443445
0.399273
0.517941
0.0865862
0.484538
0.712325
0.423721
0.457974
0.555919
0.340247
0.469657
0.531011
0.322233
0.449267
0.496315
0.600589
0.787958
0.862278
0.520953
0.348951
0.423672
0.506688
0.749647
0.724913
0.741623
0.762219
0.587729
0.581137
0.642246
0.390663
0.714326
0.604961
0.185324
0.530392
0.806339
0.566608
0.146512
0.414173
0.39171
0.271856
0.301961
0.519662
0.581367
0.344513
0.340834
0.78769
0.573777
0.577385
0.637522
0.344259
0.34555
0.578623
0.322395
0.837947
0.336082
0.303689
0.17198
0.555196
0.203748
0.801422
0.796454
0.901738
0.375695
0.115969
0.434392
0.63919
0.632809
0.774653
0.871748
0.441659
0.365971
0.155091
0.584053
0.88793
0.409227
0.263196
0.157875
0.430639
0.500059
0.566953
0.379591
0.18459
0.936452
0.519147
0.0865702
0.552147
0.394989
0.265501
0.457886
0.754451
0.143739
0.272979
0.378726
0.262946
0.52824
0.726254
0.344664
0.426511
0.628397
0.528662
0.57904
0.765274
0.378653
0.607227
0.618666
0.452948
0.213331
0.459605
0.580167
0.435322
0.943559
0.494122
0.65125
0.433332
0.591735
0.70231
0.558248
0.754887
0.304011
0.566662
0.343316
0.390442
0.230819
0.344603
0.241687
0.29307
0.409977
0.482936
0.281409
0.544565
0.70645
0.405323
0.435058
0.784905
0.757389
0.778644
0.234895
0.333165
0.140567
0.602334
0.720019
0.353776
0.628903
0.578108
0.916073
0.722779
0.413261
0.705751
0.755089
0.424523
0.570264
0.413925
0.425104
0.360038
0.321388
0.273242
0.596194
0.374082
0.274133
0.452132
0.801624
0.108656
0.355588
0.564282
0.459823
0.466555
0.543266
0.419774
0.10493
0.519298
0.767584
0.430243
0.350704
0.619583
0.504912
0.531735
0.444596
0.27917
0.599648
0.477183
0.475839
0.548886
0.248302
0.713705
0.883411
0.688233
0.348092
0.798223
0.866804
0.337854
0.557118
0.418175
0.634502
0.708892
0.432671
0.57237
0.63217
0.479063
0.908799
0.330321
0.474523
0.136052
0.643768
0.826678
0.261928
0.434591
0.412575
0.76065
0.294785
0.434413
0.73924
0.658606
0.40579
0.762002
0.358088
0.521297
0.712197
0.789872
0.362793
0.215465
0.547241
0.852887
0.546491
0.582835
0.661899
0.421907
0.455767
0.727814
0.49522
0.830822
0.575893
0.308476
0.393458
0.203837
0.834203
0.393688
0.615302
0.15563
0.753017
0.0625464
0.792505
0.637801
0.103075
0.41053
0.222259
0.48081
0.802962
0.490096
0.449687
0.731361
0.579542
0.451703
0.555867
0.311023
0.548933
0.264532
0.398805
0.322584
0.397123
0.384462
0.261847
0.506497
0.233814
0.10014
0.946017
0.90049
0.462645
0.526248
0.799805
0.681233
0.655464
0.826379
0.511987
0.467733
0.43785
0.736193
0.200047
0.54188
0.287611
0.320813
0.40884
0.492395
0.417541
0.638703
0.591149
0.214165
0.0582112
0.597559
0.47381
0.495767
0.476134
0.775997
0.420151
0.103745
0.45716
0.84814
0.481454
0.322989
0.254487
0.486471
0.787259
0.838355
0.145217
0.231586
0.2563
0.143428
0.258895
0.80578
0.816915
0.338134
0.236034
0.210695
0.407819
0.727668
0.544118
0.687484
0.487127
0.560997
0.423149
0.731303
0.609578
0.547983
0.952307
0.340158
0.33892
0.46993
0.123826
0.541448
0.344457
0.249176
0.579731
0.477833
0.487792
0.769089
0.811615
0.447302
0.537815
0.536651
0.643142
0.280641
0.359049
0.455564
0.709516
0.302745
0.500459
0.528598
0.41769
0.362531
0.568887
0.733703
0.515597
0.529457
0.603308
0.619161
0.918236
0.542959
0.373103
0.33885
0.832976
0.464403
0.605625
0.399474
0.495954
0.219389
0.605311
0.317387
0.476011
0.831586
0.55868
0.683427
0.522087
0.637507
0.526529
0.809949
0.324591
0.13494
0.706734
0.685043
0.330737
0.356023
0.508025
0.384684
0.398398
0.769243
0.807209
0.394351
0.592566
0.702909
0.469281
0.467447
0.32301
0.645924
0.291928
0.698607
0.291281
0.519989
0.49297
0.41578
0.859733
0.63063
0.691282
0.295758
0.474766
0.492717
0.5388
0.283574
0.671018
0.589448
0.243229
0.447021
0.452767
0.362041
0.678117
0.323278
0.49336
0.340633
0.108968
0.615441
0.612965
0.815227
0.771128
0.27253
0.889535
0.808733
0.617181
0.537314
0.527346
0.352505
0.508635
0.472093
0.752058
0.677986
0.958722
0.773347
0.520722
0.426426
0.740137
0.361952
0.229741
0.341851
0.753609
0.786427
0.373288
0.650795
0.510189
0.402477
0.249222
0.445561
0.412213
0.592877
0.329091
0.376062
0.724888
0.467494
0.303328
0.818574
0.212513
0.534077
0.58227
0.42804
0.370359
0.256166
0.678178
0.0937796
0.515278
0.715314
0.412969
0.306833
0.205117
0.77054
0.790867
0.810357
0.539082
0.658752
0.644773
0.64284
0.848186
0.90565
0.309622
0.797149
0.616992
0.717381
0.595559
0.206714
0.68484
0.199037
0.728312
0.633429
0.356832
0.796828
0.693622
0.270152
0.511846
0.786573
0.0671732
0.48393
0.126879
0.431914
0.430967
0.614394
0.344088
0.611456
0.871625
0.605026
0.788875
0.264806
0.325632
0.483294
0.80444
0.933256
0.181069
0.318921
0.600232
0.471671
0.0649158
0.277852
0.518765
0.683879
0.139521
0.752738
0.2073
0.68468
0.501394
0.789075
0.43792
0.717341
0.419973
0.639372
0.65157
0.456256
0.173589
0.266044
0.508633
0.500203
0.634345
0.476985
0.310697
0.812429
0.523178
0.616056
0.615135
0.289567
0.400911
0.344022
0.696212
0.442178
0.480602
0.53373
0.213419
0.345483
0.741068
0.166618
0.529793
0.0696344
0.590964
0.355931
0.579998
0.224666
0.477332
0.235267
0.519982
0.556024
0.352088
0.439412
0.597047
0.702383
0.304417
0.267646
0.261214
0.278218
0.936598
0.358029
0.495785
0.369386
0.705299
0.814441
0.177033
0.830767
0.469923
0.216409
0.479998
0.45077
0.384116
0.305082
0.929378
0.598309
0.53607
0.376954
0.651554
0.393636
0.387795
0.530233
0.215802
0.745193
0.0830651
0.897046
0.159795
0.770418
0.588267
0.357926
0.87651
0.669238
0.399922
0.473334
0.496692
0.544763
0.697163
0.480224
0.233084
0.466455
0.337021
0.189975
0.359609
0.246843
0.484845
0.487258
0.580777
0.45365
0.441775
0.867707
0.503587
0.104946
0.875667
0.565551
0.756239
0.79575
0.181442
0.310623
0.504993
0.680266
0.591324
0.617468
0.702561
0.284747
0.424988
0.247529
0.858423
0.551719
0.0141766
0.598695
0.953513
0.317126
0.35584
0.764757
0.828739
0.597698
0.442422
0.370606
0.458838
0.116655
0.487436
0.527302
0.980098
0.92162
0.408981
0.364394
0.172495
0.74941
0.453428
0.585178
0.303865
0.468147
0.735983
0.353856
0.825703
0.477913
0.744416
0.561834
0.367274
0.37696
0.496725
0.133679
0.306692
0.501257
0.563093
0.521544
0.90472
0.620952
0.556969
0.400138
0.569003
0.62809
0.469676
0.312617
0.273547
0.475725
0.367469
0.63104
0.490233
0.429337
0.489486
0.183313
0.696219
0.367251
0.679585
0.261833
0.603102
0.417529
0.854573
0.46734
0.210741
0.644596
0.355876
0.454713
0.620693
0.79963
0.551238
0.635809
0.751203
0.324555
0.447531
0.757636
0.177774
0.350209
0.845349
0.512514
0.780331
0.855095
0.710526
0.450093
0.710047
0.451862
0.457306
0.449422
0.395916
0.444466
0.732375
0.372527
0.893216
0.849738
0.558542
0.759236
0.832988
0.502862
0.341349
0.536271
0.0637475
0.667054
0.761438
0.201922
0.783623
0.743509
0.470048
0.810874
0.543188
0.728471
0.274512
0.322062
0.45625
0.490048
0.145186
0.4857
0.787927
0.738203
0.39477
0.433908
0.296335
0.237093
0.775476
0.502661
0.286274
0.859747
0.509095
0.551024
0.290316
0.510839
0.409481
0.656979
0.124723
0.744085
0.776537
0.557374
0.27467
0.576593
0.63532
0.562832
0.645279
0.55326
0.163389
0.916751
0.171973
0.540103
0.294084
0.680771
0.615732
0.526182
0.502922
0.717403
0.575841
0.389563
0.678857
0.703776
0.334737
0.633547
0.751654
0.348737
0.106632
0.525165
0.391197
0.598836
0.593587
0.36874
0.114023
0.606989
0.459757
0.323072
0.526975
0.600917
0.916553
0.721605
0.707346
0.526713
0.568509
0.7807
0.363427
0.456198
0.501658
0.381943
0.43894
0.734982
0.303261
0.29016
0.719301
0.21145
0.283769
0.719632
0.267268
0.125161
0.628916
0.586761
0.65998
0.346432
0.541879
0.588221
0.519
0.647151
0.642487
0.419426
0.719445
0.546182
0.472451
0.498896
0.933855
0.510942
0.412679
0.98992
0.810965
0.410074
0.650703
0.211675
0.609097
0.100387
0.543344
0.207736
0.498377
0.394515
0.301707
0.79072
0.515575
0.894052
0.382691
0.307546
0.799838
0.786165
0.303177
0.170631
0.257158
0.190016
0.300124
0.876061
0.695926
0.502544
0.341822
0.280604
0.745464
0.431508
0.452578
0.8352
0.513957
0.51691
0.145142
0.273324
0.461738
0.930245
0.462235
0.428432
0.860403
0.20428
0.710528
0.405466
0.477776
0.284352
0.427494
0.257158
0.273273
0.405465
0.453565
0.616693
0.407738
0.287733
0.189061
0.414031
0.766351
0.506004
0.197389
0.354003
0.462767
0.127782
0.773047
0.760058
0.43714
0.326855
0.424989
0.688318
0.780245
0.168284
0.432943
0.892395
0.310418
0.623741
0.716319
0.270187
0.199599
0.114412
0.712341
0.349672
0.589251
0.492006
0.292107
0.671469
0.656503
0.856666
0.95029
0.601756
0.485358
0.473863
0.58622
0.159881
0.367371
0.290651
0.651146
0.370805
0.800699
0.164915
0.268471
0.453285
0.476004
0.909555
0.640808
0.330498
0.932153
0.616811
0.139745
0.500578
0.334272
0.46621
0.431197
0.230316
0.471168
0.33293
0.321311
0.836079
0.0887058
0.501606
0.214867
0.491743
0.0702611
0.153946
0.160193
0.554267
0.744866
0.536737
0.411615
0.323267
0.248236
0.33017
0.272494
0.451766
0.381377
0.724647
0.688973
0.40106
0.305994
0.577528
0.646519
0.383429
0.68549
0.259568
0.878447
0.662195
0.0248211
0.414061
0.227598
0.379418
0.48206
0.339997
0.209385
0.757301
0.819014
0.573814
0.406472
0.570145
0.427793
0.482615
0.782346
0.209506
0.514736
0.794996
0.333114
0.465941
0.542669
0.48391
0.703847
0.826561
0.426958
0.279282
0.477867
0.638346
0.750383
0.826371
0.30436
0.413004
0.406378
0.619129
0.861773
0.34988
0.599705
0.326148
0.861442
0.329261
0.528185
0.489987
0.377967
0.679174
0.838614
0.819037
0.249856
0.444533
0.594539
0.404282
0.126002
0.688344
0.513098
0.18167
0.440581
0.530363
0.622654
0.32403
0.681002
0.679472
0.262485
0.484786
0.770564
0.641753
0.490343
0.428986
0.719494
0.587068
0.483178
0.575457
0.405106
0.532699
0.410919
0.337164
0.423808
0.553405
0.032678
0.385142
0.414749
0.653033
0.409307
0.574645
0.586917
0.733582
0.645764
0.260451
0.888531
0.273432
0.471257
0.591515
0.33959
0.377199
0.234705
0.613484
0.505507
0.785479
0.537528
0.120823
0.421737
0.733521
0.745382
0.688627
0.48639
0.723646
0.514914
0.177436
0.419814
0.327005
0.241193
0.742682
0.847187
0.556078
0.475994
0.493657
0.392172
0.650053
0.386613
0.43519
0.376729
0.291049
0.719477
0.188483
0.304219
0.319893
0.50229
0.725852
0.759935
0.445971
0.36302
0.967393
0.195268
0.74643
0.863553
0.575888
0.268713
0.425815
0.640381
0.149512
0.498958
0.357969
0.414193
0.750238
0.442363
0.35785
0.574811
0.819055
0.439104
0.431669
0.0674126
0.517461
0.179354
0.929537
0.700524
0.397908
0.422866
0.575611
0.265803
0.544218
0.662351
0.276483
0.504149
0.436226
0.353113
0.409354
0.47223
0.281209
0.538376
0.467317
0.758022
0.417932
0.781841
0.489843
0.763507
0.637438
0.775963
0.632359
0.417202
0.377967
0.826541
0.529568
0.698717
0.239687
0.621196
0.782973
0.75208
0.628202
0.771369
0.453819
0.134082
0.574067
0.0744936
0.868459
0.388461
0.38885
0.775021
0.343942
0.156225
0.806524
0.810029
0.617377
0.926991
0.622288
0.607156
0.313443
0.305727
0.579179
0.45964
0.710159
0.313804
0.366126
0.835274
0.363838
0.262837
0.579366
0.183127
0.329911
0.134264
0.362441
0.383895
0.267109
0.167215
0.17826
0.446796
0.138246
0.501681
0.280009
0.387938
0.0216501
0.743588
0.435948
0.432134
0.723056
0.212868
0.326442
0.262158
0.42857
0.405178
0.769841
0.496478
0.565071
0.342424
0.54709
0.408522
0.335235
0.506806
0.583284
0.607571
0.5701
0.447608
0.60758
0.483406
0.592923
0.419508
0.651252
0.173863
0.213816
0.0556863
0.85688
0.146477
0.275462
0.0985796
0.559993
0.692443
0.345971
0.605625
0.467749
0.213135
0.705732
0.316888
0.497508
0.136467
0.200898
0.516002
0.451463
0.632404
0.336899
0.735352
0.691736
0.503972
0.161201
0.551017
0.843675
0.212132
0.535266
0.48245
0.293313
0.449934
0.321484
0.156472
0.358295
0.513379
0.311607
0.414639
0.499792
0.923458
0.399008
0.937594
0.806267
0.835874
0.547864
0.729553
0.218191
0.231965
0.538145
0.45058
0.576109
0.216406
0.266076
0.603867
0.562746
0.454261
0.555508
0.479744
0.473095
0.362035
0.486429
0.527687
0.484744
0.124356
0.672626
0.472123
0.213958
0.439991
0.721277
0.507349
0.331313
0.607908
0.783047
0.801439
0.373985
0.646132
0.652042
0.308507
0.630037
0.593173
0.80074
0.533276
0.583376
0.473849
0.535836
0.411372
0.896282
0.618328
0.636665
0.363355
0.769749
0.605282
0.388704
0.849986
0.260099
0.557048
0.350398
0.400779
0.743664
0.346727
0.492346
0.607412
0.209582
0.48421
0.523677
0.468122
0.424035
0.530102
0.771205
0.738695
0.747558
0.843598
0.902749
0.590246
0.50031
0.80236
0.586789
0.393487
0.25848
0.339487
0.356386
0.3437
0.3283
0.724712
0.496108
0.410208
0.382399
0.473973
0.196457
0.238606
0.856518
0.603543
0.521092
0.153612
0.192897
0.151942
0.407916
0.304875
0.379914
0.474885
0.475874
0.267634
0.475843
0.775526
0.335096
0.0546581
0.417879
0.664339
0.398807
0.515402
0.905857
0.249947
0.371173
0.492883
0.513385
0.344304
0.636096
0.878273
0.417356
0.822608
0.197676
0.847764
0.250153
0.0104009
0.623911
0.585785
0.567052
0.177313
0.120929
0.693162
0.284704
0.798956
0.415869
0.74839
0.68478
0.705489
0.552285
0.634658
0.190186
0.567428
0.502741
0.764845
0.109536
0.376282
0.679035
0.731225
0.408831
0.159646
0.471282
0.676131
0.807589
0.627407
0.372866
0.324378
0.609947
0.77774
0.54904
0.63779
0.66955
0.698628
0.382749
0.446657
0.250287
0.382635
0.0820304
0.682541
0.783273
0.329734
0.359113
0.481338
0.633692
0.544982
0.492142
0.445048
0.479459
0.244896
0.256206
0.74524
0.266881
0.668406
0.26116
0.52073
0.446842
0.345276
0.659493
0.666503
0.808249
0.506946
0.488272
0.630477
0.213827
0.531758
0.584993
0.229204
0.906565
0.398554
0.567934
0.263146
0.793461
0.0796909
0.297394
0.356708
0.226434
0.636532
0.534977
0.467718
0.788608
0.487496
0.693865
0.905599
0.457404
0.400798
0.62382
0.466986
0.254204
0.721037
0.300397
0.442093
0.603589
0.670818
0.588677
0.264654
0.113468
0.275611
0.92758
0.472793
0.850681
0.542125
0.831612
0.417719
0.424939
0.477443
0.532674
0.801662
0.807242
0.368262
0.385348
0.646007
0.797225
0.446557
0.334855
0.185099
0.41712
0.650051
0.297668
0.450749
0.248329
0.142902
0.230511
0.456974
0.3399
0.594036
0.46432
0.414056
0.806425
0.417598
0.555455
0.295522
0.596236
0.262012
0.457274
0.35119
0.648973
0.491194
0.240952
0.303949
0.274958
0.733471
0.395212
0.487478
0.57703
0.780793
0.410401
0.576634
0.598814
0.702879
0.403142
0.331774
0.621653
0.497934
0.963578
0.422809
0.645739
0.433636
0.707981
0.918317
0.579241
0.439103
0.695303
0.419573
0.522507
0.490598
0.417019
0.58888
0.272722
0.390739
0.495398
0.466138
0.287657
0.173043
0.526102
0.487076
0.835439
0.0706253
0.676826
0.511164
0.42056
0.569951
0.704435
0.436691
0.814611
0.527526
0.478875
0.625067
0.133504
0.659471
0.402872
0.375934
0.391259
0.420951
0.792268
0.589173
0.823666
0.374452
0.332563
0.519469
0.513456
0.602931
0.153071
0.17359
0.461864
0.555919
0.36084
0.420093
0.239781
0.423651
0.552275
0.775679
0.714936
0.216356
0.371213
0.601968
0.58986
0.682858
0.107924
0.0909947
0.598651
0.534684
0.634357
0.937241
0.698851
0.648879
0.646674
0.488571
0.958002
0.504801
0.736949
0.937959
0.572772
0.567149
0.741641
0.762428
0.571773
0.159562
0.615259
0.135144
0.241523
0.580111
0.753431
0.431174
0.178244
0.792073
0.74033
0.716888
0.606495
0.480377
0.421219
0.75758
0.718917
0.596176
0.501668
0.59737
0.779631
0.219001
0.550742
0.659998
0.597136
0.647995
0.836274
0.588652
0.710817
0.59077
0.346101
0.6875
0.248466
0.650428
0.649923
0.347127
0.400481
0.518362
0.432234
0.730613
0.819727
0.362443
0.077551
0.26651
0.494269
0.857257
0.614938
0.139526
0.753534
0.635075
0.62963
0.48923
0.556674
0.643279
0.92531
0.421644
0.575238
0.975982
0.2714
0.70811
0.320504
0.704636
0.495494
0.190354
0.179131
0.564434
0.481844
0.430198
0.709045
0.56034
0.312599
0.5369
0.41079
0.638634
0.339268
0.374644
0.427809
0.526874
0.397664
0.497218
0.24245
0.177206
0.680372
0.176468
0.422737
0.454993
0.45655
0.28562
0.338253
0.296767
0.379678
0.568129
0.501732
0.518523
0.549626
0.467204
0.306281
0.287428
0.296201
0.710738
0.416394
0.477033
0.827135
0.240849
0.43422
0.20811
0.43422
0.346814
0.70084
0.33427
0.377107
0.504689
0.205549
0.463554
0.365052
0.946439
0.564477
0.314207
0.732689
0.375933
0.393113
0.284891
0.456667
0.518706
0.635603
0.576607
0.0857861
0.336898
0.526975
0.0356536
0.458058
0.260321
0.352715
0.59395
0.753866
0.679148
0.533401
0.265103
0.485213
0.213231
0.300398
0.611625
0.446816
0.417594
0.341867
0.430741
0.455571
0.103177
0.286667
0.61324
0.380726
0.346447
0.756958
0.711893
0.517847
0.531009
0.958642
0.712938
0.785467
0.408888
0.392033
0.336224
0.524086
0.688682
0.753424
0.396586
0.352946
0.552333
0.461534
0.341077
0.590835
0.771762
0.481052
0.533725
0.672905
0.241175
0.728814
0.191488
0.296297
0.260362
0.83642
0.582133
0.203152
0.29886
0.406356
0.67678
0.560344
0.240344
0.637019
0.406904
0.321082
0.751197
0.305256
0.507589
0.254276
0.436689
0.583383
0.635895
0.503381
0.842755
0.530857
0.535201
0.587179
0.130895
0.339122
0.473428
0.680766
0.39823
0.52139
0.515088
0.315777
0.634292
0.727402
0.894118
0.314666
0.200668
0.72652
0.3365
0.324648
0.489124
0.840759
0.138704
0.242684
0.558393
0.722649
0.640001
0.623664
0.569308
0.86112
0.433757
0.839746
0.732546
0.561862
0.244816
0.309558
0.252711
0.3869
0.357139
0.541793
0.397085
0.651404
0.807874
0.538464
0.336845
0.564055
0.271089
0.278899
0.303133
0.460528
0.136405
0.556327
0.36984
0.817971
0.244812
0.364683
0.319549
0.351631
0.575987
0.334046
0.568576
0.483045
0.388444
0.388904
0.521592
0.332518
0.395903
0.354227
0.495851
0.626863
0.520271
0.660095
0.499557
0.526694
0.593683
0.596426
0.168455
0.365815
0.089067
0.745127
0.559256
0.65854
0.54072
0.767751
0.268025
0.469059
0.27345
0.652569
0.48622
0.350262
0.890817
0.325696
0.626564
0.547673
0.680095
0.206726
0.5455
0.527482
0.173552
0.8401
0.658486
0.625897
0.0627189
0.159219
0.388928
0.730345
0.494334
0.741075
0.411076
0.391329
0.483673
0.584993
0.541741
0.627018
0.263019
0.499807
0.40523
0.420946
0.840053
0.109626
0.640408
0.526458
0.872971
0.289089
0.438351
0.179838
0.67618
0.514807
0.593564
0.687326
0.252433
0.670469
0.521284
0.589516
0.704328
0.768866
0.337912
0.719909
0.210087
0.354877
0.621153
0.462674
0.455592
0.529226
0.360968
0.377945
0.496685
0.583621
0.881985
0.101288
0.482742
0.663654
0.66253
0.537211
0.00461002
0.676616
0.494991
0.354916
0.536967
0.337189
0.32674
0.157749
0.527261
0.794722
0.390382
0.436075
0.640361
0.711614
0.376623
0.526621
0.500119
0.463076
0.42259
0.289578
0.476047
0.804358
0.582958
0.0780452
0.145382
0.402275
0.720772
0.812698
0.51779
0.553685
0.899388
0.587805
0.442042
0.714302
0.37648
0.223042
0.820998
0.637073
0.695609
0.538802
0.343268
0.470064
0.640351
0.370996
0.396968
0.589632
0.460543
0.454621
0.662988
0.245412
0.799718
0.793636
0.592263
0.269443
0.147344
0.497998
0.553527
0.152525
0.408995
0.306959
0.89509
0.716704
0.332138
0.631039
0.496194
0.41353
0.544727
0.433326
0.59055
0.453547
0.358348
0.634099
0.726671
0.523234
0.257167
0.460982
0.686652
0.7714
0.638493
0.280171
0.517105
0.547838
0.390266
0.932533
0.532938
0.552778
0.285339
0.46166
0.736754
0.606522
0.441945
0.859249
0.553625
0.674369
0.744259
0.566441
0.613077
0.0827546
0.636522
0.458078
0.51711
0.538297
0.598697
0.400046
0.615138
0.612222
0.881179
0.208237
0.263744
0.77843
0.720603
0.450872
0.881201
0.394239
0.278328
0.524255
0.813713
0.188619
0.437706
0.295286
0.612384
0.873528
0.36577
0.342352
0.276937
0.419724
0.389521
0.439494
0.854259
0.339222
0.756505
0.417021
0.48684
0.492327
0.743933
0.395049
0.588262
0.487992
0.350078
0.624684
0.779866
0.671982
0.446274
0.284887
0.554796
0.498154
0.287332
0.0713165
0.342638
0.253901
0.672725
0.776743
0.229896
0.661637
0.820447
0.300887
0.548598
0.303925
0.159952
0.640844
0.37733
0.62069
0.270135
0.401512
0.206044
0.402682
0.582833
0.72874
0.598024
0.256198
0.741866
0.306187
0.139403
0.439785
0.152155
0.670156
0.798669
0.274489
0.773008
0.0849737
0.525641
0.504956
0.604161
0.584731
0.501393
0.539492
0.582745
0.525516
0.407672
0.422953
0.753811
0.605529
0.916373
0.697145
0.596655
0.298761
0.306643
0.479164
0.783643
0.511194
0.199266
0.638904
0.917823
0.506765
0.354968
0.382753
0.440107
0.263618
0.815324
0.851241
0.416358
0.909445
0.372
0.514234
0.309237
0.248003
0.432072
0.698007
0.609198
0.62717
0.304191
0.504336
0.343554
0.0121926
0.262432
0.682525
0.502069
0.116051
0.451638
0.191047
0.812053
0.302146
0.780159
0.7363
0.56548
0.712814
0.902878
0.501707
0.845172
0.690425
0.729461
0.581215
0.516626
0.546129
0.599809
0.307018
0.746598
0.594582
0.850693
0.71208
0.579073
0.611265
0.45462
0.293867
0.743802
0.482303
0.243981
0.54643
0.392101
0.804951
0.440582
0.403805
0.849157
0.560211
0.292668
0.288426
0.241582
0.717326
0.578613
0.88409
0.503542
0.243167
0.568445
0.553741
0.784263
0.477826
0.241447
0.498146
0.674283
0.70098
0.140048
0.802319
0.437338
0.951921
0.697324
0.442321
0.579311
0.279374
0.707392
0.125851
0.605172
0.585544
0.315048
0.51582
0.709428
0.592104
0.483028
0.436883
0.415061
0.694104
0.852293
0.590692
0.820531
0.581085
0.242774
0.606397
0.133899
0.492951
0.249045
0.428729
0.56769
0.841419
0.467427
0.596753
0.437632
0.666183
0.848044
0.392177
0.452942
0.50818
0.497405
0.63688
0.205364
0.770638
0.464096
0.595109
0.758685
0.501856
0.622204
0.486561
0.510003
0.271985
0.224142
0.54236
0.638538
0.929294
0.526545
0.33672
0.47731
0.50976
0.599961
0.302868
0.53755
0.437045
0.515092
0.392558
0.185229
0.388234
0.555357
0.764334
0.613627
0.813979
0.437596
0.686434
0.775389
0.589986
0.229743
0.51604
0.332062
0.640036
0.736367
0.167351
0.948619
0.609058
0.579961
0.406724
0.405021
0.277998
0.53793
0.613935
0.516387
0.400562
0.402241
0.324375
0.747891
0.505153
0.710739
0.417771
0.680016
0.44362
0.656151
0.744832
0.624341
0.0817287
0.310844
0.283971
0.70956
0.514509
0.512434
0.596048
0.651974
0.552966
0.337361
0.395864
0.194208
0.466879
0.546591
0.484912
0.340461
0.581711
0.219635
0.590666
0.536106
0.815941
0.500092
0.333491
0.834011
0.608398
0.457973
0.0930093
0.859453
0.423467
0.531089
0.471568
0.530066
0.135305
0.339804
0.353211
0.506758
0.0805101
0.376507
0.732358
0.246091
0.431944
0.153167
0.537156
0.294134
0.284697
0.347386
0.598272
0.106336
0.458478
0.819379
0.214658
0.197497
0.508975
0.0793513
0.443604
0.820442
0.804023
0.366773
0.293192
0.641544
0.258696
0.460083
0.421017
0.525764
0.436722
0.667372
0.243854
0.563401
0.713896
0.655663
0.538701
0.365302
0.562458
0.358379
0.166437
0.422788
0.753663
0.657681
0.475086
0.473086
0.889088
0.370354
0.240493
0.330608
0.159454
0.272953
0.677969
0.538922
0.0930695
0.483963
0.609255
0.467811
0.294247
0.477758
0.79495
0.624346
0.785351
0.337156
0.243296
0.466413
0.554395
0.558438
0.482036
0.401686
0.773408
0.304667
0.330799
0.924558
0.891058
0.460259
0.637292
0.488082
0.416298
0.171699
0.241313
0.727481
0.198098
0.266398
0.606425
0.546363
0.369601
0.523679
0.109874
0.346254
0.363296
0.728923
0.907153
0.824637
0.517139
0.273943
0.588353
0.786194
0.279774
0.773664
0.519263
0.80648
0.386327
0.25125
0.31093
0.856803
0.614507
0.900824
0.787204
0.143596
0.844048
0.768967
0.620537
0.435115
0.130778
0.403222
0.482115
0.542821
0.369919
0.597837
0.603178
0.394327
0.86147
0.324042
0.570145
0.279347
0.703825
0.264169
0.476976
0.369585
0.43006
0.575948
0.733947
0.508049
0.664592
0.595361
0.382832
0.532814
0.316198
0.643463
0.194227
0.544769
0.436683
0.434594
0.123576
0.548438
0.362731
0.790466
0.378207
0.789461
0.121786
0.446604
0.398473
0.381903
0.821072
0.694696
0.481898
0.463042
0.352163
0.936387
0.579968
0.632843
0.231759
0.431132
0.473036
0.829854
0.26265
0.602718
0.579543
0.564787
0.437101
0.726121
0.581577
0.577582
0.61817
0.648367
0.349558
0.503274
0.522784
0.404142
0.324606
0.52653
0.393638
0.668868
0.0679581
0.774244
0.485297
0.449059
0.112553
0.840107
0.603138
0.241735
0.552709
0.354601
0.42207
0.601765
0.483577
0.408418
0.675235
0.137994
0.452853
0.406793
0.541188
0.416067
0.513004
0.576819
0.671316
0.577895
0.263043
0.369311
0.787567
0.694704
0.944682
0.391323
0.643809
0.452702
0.208445
0.774971
0.382448
0.227362
0.591144
0.53272
0.431184
0.434409
0.54687
0.468846
0.0731093
0.252575
0.549437
0.611301
0.686585
0.89528
0.335025
0.397743
0.389651
0.565364
0.779502
0.494044
0.436988
0.559074
0.205742
0.143075
0.705735
0.192518
0.591979
0.836154
0.469747
0.305835
0.203075
0.369029
0.900158
0.557366
0.592312
0.48882
0.343406
0.552124
0.722132
0.357882
0.416128
0.555931
0.628022
0.455062
0.819661
0.628561
0.600511
0.804359
0.51512
0.466334
0.786038
0.56556
0.513332
0.0765592
0.908236
0.540891
0.522188
0.613327
0.486943
0.546322
0.557231
0.786124
0.483043
0.365658
0.35961
0.709824
0.723023
0.150071
0.578795
0.396593
0.757905
0.6453
0.165728
0.297317
0.486993
0.523232
0.785368
0.882182
0.427673
0.364144
0.295882
0.207032
0.938262
0.480388
0.454991
0.244233
0.501696
0.291856
0.502288
0.463722
0.853632
0.358082
0.629595
0.232018
0.789308
0.941365
0.589751
0.553959
0.409294
0.619839
0.307451
0.513984
0.36505
0.488946
0.344084
0.480801
0.340989
0.384283
0.431771
0.721313
0.0605017
0.328348
0.530101
0.526712
0.52923
0.548228
0.472324
0.285672
0.5296
0.430811
0.256075
0.146612
0.556443
0.176613
0.396942
0.493028
0.43432
0.682885
0.501515
0.412923
0.782901
0.831152
0.829796
0.175399
0.797593
0.873893
0.105159
0.434498
0.488341
0.509593
0.693316
0.462424
0.570334
0.504936
0.510035
0.671296
0.626125
0.367432
0.130624
0.514618
0.459452
0.591302
0.562491
0.56669
0.236825
0.393985
0.505364
0.660197
0.563734
0.630158
0.662041
0.419274
0.568109
0.714676
0.775799
0.357337
0.864447
0.405406
0.058927
0.416045
0.947796
0.691418
0.540047
0.403749
0.117572
0.801562
0.596257
0.748841
0.456969
0.492969
0.549338
0.815445
0.694503
0.298554
0.193595
0.235903
0.449999
0.307133
0.486163
0.29657
0.918128
0.819293
0.368888
0.370439
0.468381
0.366679
0.304191
0.722165
0.441129
0.101912
0.595589
0.218069
0.595231
0.46086
0.426826
0.555758
0.713402
0.768533
0.791871
0.585014
0.297348
0.104398
0.601285
0.62363
0.585467
0.762439
0.738785
0.378921
0.301679
0.535818
0.705065
0.667657
0.594728
0.325536
0.224259
0.584186
0.553103
0.217002
0.301683
0.0985853
0.481478
0.687971
0.709792
0.77365
0.800375
0.505836
0.242551
0.371622
0.481515
0.641779
0.316731
0.578551
0.857127
0.673835
0.611875
0.406218
0.44224
0.670445
0.929013
0.538607
0.584787
0.440604
0.811445
0.471909
0.309118
0.806244
0.209219
0.254092
0.6443
0.697026
0.582189
0.462105
0.529378
0.38724
0.324847
0.761797
0.563525
0.589045
0.759375
0.477687
0.419822
0.385822
0.681665
0.556735
0.667172
0.63392
0.558329
0.642295
0.54562
0.480643
0.461005
0.181481
0.416176
0.540819
0.687539
0.571182
0.656966
0.543846
0.757908
0.805011
0.703358
0.907643
0.586039
0.915506
0.730472
0.715446
0.116953
0.212913
0.652266
0.96594
0.0819255
0.403937
0.662176
0.236744
0.262685
0.630859
0.466065
0.045788
0.268893
0.303455
0.659026
0.714658
0.321483
0.303196
0.873345
0.43253
0.397668
0.221207
0.375738
0.48882
0.331767
0.748542
0.717736
0.287224
0.579204
0.169311
0.343883
0.773353
0.339407
0.614265
0.238193
0.802692
0.0965209
0.314468
0.740087
0.745159
0.375213
0.551697
0.0868254
0.767037
0.622065
0.334268
0.540214
0.750634
0.611377
0.533998
0.63116
0.206508
0.637456
0.80206
0.606421
0.802656
0.493753
0.538502
0.587693
0.279587
0.352509
0.522254
0.253933
0.539731
0.646829
0.51545
0.533623
0.594165
0.420392
0.737951
0.344445
0.319175
0.848296
0.564973
0.343629
0.619697
0.245804
0.63275
0.453001
0.11621
0.370052
0.244205
0.598572
0.366199
0.683045
0.548627
0.655237
0.400826
0.482558
0.426388
0.513
0.501965
0.420856
0.34175
0.481859
0.664324
0.419381
0.133867
0.428319
0.0818779
0.8509
0.298107
0.0872372
0.767371
0.598826
0.266829
0.418523
0.558198
0.216757
0.0308308
0.678978
0.281479
0.39952
0.649666
0.555336
0.745691
0.840317
0.781079
0.255366
0.495755
0.28683
0.316853
0.879663
0.412977
0.22244
0.544361
0.197537
0.760822
0.586982
0.460187
0.126209
0.67198
0.314754
0.444171
0.263265
0.34176
0.20576
0.459291
0.248151
0.33734
0.759473
0.774823
0.529231
0.451964
0.588662
0.417236
0.288729
0.427683
0.894115
0.635335
0.328662
0.639786
0.219388
0.623168
0.646639
0.480596
0.317969
0.576267
0.731195
0.699823
0.453529
0.363816
0.282099
0.353213
0.81723
0.681364
0.611864
0.280757
0.484335
0.505746
0.410466
0.68026
0.445625
0.50589
0.856062
0.361587
0.737446
0.270242
0.73027
0.161454
0.557454
0.293532
0.247372
0.268152
0.491443
0.622697
0.732558
0.850117
0.589884
0.893735
0.585136
0.401811
0.521115
0.698369
0.6384
0.614887
0.391392
0.801359
0.578624
0.352155
0.560291
0.1864
0.511451
0.946403
0.393225
0.740519
0.0647032
0.565632
0.381145
0.593953
0.0924384
0.280834
0.420749
0.714497
0.595858
0.741943
0.786818
0.81236
0.902438
0.512125
0.441574
0.443586
0.445454
0.630115
0.814248
0.407136
0.661839
0.364841
0.547308
0.612751
0.577106
0.396086
0.444086
0.553755
0.571841
0.799488
0.465844
0.350982
0.125041
0.233718
0.614558
0.541049
0.505391
0.622169
0.401028
0.364212
0.432311
0.391077
0.336162
0.264106
0.654407
0.470466
0.496598
0.143663
0.693754
0.283885
0.204073
0.628551
0.680183
0.347421
0.72127
0.171526
0.250562
0.367992
0.60512
0.788074
0.413835
0.87548
0.471834
0.545813
0.583329
0.442767
0.416226
0.637087
0.653683
0.442291
0.69115
0.446283
0.550471
0.557265
0.491176
0.480381
0.106419
0.410215
0.297903
0.363304
0.418872
0.691059
0.732583
0.301665
0.518955
0.561439
0.725012
0.51153
0.233653
0.381596
0.545946
0.552852
0.547822
0.450556
0.363543
0.350269
0.0739138
0.469973
0.472654
0.385973
0.412987
0.836489
0.709029
0.132412
0.741349
0.636982
0.798825
0.749593
0.382974
0.365645
0.507044
0.903806
0.92859
0.401328
0.436845
0.271607
0.638155
0.178151
0.19493
0.374937
0.414166
0.75187
0.376495
0.850281
0.559094
0.609074
0.936535
0.0868048
0.830946
0.0857703
0.502525
0.87543
0.486808
0.656474
0.546848
0.292863
0.554943
0.124437
0.57556
0.501588
0.501837
0.388192
0.103398
0.478898
0.26136
0.479112
0.173217
0.395059
0.768977
0.459218
0.541299
0.442717
0.694739
0.0379992
0.888295
0.376723
0.494568
0.411543
0.528807
0.355539
0.700104
0.346802
0.580923
0.382466
0.543208
0.428351
0.420279
0.226931
0.061956
0.154538
0.481537
0.66311
0.260758
0.214429
0.583389
0.195205
0.198017
0.296519
0.441563
0.645721
0.550527
0.674679
0.897494
0.565108
0.754573
0.586358
0.628684
0.378176
0.749505
0.562594
0.220013
0.514722
0.650312
0.388889
0.46355
0.478843
0.351519
0.770587
0.117704
0.893412
0.615517
0.545866
0.594834
0.513277
0.624186
0.434035
0.159703
0.53272
0.273502
0.326325
0.709478
0.719784
0.666544
0.520919
0.569207
0.49208
0.811153
0.573475
0.475034
0.505742
0.454226
0.578941
0.530676
0.661208
0.785457
0.719999
0.410946
0.136544
0.419066
0.811977
0.449431
0.641068
0.612898
0.843638
0.485671
0.539046
0.609996
0.157756
0.960507
0.825275
0.28858
0.434932
0.736501
0.641395
0.482118
0.538639
0.483665
0.103808
0.381967
0.549
0.708969
0.671102
0.360834
0.457359
0.121412
0.61092
0.356111
0.513215
0.512706
0.333246
0.627884
0.109616
0.196911
0.439103
0.257234
0.36268
0.29063
0.290684
0.676197
0.185384
0.728668
0.241002
0.321556
0.675346
0.398337
0.368125
0.180409
0.530821
0.638853
0.641138
0.546227
0.478675
0.590582
0.401974
0.729929
0.342647
0.492145
0.379319
0.271244
0.399704
0.5117
0.657786
0.371435
0.566868
0.561964
0.607623
0.319241
0.730394
0.286869
0.737233
0.107661
0.673718
0.520973
0.26281
0.239999
0.580138
0.511075
0.396443
0.399362
0.4807
0.552727
0.436057
0.706583
0.287305
0.432653
0.197593
0.217331
0.695598
0.181329
0.161878
0.10995
0.261686
0.628289
0.415629
0.691331
0.851332
0.615989
0.548113
0.398934
0.429727
0.466347
0.621984
0.402834
0.804537
0.907348
0.668849
0.712455
0.454418
0.655406
0.367179
0.868433
0.969732
0.212436
0.142161
0.350845
0.401723
0.174872
0.384172
0.260795
0.460967
0.465164
0.314543
0.133159
0.525403
0.384549
0.734338
0.914048
0.312813
0.249191
0.4739
0.687348
0.34214
0.610039
0.31794
0.160462
0.452567
0.670072
0.51298
0.220169
0.668802
0.500843
0.670995
0.545302
0.595562
0.0235412
0.465126
0.313702
0.293758
0.458054
0.470374
0.466733
0.735443
0.0568159
0.334207
0.29536
0.454087
0.428486
0.669042
0.28765
0.401288
0.119791
0.640622
0.228256
0.790576
0.362153
0.683291
0.466301
0.353449
0.503002
0.605245
0.568804
0.45238
0.12994
0.553856
0.752592
0.889995
0.759233
0.393173
0.53844
0.52321
0.698358
0.50278
0.496929
0.435615
0.305637
0.839176
0.75632
0.940928
0.358255
0.807907
0.618502
0.58488
0.603253
0.576703
0.679884
0.0824301
0.304356
0.416877
0.779845
0.271713
0.210789
0.492333
0.400157
0.185687
0.862509
0.222495
0.314591
0.236961
0.509551
0.42754
0.338658
0.280812
0.661508
0.921357
0.455263
0.46594
0.396381
0.54964
0.392797
0.302045
0.546379
0.877602
0.407992
0.767821
0.741497
0.813811
0.576637
0.552517
0.529983
0.91366
0.321036
0.668736
0.408097
0.438052
0.703882
0.193667
0.579838
0.449883
0.19397
0.290487
0.130602
0.312949
0.159992
0.431201
0.53701
0.41493
0.274424
0.386714
0.548425
0.768141
0.810268
0.569455
0.463969
0.348769
0.489252
0.208424
0.192122
0.117338
0.59081
0.60604
0.718264
0.620192
0.456991
0.870724
0.718819
0.403794
0.329205
0.538649
0.548914
0.180701
0.128497
0.392664
0.69378
0.768076
0.34183
0.55589
0.512371
0.276645
0.602632
0.582039
0.714987
0.36004
0.35464
0.784038
0.504941
0.54149
0.163871
0.43705
0.67762
0.216862
0.294313
0.261561
0.708539
0.390084
0.588714
0.73667
0.475302
0.0290063
0.496644
0.313308
0.246639
0.636801
0.267764
0.491616
0.434982
0.216016
0.379032
0.49623
0.347317
0.259444
0.690356
0.927794
0.282343
0.233989
0.62397
0.288508
0.310236
0.23076
0.338618
0.17408
0.4346
0.536616
0.420387
0.693966
0.074475
0.339473
0.537819
0.326327
0.417559
0.611662
0.309728
0.433641
0.684047
0.422685
0.309897
0.559471
0.20383
0.51476
0.183648
0.396387
0.448013
0.431529
0.777034
0.459601
0.269051
0.822397
0.480189
0.520385
0.592039
0.751951
0.66216
0.247879
0.163001
0.92596
0.625321
0.777439
0.19829
0.702495
0.433247
0.56818
0.392492
0.588723
0.766716
0.43193
0.730527
0.630965
0.138282
0.510326
0.412889
0.687654
0.346638
0.246303
0.441282
0.531833
0.47779
0.540795
0.525162
0.561899
0.060815
0.304956
0.457994
0.606283
0.66178
0.512768
0.475318
0.389846
0.250174
0.128424
0.344967
0.686749
0.597984
0.427407
0.55311
0.516616
0.272315
0.249714
0.438037
0.447836
0.458279
0.618218
0.486885
0.653873
0.39959
0.424669
0.248824
0.32549
0.670153
0.530393
0.431446
0.873826
0.290673
0.648252
0.23543
0.566294
0.380095
0.766993
0.345813
0.319291
0.0824936
0.648602
0.736474
0.328767
0.435781
0.573855
0.557748
0.551694
0.6494
0.030755
0.865327
0.758544
0.433944
0.435092
0.311923
0.458892
0.576438
0.241894
0.661431
0.4593
0.880777
0.451062
0.598606
0.644674
0.393616
0.530012
0.295573
0.281305
0.511777
0.670691
0.559739
0.721842
0.618031
0.567852
0.625985
0.349486
0.317875
0.550006
0.769283
0.430712
0.15073
0.41401
0.902155
0.752855
0.324744
0.708771
0.684708
0.504947
0.575182
0.483072
0.413211
0.3172
0.172158
0.657091
0.5665
0.206571
0.904241
0.196653
0.377767
0.882893
0.540272
0.663862
0.662557
0.452045
0.322464
0.487224
0.872096
0.509711
0.469702
0.438944
0.454355
0.451288
0.97067
0.326599
0.593507
0.530523
0.12228
0.300923
0.261762
0.281514
0.319607
0.450951
0.755803
0.375733
0.529353
0.502352
0.503357
0.317747
0.67961
0.454237
0.413695
0.590358
0.374513
0.884335
0.909154
0.941917
0.393114
0.421907
0.513045
0.465591
0.357621
0.532325
0.482588
0.452381
0.756908
0.776771
0.963816
0.206758
0.187002
0.60503
0.508643
0.595766
0.221001
0.508903
0.532598
0.559518
0.746702
0.508279
0.404997
0.643002
0.410968
0.461444
0.351593
0.316188
0.485648
0.0857384
0.713065
0.431412
0.520664
0.344197
0.34093
0.624079
0.075629
0.498349
0.525804
0.294751
0.122175
0.146876
0.841179
0.517698
0.884932
0.46436
0.649164
0.803054
0.439872
0.623891
0.252957
0.596714
0.814542
0.531828
0.294049
0.734175
0.135459
0.522537
0.480475
0.271536
0.543751
0.555469
0.595686
0.698889
0.65088
0.726468
0.475927
0.498409
0.232084
0.549724
0.757245
0.841433
0.655962
0.486333
0.681577
0.425876
0.224378
0.0899306
0.614612
0.537366
0.147671
0.40944
0.666428
0.374494
0.805928
0.933451
0.419173
0.510615
0.24785
0.88033
0.754345
0.571681
0.0545446
0.532658
0.6355
0.291584
0.746325
0.584136
0.440514
0.56356
0.336419
0.111636
0.550791
0.438204
0.436239
0.304595
0.393095
0.225685
0.492655
0.47848
0.492967
0.4418
0.788506
0.168602
0.336968
0.294511
0.263352
0.745062
0.454274
0.239645
0.0122467
0.509162
0.116421
0.3415
0.496117
0.126144
0.917287
0.756076
0.548083
0.518634
0.733681
0.611727
0.185865
0.48972
0.680177
0.394053
0.541175
0.364126
0.660138
0.648853
0.392804
0.830438
0.478119
0.399034
0.340865
0.43693
0.717159
0.628367
0.585462
0.838007
0.197723
0.517035
0.573811
0.90786
0.323351
0.320939
0.455641
0.23244
0.481353
0.368756
0.837475
0.260375
0.405156
0.607786
0.252165
0.538026
0.518215
0.461647
0.560857
0.47336
0.767652
0.469909
0.180312
0.467891
0.81909
0.761791
0.579332
0.525442
0.22243
0.373083
0.41378
0.0910325
0.771577
0.247469
0.470482
0.892711
0.269434
0.470476
0.766095
0.453698
0.272739
0.366298
0.697777
0.211725
0.629622
0.544769
0.568299
0.326989
0.736011
0.317804
0.609006
0.279678
0.42534
0.61165
0.799826
0.752553
0.769248
0.58331
0.836307
0.0635931
0.30527
0.606566
0.51942
0.558255
0.320794
0.625012
0.644695
0.390429
0.310834
0.576595
0.642979
0.515686
0.0904474
0.676125
0.275943
0.48997
0.280933
0.299326
0.615197
0.811398
0.502184
0.543957
0.334699
0.562372
0.591887
0.250612
0.521879
0.503735
0.535531
0.347816
0.763722
0.542241
0.529453
0.843078
0.689809
0.137129
0.712458
0.613585
0.455098
0.231126
0.589805
0.357251
0.321035
0.685749
0.536655
0.146878
0.544316
0.470283
0.506336
0.487199
0.20846
0.498364
0.682082
0.106627
0.434086
0.525613
0.29917
0.42254
0.579601
0.41631
0.727662
0.700986
0.594766
0.356619
0.144255
0.388708
0.615402
0.236414
0.234991
0.927425
0.188272
0.441277
0.858907
0.567344
0.690963
0.690782
0.465935
0.278888
0.562355
0.328697
0.300687
0.818688
0.385079
0.61529
0.537006
0.337887
0.66211
0.591425
0.476482
0.627852
0.305444
0.478686
0.80737
0.680419
0.405596
0.349299
0.658668
0.696835
0.276405
0.444147
0.297374
0.511561
0.0704503
0.536695
0.305222
0.10418
0.436144
0.135198
0.934476
0.454641
0.73835
0.0850686
0.580673
0.954122
0.290155
0.777838
0.423427
0.915838
0.344222
0.192649
0.774753
0.437112
0.267897
0.390773
0.537605
0.446105
0.377063
0.853167
0.415626
0.723601
0.829493
0.195608
0.12837
0.522278
0.779235
0.815492
0.374577
0.612948
0.669356
0.418896
0.649299
0.669247
0.591138
0.146052
0.259028
0.859323
0.563615
0.657899
0.4922
0.845068
0.388107
0.565913
0.390761
0.596497
0.408206
0.481952
0.931764
0.0108942
0.556424
0.734386
0.666218
0.28338
0.494525
0.441291
0.975736
0.30759
0.455319
0.651053
0.595761
0.592181
0.569494
0.15523
0.417476
0.760912
0.511829
0.848064
0.318753
0.16108
0.726931
0.151561
0.387789
0.43713
0.795395
0.5446
0.39136
0.133268
0.177093
0.629044
0.702901
0.470964
0.119066
0.435369
0.643913
0.404242
0.441267
0.314871
0.805446
0.387703
0.214202
0.785004
0.404743
0.499231
0.518286
0.58898
0.595351
0.641403
0.525517
0.500254
0.887335
0.502617
0.569842
0.0470787
0.447484
0.791006
0.673383
0.351821
0.53769
0.461234
0.171475
0.674276
0.712953
0.236288
0.630223
0.517744
0.63877
0.68343
0.676109
0.801174
0.500909
0.935492
0.657909
0.12018
0.468893
0.855736
0.737015
0.514315
0.537756
0.52652
0.553004
0.427472
0.810963
0.399057
0.537068
0.692841
0.400618
0.273575
0.746756
0.393377
0.609403
0.486226
0.27118
0.343254
0.921954
0.261108
0.306694
0.205327
0.0716637
0.642818
0.428784
0.404145
0.562187
0.256959
0.386712
0.513593
0.511198
0.353085
0.423238
0.692769
0.547233
0.666561
0.672515
0.51324
0.728753
0.0928973
0.615034
0.165342
0.567786
0.500086
0.369302
0.550734
0.228877
0.711562
0.275671
0.162931
0.337255
0.774399
0.278561
0.427086
0.568502
0.58439
0.539085
0.314817
0.805215
0.271713
0.510846
0.569402
0.134482
0.457891
0.387502
0.271204
0.32325
0.576795
0.881421
0.742716
0.646958
0.409474
0.718585
0.437146
0.560067
0.314621
0.535634
0.473986
0.685437
0.843518
0.54076
0.879571
0.462746
0.510339
0.350912
0.860113
0.534444
0.445703
0.343588
0.57928
0.561017
0.493431
0.162231
0.431881
0.645625
0.517461
0.190063
0.699781
0.41142
0.267928
0.857954
0.245669
0.513195
0.612432
0.577704
0.544859
0.478237
0.270568
0.392905
0.374829
0.759574
0.396796
0.615328
0.376725
0.74807
0.438778
0.765554
0.472593
0.228115
0.155358
0.562367
0.266648
0.37493
0.51033
0.506184
0.578389
0.879783
0.36526
0.777607
0.649931
0.15272
0.47657
0.222927
0.339441
0.790659
0.259193
0.624235
0.257099
0.611994
0.611091
0.752531
0.819528
0.0471611
0.79999
0.378046
0.593193
0.537844
0.495708
0.462736
0.566771
0.335835
0.488464
0.685712
0.637033
0.705815
0.465633
0.753147
0.612338
0.524602
0.92638
0.619969
0.432318
0.632713
0.89571
0.801455
0.571921
0.532342
0.556427
0.378597
0.242459
0.639173
0.249592
0.101905
0.521882
0.783675
0.501062
0.67409
0.440999
0.0208764
0.813728
0.342866
0.82192
0.545826
0.422116
0.360854
0.309506
0.125284
0.538041
0.670397
0.55616
0.444444
0.323016
0.346847
0.414815
0.63076
0.405179
0.384669
0.764512
0.455256
0.715516
0.336509
0.737484
0.324964
0.250188
0.11612
0.1362
0.168414
0.572803
0.451863
0.723354
0.679389
0.452517
0.528229
0.337314
0.622438
0.490855
0.278675
0.930072
0.516914
0.922203
0.593773
0.644278
0.504599
0.479925
0.884528
0.440465
0.569245
0.302119
0.491439
0.555097
0.514644
0.808028
0.355699
0.71463
0.221134
0.808172
0.669687
0.550262
0.188716
0.318306
0.399712
0.552628
0.738233
0.629301
0.12471
0.175191
0.480367
0.642141
0.560433
0.339635
0.775465
0.309177
0.439385
0.616076
0.395507
0.229901
0.592599
0.245456
0.462791
0.531457
0.630091
0.441014
0.478206
0.621182
0.542633
0.550242
0.365245
0.73049
0.348252
0.678295
0.444179
0.876432
0.582647
0.268318
0.614108
0.449323
0.483506
0.403727
0.258871
0.59182
0.64448
0.241971
0.506102
0.366907
0.215344
0.508863
0.456977
0.419242
0.400672
0.877088
0.367479
0.416367
0.560124
0.322017
0.500314
0.51332
0.639228
0.192517
0.479869
0.416201
0.460315
0.753935
0.470877
0.327283
0.57906
0.355018
0.36478
0.636306
0.462849
0.640001
0.39599
0.179595
0.672977
0.37169
0.223613
0.72069
0.533471
0.450846
0.502405
0.513219
0.9451
0.611739
0.330067
0.388743
0.0539346
0.543253
0.696234
0.769372
0.409571
0.329473
0.671811
0.336952
0.048949
0.123202
0.565582
0.297666
0.617445
0.360385
0.638303
0.762932
0.689726
0.592965
0.202768
0.724493
0.378619
0.162212
0.551625
0.433641
0.621021
0.454098
0.642992
0.201544
0.705696
0.872839
0.837208
0.719667
0.658528
0.438223
0.716338
0.456329
0.526641
0.556923
0.631327
0.517446
0.403521
0.537463
0.60998
0.566565
0.213113
0.31311
0.622236
0.4813
0.821594
0.606415
0.437466
0.380332
0.471346
0.413731
0.421826
0.487165
0.332401
0.707525
0.611964
0.50384
0.642451
0.648832
0.264671
0.749877
0.457244
0.371757
0.320332
0.278706
0.459023
0.546435
0.331341
0.515907
0.571408
0.446406
0.39489
0.670609
0.304916
0.140887
0.49286
0.753404
0.308102
0.701955
0.879784
0.491196
0.525068
0.461187
0.773181
0.261424
0.660887
0.369837
0.588791
0.375107
0.832254
0.411152
0.326556
0.120236
0.831468
0.782978
0.951466
0.434017
0.35763
0.713309
0.726665
0.404554
0.369715
0.291003
0.444487
0.50954
0.39196
0.0883787
0.3644
0.581594
0.652806
0.62197
0.40508
0.446896
0.364383
0.34223
0.751154
0.515808
0.750346
0.362513
0.523403
0.311196
0.605612
0.532186
0.024516
0.502201
0.722358
0.228274
0.31076
0.468241
0.442423
0.384543
0.953219
0.250065
0.396998
0.296486
0.340514
0.451681
0.67033
0.635189
0.238242
0.73905
0.174891
0.372592
0.558588
0.538443
0.451292
0.465195
0.406924
0.369403
0.406951
0.162775
0.460414
0.954273
0.683364
0.203245
0.596975
0.328291
0.392558
0.424265
0.431218
0.131289
0.389125
0.966798
0.527246
0.0940488
0.544979
0.765308
0.546507
0.439408
0.669802
0.41383
0.452151
0.500249
0.770892
0.266673
0.629637
0.313517
0.771922
0.277064
0.396605
0.781457
0.610902
0.596554
0.363333
0.198287
0.313405
0.852534
0.468345
0.522558
0.687919
0.290772
0.252046
0.732477
0.715945
0.614371
0.544534
0.433512
0.510265
0.370118
0.232008
0.594614
0.390568
0.12769
0.629494
0.371433
0.676404
0.466746
0.225869
0.431935
0.223241
0.431443
0.180463
0.531853
0.528144
0.131458
0.938792
0.794446
0.407402
0.0631185
0.198248
0.731053
0.299214
0.493787
0.692878
0.495989
0.670291
0.397165
0.379635
0.701329
0.306069
0.446726
0.596788
0.324183
0.43995
0.469004
0.628451
0.321079
0.22781
0.528001
0.347458
0.521118
0.49978
0.456521
0.722139
0.701574
0.522086
0.169741
0.460758
0.456675
0.677514
0.490894
0.430732
0.552295
0.523863
0.48844
0.727985
0.416351
0.615496
0.968652
0.385081
0.746711
0.273927
0.287074
0.695066
0.425455
0.169123
0.536822
0.49124
0.510368
0.623995
0.441252
0.461332
0.531563
0.48035
0.423047
0.687863
0.653175
0.66532
0.341273
0.594753
0.467096
0.773109
0.782556
0.84349
0.767743
0.527647
0.561969
0.460502
0.613897
0.417529
0.233848
0.0906046
0.315672
0.0954157
0.932202
0.759724
0.191696
0.309828
0.254975
0.893336
0.523652
0.688067
0.175904
0.575385
0.59231
0.614762
0.612294
0.645675
0.511249
0.75134
0.79651
0.722074
0.281487
0.417485
0.493566
0.59708
0.57226
0.606429
0.376688
0.696639
0.69024
0.831721
0.517276
0.402358
0.531502
0.803875
0.465221
0.526528
0.517566
0.111098
0.290049
0.592686
0.598923
0.129072
0.222922
0.812701
0.366409
0.810543
0.68403
0.764643
0.642898
0.30626
0.499457
0.264012
0.634757
0.544585
0.506124
0.284142
0.304585
0.44787
0.512956
0.51991
0.0837376
0.389477
0.230941
0.802132
0.375231
0.796122
0.304276
0.558347
0.50459
0.475971
0.969348
0.378929
0.358285
0.303718
0.1378
0.985772
0.406393
0.319658
0.344486
0.514083
0.138199
0.600531
0.520644
0.50607
0.146414
0.935722
0.447134
0.378621
0.177801
0.893152
0.512147
0.365339
0.424962
0.785001
0.542293
0.546571
0.166102
0.344175
0.495522
0.569373
0.0666244
0.59821
0.698869
0.522616
0.538417
0.478089
0.583533
0.170716
0.509743
0.125227
0.514325
0.362776
0.790676
0.160665
0.330089
0.42218
0.426029
0.856292
0.106173
0.18498
0.509805
0.698694
0.419615
0.593691
0.392171
0.76201
0.542198
0.366398
0.542037
0.606966
0.506084
0.749336
0.535325
0.0990242
0.381265
0.724428
0.721047
0.589367
0.373579
0.781495
0.574358
0.328245
0.49661
0.47819
0.577767
0.280949
0.590271
0.498927
0.678712
0.192495
0.853464
0.787421
0.453772
0.797869
0.327668
0.565683
0.566772
0.500454
0.412908
0.665628
0.440107
0.142067
0.517034
0.0877261
0.76562
0.663785
0.333815
0.564394
0.563419
0.50755
0.514836
0.144136
0.454025
0.534299
0.644772
0.425694
0.641292
0.535164
0.449096
0.559761
0.810574
0.588053
0.557837
0.499106
0.72863
0.562727
0.418532
0.716203
0.788797
0.503237
0.096028
0.72079
0.576998
0.4174
0.716356
0.19801
0.741173
0.678745
0.706397
0.451112
0.528761
0.797168
0.750603
0.570947
0.813884
0.740288
0.530583
0.367779
0.767923
0.788306
0.332866
0.589221
0.0342011
0.580931
0.504707
0.311372
0.349525
0.565711
0.507323
0.628535
0.512366
0.482933
0.460487
0.380144
0.429486
0.322964
0.591914
0.141853
0.179858
0.86776
0.899451
0.070966
0.616754
0.479006
0.603553
0.434738
0.485903
0.22114
0.112119
0.263279
0.369654
0.208306
0.739249
0.55715
0.47412
0.240052
0.314033
0.342953
0.358291
0.341378
0.585014
0.608569
0.661158
0.748506
0.470502
0.762901
0.214898
0.682548
0.724421
0.753332
0.639222
0.429003
0.481951
0.337343
0.594002
0.791821
0.418701
0.743037
0.824341
0.416535
0.401734
0.566587
0.464267
0.777742
0.530248
0.742917
0.772267
0.30202
0.358295
0.789198
0.553917
0.648114
0.361405
0.259028
0.483879
0.592029
0.353553
0.458439
0.871588
0.265453
0.58041
0.463161
0.621958
0.671685
0.609373
0.839856
0.724497
0.45406
0.906374
0.212314
0.561217
0.817618
0.634023
0.426873
0.1558
0.305566
0.725167
0.559633
0.693459
0.307836
0.180459
0.871287
0.723019
0.729855
0.30809
0.553681
0.409733
0.675401
0.768346
0.725527
0.5394
0.79821
0.805201
0.622906
0.181373
0.152776
0.441666
0.29356
0.500093
0.425578
0.685177
0.342193
0.161785
0.353722
0.433798
0.387305
0.615021
0.438817
0.293583
0.878374
0.730859
0.239615
0.411946
0.785452
0.370305
0.577807
0.701427
0.911564
0.403886
0.417068
0.472788
0.691538
0.540138
0.476296
0.515869
0.829203
0.526855
0.313721
0.561215
0.48817
0.870973
0.66936
0.324962
0.989676
0.679995
0.779086
0.484049
0.584269
0.559892
0.674342
0.448313
0.352393
0.711447
0.657311
0.6906
0.652199
0.449047
0.192162
0.665508
0.771199
0.322941
0.37874
0.491947
0.0516709
0.35804
0.475858
0.0942141
0.247979
0.629344
0.617158
0.390815
0.237283
0.476115
0.413237
0.389802
0.443359
0.613966
0.559573
0.693919
0.446582
0.736038
0.370516
0.438382
0.241346
0.90149
0.335428
0.578659
0.46552
0.591548
0.343821
0.715124
0.664811
0.7704
0.652112
0.286031
0.768169
0.620238
0.465428
0.479731
0.438672
0.326797
0.683639
0.611639
0.327592
0.373762
0.411606
0.480951
0.497652
0.761454
0.259387
0.366669
0.394717
0.397219
0.758956
0.341995
0.735503
0.612006
0.899746
0.480721
0.542115
0.339611
0.336106
0.798738
0.792549
0.45214
0.745579
0.418348
0.26954
0.577235
0.61764
0.462575
0.178443
0.429664
0.42835
0.0812036
0.468111
0.771895
0.207148
0.779821
0.526998
0.57532
0.427795
0.367649
0.540019
0.285796
0.456248
0.859502
0.779975
0.804238
0.464034
0.0617159
0.470613
0.375008
0.266486
0.84145
0.596704
0.531875
0.47096
0.723281
0.149769
0.583368
0.120956
0.976534
0.286404
0.826347
0.697823
0.251342
0.739388
0.758695
0.892546
0.0909438
0.560089
0.519001
0.485845
0.792265
0.383923
0.6132
0.475655
0.606369
0.898927
0.19512
0.766771
0.164872
0.560788
0.749948
0.288289
0.287969
0.335926
0.48663
0.830212
0.474251
0.367546
0.577278
0.191377
0.391994
0.447829
0.588679
0.406665
0.0861708
0.0427263
0.533017
0.872206
0.384947
0.35409
0.421975
0.613084
0.133949
0.517174
0.5404
0.238846
0.406146
0.519799
0.362747
0.307867
0.729684
0.292777
0.617548
0.372429
0.14558
0.659446
0.462204
0.402149
0.551693
0.445476
0.562381
0.584164
0.808911
0.538378
0.577383
0.174268
0.480057
0.049403
0.134854
0.123975
0.341515
0.468851
0.335233
0.634276
0.452127
0.319045
0.658377
0.587608
0.583436
0.297525
0.35184
0.485377
0.709885
0.766302
0.462299
0.0691146
0.527114
0.181291
0.628647
0.229165
0.611017
0.169306
0.587337
0.605562
0.349776
0.448313
0.547549
0.461531
0.675589
0.149888
0.175813
0.460859
0.392365
0.341133
0.386746
0.406121
0.540187
0.656559
0.468584
0.295568
0.756862
0.438749
0.279223
0.732225
0.491412
0.149886
0.830535
0.269577
0.693912
0.054508
0.53572
0.203949
0.750582
0.787137
0.726513
0.124509
0.45259
0.906716
0.254096
0.707579
0.681545
0.403062
0.569575
0.29274
0.76421
0.35882
0.136936
0.203977
0.593452
0.5837
0.363422
0.0799089
0.63204
0.526047
0.439281
0.652917
0.810376
0.630072
0.560904
0.467783
0.598802
0.545376
0.468369
0.456205
0.679664
0.708644
0.560459
0.584363
0.163824
0.305712
0.557247
0.466482
0.190863
0.485436
0.262369
0.3881
0.52173
0.435142
0.43414
0.608574
0.87714
0.540641
0.106705
0.613092
0.294544
0.842145
0.409437
0.660266
0.671032
0.360643
0.514834
0.522156
0.429061
0.107629
0.302193
0.739369
0.386421
0.7043
0.656372
0.514619
0.431395
0.524682
0.527993
0.543973
0.498605
0.140371
0.463442
0.135734
0.610544
0.582894
0.770085
0.392736
0.394345
0.552957
0.314132
0.534575
0.502875
0.694136
0.15562
0.612104
0.263745
0.411841
0.307006
0.417295
0.649388
0.456675
0.358911
0.317332
0.805867
0.604588
0.548567
0.542624
0.397633
0.754487
0.553564
0.634167
0.419932
0.127292
0.375523
0.306473
0.40017
0.48865
0.135351
0.408097
0.0539933
0.430845
0.433751
0.462525
0.481432
0.237702
0.637727
0.448009
0.382961
0.719583
0.535817
0.525691
0.544867
0.643815
0.261835
0.851153
0.487839
0.499222
0.218945
0.4053
0.692246
0.321682
0.442895
0.456279
0.708067
0.670915
0.425296
0.314901
0.727004
0.58699
0.374845
0.471824
0.838821
0.468342
0.726432
0.505547
0.713478
0.301329
0.9151
0.326014
0.345174
0.534684
0.513851
0.369449
0.763942
0.630456
0.791331
0.785783
0.264964
0.436368
0.0774619
0.46086
0.225296
0.0127405
0.532101
0.391345
0.972267
0.910456
0.493865
0.481071
0.937281
0.634708
0.543264
0.75333
0.973339
0.642546
0.746334
0.774393
0.234111
0.710529
0.251992
0.259335
0.406896
0.37207
0.498353
0.882005
0.361385
0.362338
0.740297
0.736781
0.420627
0.621862
0.942596
0.200529
0.48016
0.898266
0.789938
0.618938
0.595793
0.348859
0.147227
0.792231
0.930047
0.785042
0.76057
0.160999
0.0918023
0.312834
0.321374
0.39369
0.423231
0.112055
0.223031
0.253083
0.682627
0.460004
0.421687
0.669843
0.341261
0.343749
0.769624
0.377034
0.356945
0.618424
0.52182
0.260261
0.806503
0.157218
0.923276
0.253887
0.153875
0.302009
0.366736
0.164535
0.20013
0.661883
0.567453
0.2289
0.406179
0.920078
0.533695
0.51365
0.798512
0.298124
0.818697
0.440987
0.56282
0.189299
0.621816
0.774219
0.699897
0.711742
0.763669
0.323472
0.262731
0.544885
0.392066
0.432459
0.713247
0.401126
0.48257
0.483
0.331681
0.84795
0.279576
0.704766
0.381102
0.434002
0.280804
0.503507
0.374119
0.685869
0.700136
0.321794
0.308365
0.530634
0.550783
0.222109
0.631854
0.562537
0.572762
0.432874
0.468857
0.310355
0.685724
0.523793
0.281463
0.275399
0.480196
0.177691
0.661537
0.498309
0.467322
0.201775
0.342291
0.77611
0.389228
0.472055
0.288255
0.389262
0.349181
0.430419
0.366923
0.811729
0.352701
0.55467
0.624912
0.365381
0.0578712
0.397568
0.585999
0.643293
0.615081
0.341755
0.257902
0.764833
0.433481
0.643177
0.679256
0.638663
0.543472
0.136413
0.357714
0.398095
0.431556
0.651127
0.34466
0.536513
0.305939
0.739596
0.461567
0.50884
0.20828
0.241079
0.33751
0.678337
0.219025
0.50957
0.436954
0.47628
0.210794
0.307251
0.651387
0.505347
0.186327
0.916737
0.297966
0.555842
0.194506
0.451007
0.512828
0.617139
0.650021
0.140686
0.546278
0.455042
0.0892838
0.554102
0.361589
0.689001
0.477189
0.256369
0.208667
0.541446
0.636402
0.339488
0.488388
0.544742
0.702846
0.556253
0.242935
0.479584
0.218109
0.466542
0.50198
0.181908
0.551525
0.555334
0.48412
0.593689
0.301702
0.707587
0.797467
0.04627
0.159308
0.225892
0.802864
0.253151
0.419975
0.752595
0.697694
0.352454
0.418162
0.508858
0.647811
0.577542
0.609922
0.188931
0.439622
0.247585
0.364472
0.648657
0.643917
0.7581
0.231564
0.20303
0.67754
0.614829
0.533637
0.398425
0.918543
0.792544
0.588783
0.55086
0.175005
0.313699
0.702603
0.642458
0.327202
0.430091
0.274023
0.344072
0.357373
0.654003
0.442215
0.482766
0.250844
0.623558
0.658758
0.698692
0.396801
0.400315
0.40125
0.336623
0.636547
0.285411
0.451568
0.293236
0.501596
0.603828
0.244029
0.591972
0.453492
0.144654
0.74574
0.383127
0.581784
0.558487
0.163447
0.36757
0.736095
0.501414
0.47822
0.318287
0.462778
0.178258
0.391343
0.424739
0.386174
0.176113
0.72184
0.610769
0.81901
0.592411
0.628037
0.777613
0.406022
0.450092
0.732659
0.0993267
0.499412
0.255706
0.812944
0.548733
0.734266
0.294564
0.674309
0.257769
0.416623
0.870336
0.158127
0.616893
0.35638
0.684773
0.441216
0.694001
0.671781
0.916517
0.366654
0.604082
0.361737
0.296235
0.50258
0.386602
0.586795
0.5886
0.457663
0.748427
0.619063
0.879932
0.188972
0.705837
0.81596
0.933567
0.119971
0.709988
0.74218
0.613338
0.343442
0.265961
0.208788
0.9888
0.516137
0.356292
0.517902
0.224144
0.258998
0.655701
0.595942
0.715992
0.458833
0.574476
0.467968
0.183575
0.324337
0.593782
0.670137
0.528073
0.381407
0.656923
0.71688
0.766149
0.799709
0.556385
0.133884
0.706035
0.524508
0.307253
0.337531
0.272773
0.144776
0.423392
0.285964
0.502513
0.760654
0.813548
0.846479
0.714045
0.320351
0.690317
0.718483
0.729023
0.47861
0.435702
0.520767
0.750633
0.48589
0.792777
0.296414
0.123707
0.449459
0.553737
0.208143
0.687611
0.514607
0.590394
0.591472
0.296471
0.596236
0.623999
0.302567
0.319621
0.248098
0.556986
0.442217
0.5484
0.589003
0.49008
0.0568744
0.423748
0.412332
0.723944
0.312249
0.362301
0.187233
0.595353
0.404473
0.696969
0.616904
0.423647
0.618375
0.361281
0.751394
0.643996
0.461949
0.435054
0.859408
0.879809
0.200622
0.532198
0.345586
0.757374
0.384457
0.249808
0.456817
0.691619
0.60597
0.510899
0.353124
0.172658
0.245762
0.621508
0.825733
0.258558
0.857684
0.226083
0.526934
0.53056
0.114826
0.583426
0.533399
0.692763
0.382107
0.698698
0.396639
0.299046
0.500792
0.335301
0.541326
0.265817
0.264813
0.793714
0.454209
0.379919
0.838256
0.0826496
0.563433
0.436838
0.507968
0.721181
0.540047
0.445129
0.684698
0.398773
0.460558
0.508736
0.460794
0.0834128
0.351398
0.0497042
0.301942
0.40635
0.59322
0.459526
0.595003
0.2652
0.49494
0.568163
0.293532
0.575483
0.554515
0.495565
0.297072
0.463913
0.50544
0.501286
0.469881
0.435074
0.705003
0.373579
0.849244
0.656367
0.252353
0.700128
0.613087
0.494407
0.931481
0.538374
0.771121
0.799338
0.656233
0.55414
0.313277
0.171805
0.551507
0.623089
0.693733
0.560591
0.636833
0.690275
0.548361
0.527252
0.785543
0.358878
0.937946
0.377302
0.714775
0.229962
0.179071
0.595838
0.718613
0.440888
0.469094
0.138746
0.188649
0.150806
0.531153
0.618907
0.673326
0.897406
0.399707
0.790132
0.309435
0.299911
0.736598
0.469794
0.416157
0.509069
0.71221
0.654452
0.374112
0.60568
0.505777
0.571006
0.618854
0.82498
0.373466
0.769223
0.660333
0.534979
0.502363
0.599746
0.496845
0.322636
0.513042
0.0349953
0.624033
0.34254
0.492908
0.278626
0.546528
0.758526
0.337065
0.472509
0.781862
0.159473
0.442952
0.0484779
0.303303
0.756273
0.94956
0.385361
0.700297
0.467765
0.231547
0.920104
0.54224
0.67921
0.25312
0.725068
0.513325
0.507641
0.656057
0.301868
0.843245
0.834243
0.600808
0.455399
0.890565
0.664655
0.399118
0.599985
0.442603
0.0538982
0.371149
0.212845
0.3777
0.383406
0.629634
0.388393
0.292773
0.703411
0.638091
0.560112
0.531104
0.154726
0.40968
0.445086
0.252311
0.659742
0.107819
0.129503
0.268528
0.623238
0.579184
0.451762
0.327794
0.309391
0.494281
0.453067
0.357734
0.362146
0.790275
0.653695
0.389621
0.111886
0.50532
0.276397
0.464932
0.36214
0.363156
0.276672
0.783567
0.775819
0.611262
0.652935
0.684913
0.281284
0.635393
0.49789
0.259962
0.594305
0.267866
0.615679
0.474749
0.502767
0.476479
0.267689
0.142374
0.486748
0.765483
0.723153
0.412929
0.0473913
0.639564
0.77898
0.657669
0.293764
0.376316
0.776519
0.705805
0.387668
0.622215
0.381258
0.849318
0.372174
0.471651
0.504712
0.363236
0.710405
0.208081
0.236075
0.49584
0.536901
0.780927
0.514459
0.465294
0.17465
0.361344
0.510832
0.45624
0.396681
0.464538
0.302072
0.441904
0.711875
0.645834
0.407786
0.364323
0.630439
0.172222
0.623884
0.787302
0.41527
0.840663
0.82513
0.093767
0.751216
0.758923
0.522198
0.63119
0.565021
0.924286
0.447036
0.415818
0.404521
0.329997
0.803629
0.58844
0.336452
0.0988226
0.559518
0.271484
0.747982
0.287646
0.266723
0.30925
0.737905
0.526561
0.88901
0.580116
0.459169
0.550437
0.4757
0.65161
0.325227
0.450476
0.260516
0.506229
0.418465
0.117801
0.377237
0.397958
0.239744
0.870665
0.372222
0.606457
0.613868
0.651371
0.557125
0.437899
0.6166
0.448564
0.483432
0.278511
0.31458
0.245045
0.433703
0.338864
0.41033
0.310825
0.312711
0.434009
0.56028
0.555643
0.684931
0.726587
0.184542
0.42472
0.443114
0.817061
0.512941
0.466034
0.705987
0.397266
0.91259
0.21696
0.531359
0.390482
0.718074
0.452611
0.394244
0.583292
0.336104
0.107795
0.617839
0.2115
0.822263
0.328985
0.558529
0.794416
0.42826
0.632272
0.834335
0.718855
0.293888
0.0377738
0.749515
0.656231
0.50866
0.320522
0.306312
0.353134
0.693881
0.162364
0.80813
0.667845
0.556693
0.508965
0.546666
0.432243
0.543416
0.330516
0.428868
0.300613
0.770272
0.254287
0.637804
0.703878
0.335397
0.681694
0.534858
0.359817
0.416785
0.522086
0.498928
0.496872
0.236615
0.569985
0.76158
0.531151
0.523183
0.32204
0.535404
0.393298
0.027457
0.674496
0.346097
0.533904
0.452029
0.461495
0.467072
0.843192
0.326041
0.189089
0.718679
0.802702
0.410431
0.0893244
0.632405
0.643785
0.643643
0.263346
0.5937
0.619691
0.438694
0.201957
0.565359
0.705109
0.318309
0.366621
0.356669
0.619033
0.425593
0.28343
0.141809
0.523851
0.3735
0.247067
0.544285
0.585598
0.197129
0.751357
0.592438
0.787344
0.348678
0.157508
0.214382
0.46971
0.225647
0.380675
0.678959
0.529547
0.648679
0.520034
0.502642
0.539839
0.506191
0.877049
0.330536
0.760916
0.958762
0.201185
0.162952
0.595111
0.646968
0.771813
0.537294
0.494012
0.272212
0.569615
0.388276
0.659495
0.720801
0.810317
0.297776
0.586751
0.577362
0.508094
0.208919
0.079569
0.424441
0.505558
0.417235
0.325142
0.750912
0.551733
0.765065
0.447715
0.592618
0.528971
0.453626
0.667414
0.20443
0.324307
0.75045
0.272634
0.613702
0.610247
0.608187
0.571386
0.330891
0.444548
0.324054
0.819047
0.293849
0.118066
0.857464
0.326969
0.798149
0.574278
0.786692
0.538463
0.216508
0.493612
0.623676
0.815668
0.736207
0.780273
0.819363
0.512886
0.644171
0.708743
0.280275
0.618961
0.36515
0.381713
0.0802491
0.833336
0.509223
0.420694
0.2896
0.397432
0.610642
0.455109
0.457228
0.835056
0.0407904
0.495195
0.769469
0.462527
0.753838
0.668572
0.27278
0.611293
0.574439
0.569865
0.285616
0.462814
0.662595
0.617306
0.738162
0.727507
0.0916184
0.329766
0.166825
0.606624
0.650861
0.332193
0.453724
0.557903
0.535712
0.16699
0.639644
0.342935
0.513106
0.633351
0.752244
0.666147
0.451576
0.39616
0.579562
0.422394
0.780687
0.500539
0.682155
0.652149
0.495435
0.697703
0.675501
0.760327
0.747001
0.632277
0.927536
0.386789
0.362022
0.460791
0.304531
0.523642
0.30832
0.365572
0.461753
0.556446
0.175822
0.697812
0.913653
0.363473
0.667169
0.128102
0.731612
0.439232
0.393307
0.702248
0.705538
0.21545
0.945132
0.594755
0.168907
0.834777
0.763029
0.621836
0.425104
0.0894821
0.751955
0.720388
0.326231
0.0694626
0.390453
0.618888
0.543785
0.770904
0.757823
0.820675
0.433938
0.498963
0.454395
0.789649
0.638396
0.854884
0.815686
0.372932
0.175117
0.429982
0.621956
0.514553
0.761439
0.535956
0.180508
0.208787
0.475456
0.383048
0.708806
0.411271
0.599747
0.574551
0.372316
0.770571
0.104879
0.618255
0.631714
0.562414
0.71833
0.362408
0.229923
0.603298
0.887825
0.345814
0.700186
0.689767
0.186303
0.50874
0.702199
0.254126
0.319043
0.543294
0.294084
0.446937
0.881766
0.369018
0.423765
0.751156
0.881775
0.301425
0.474116
0.502279
0.77252
0.438268
0.621989
0.833456
0.365219
0.620353
0.572056
0.0839804
0.46948
0.530736
0.402149
0.604179
0.47812
0.578187
0.807574
0.659182
0.849676
0.167808
0.457656
0.77865
0.555389
0.793761
0.47856
0.419006
0.5457
0.09606
0.752191
0.199304
0.65461
0.105438
0.271799
0.741363
0.598496
0.357305
0.720643
0.289337
0.339316
0.387871
0.240894
0.303426
0.570341
0.332521
0.535723
0.616961
0.445908
0.428566
0.498287
0.515627
0.914915
0.681527
0.487128
0.242122
0.631089
0.78614
0.668278
0.449071
0.401325
0.600291
0.520124
0.51757
0.496692
0.552145
0.647901
0.428227
0.888955
0.817733
0.480431
0.516146
0.588778
0.438326
0.222532
0.460781
0.250026
0.253915
0.112282
0.256166
0.567875
0.611201
0.583118
0.67652
0.736734
0.761471
0.35653
0.396777
0.847231
0.195821
0.29188
0.447124
0.58984
0.372173
0.495677
0.575151
0.495963
0.870603
0.743392
0.358745
0.185597
0.470496
0.69271
0.057416
0.703977
0.475099
0.667879
0.209239
0.517877
0.31606
0.470594
0.375163
0.605524
0.552577
0.723645
0.201933
0.312376
0.33682
0.179336
0.619439
0.258274
0.749296
0.725471
0.507803
0.569782
0.614893
0.497454
0.564077
0.574792
0.492343
0.555885
0.367931
0.334766
0.486878
0.514754
0.290254
0.503265
0.867909
0.806164
0.408124
0.487681
0.180552
0.443278
0.484132
0.254392
0.621882
0.193948
0.337563
0.855838
0.409827
0.503305
0.579489
0.37127
0.704626
0.804337
0.20336
0.441245
0.349828
0.531269
0.417176
0.439191
0.281828
0.201359
0.372905
0.561666
0.413969
0.35648
0.593306
0.232196
0.133278
0.456662
0.41586
0.201891
0.254916
0.493522
0.16804
0.0932737
0.361476
0.642329
0.557696
0.372086
0.911291
0.697191
0.406834
0.345079
0.331914
0.834667
0.376633
0.770096
0.522015
0.426863
0.726042
0.52804
0.76693
0.675869
0.415864
0.544579
0.530141
0.267164
0.514732
0.762742
0.415004
0.540406
0.382939
0.455844
0.29807
0.351803
0.504604
0.533437
0.71736
0.353031
0.608182
0.731275
0.55602
0.337467
0.859874
0.189588
0.393768
0.60527
0.434011
0.412196
0.605621
0.474628
0.659007
0.4623
0.869397
0.117274
0.707049
0.489086
0.700508
0.822156
0.440166
0.292512
0.464625
0.0919098
0.544891
0.621981
0.525796
0.652604
0.482262
0.26784
0.269645
0.507956
0.549397
0.742966
0.698304
0.595044
0.493473
0.464936
0.125773
0.399294
0.638405
0.837618
0.20941
0.562319
0.379109
0.494235
0.135319
0.0669505
0.667718
0.202286
0.232402
0.509604
0.260692
0.0439744
0.621891
0.270885
0.515252
0.474061
0.716208
0.571135
0.418142
0.720357
0.463017
0.448385
0.299219
0.230347
0.187382
0.621987
0.326927
0.480723
0.716962
0.505945
0.402219
0.454866
0.682214
0.811779
0.462058
0.456627
0.4656
0.731512
0.473107
0.16701
0.730837
0.617172
0.540809
0.46367
0.795232
0.373962
0.0785308
0.511387
0.315221
0.460049
0.37603
0.494986
0.337214
0.436694
0.67599
0.604451
0.222912
0.938236
0.51193
0.495236
0.79028
0.732205
0.580312
0.435093
0.718397
0.215652
0.314208
0.212
0.346425
0.744528
0.595407
0.616047
0.45398
0.118755
0.686402
0.921435
0.442226
0.346405
0.483182
0.283017
0.54202
0.486163
0.58434
0.325079
0.257486
0.418077
0.941488
0.438376
0.710436
0.318323
0.500548
0.414665
0.383055
0.414552
0.762974
0.53632
0.463332
0.274108
0.590524
0.601835
0.579727
0.428243
0.346728
0.606356
0.668619
0.561202
0.61271
0.909619
0.0500697
0.293833
0.234573
0.21199
0.494527
0.767176
0.35408
0.0225532
0.645069
0.282258
0.343896
0.541499
0.616855
0.178093
0.213185
0.492323
0.427468
0.430677
0.568889
0.927657
0.618859
0.631554
0.612551
0.395792
0.513662
0.555297
0.422067
0.59329
0.505633
0.451033
0.412292
0.742301
0.616044
0.49394
0.387949
0.41954
0.754873
0.508387
0.496825
0.427112
0.707652
0.62522
0.160771
0.5337
0.325893
0.46142
0.206551
0.527863
0.231018
0.211204
0.438109
0.513516
0.548765
0.713362
0.286384
0.240923
0.77307
0.610439
0.442281
0.504811
0.815457
0.141157
0.523
0.254514
0.627985
0.40821
0.341407
0.549316
0.494864
0.639416
0.742681
0.855464
0.669847
0.510912
0.242011
0.419579
0.493567
0.0269269
0.34163
0.566497
0.456996
0.251409
0.425019
0.257838
0.384243
0.362578
0.520635
0.610898
0.48995
0.552253
0.497051
0.815711
0.523558
0.71759
0.395946
0.501455
0.544754
0.69364
0.628863
0.591601
0.58145
0.45092
0.658257
0.550542
0.503653
0.232978
0.552823
0.162675
0.403655
0.534706
0.451653
0.598217
0.604949
0.622938
0.491306
0.508305
0.629367
0.476649
0.144401
0.255217
0.533924
0.57487
0.687857
0.62183
0.485894
0.38618
0.663469
0.457713
0.276703
0.214456
0.713018
0.707531
0.182195
0.731313
0.564634
0.630721
0.158934
0.076469
0.716697
0.259683
0.823167
0.333036
0.510062
0.257012
0.491152
0.985525
0.29893
0.82056
0.76656
0.644137
0.825237
0.648433
0.742708
0.36969
0.670937
0.214273
0.344393
0.859316
0.307108
0.716483
0.666145
0.55383
0.278332
0.553314
0.370747
0.403484
0.455331
0.539037
0.293879
0.579564
0.558369
0.814675
0.357812
0.8451
0.298482
0.520086
0.729074
0.598714
0.50309
0.282429
0.362059
0.781439
0.487121
0.439371
0.152583
0.387103
0.200267
0.653634
0.882412
0.742655
0.325566
0.188783
0.467824
0.525605
0.523988
0.604447
0.232301
0.661519
0.914275
0.492406
0.505473
0.295291
0.146791
0.613318
0.307467
0.955706
0.574688
0.407078
0.709849
0.833573
0.545196
0.338136
0.671387
0.269507
0.228421
0.400344
0.728859
0.598202
0.17052
0.344207
0.380213
0.421835
0.402681
0.802678
0.32938
0.186006
0.456862
0.479936
0.469075
0.607414
0.533772
0.430844
0.55997
0.55324
0.338104
0.197092
0.521644
0.398004
0.740574
0.679282
0.582745
0.184417
0.445833
0.112525
0.244823
0.590563
0.239871
0.376374
0.596346
0.256506
0.660043
0.608212
0.47043
0.449199
0.0753962
0.202493
0.271825
0.345367
0.184493
0.266515
0.505774
0.887799
0.332472
0.466683
0.123355
0.721288
0.318599
0.437509
0.754965
0.640207
0.510122
0.538861
0.73563
0.280524
0.597735
0.235274
0.532865
0.464824
0.222532
0.734408
0.269826
0.159679
0.473819
0.76001
0.493536
0.430509
0.401725
0.448037
0.670002
0.57984
0.208051
0.342865
0.59506
0.830655
0.17334
0.333792
0.491819
0.467315
0.147694
0.610334
0.522621
0.272307
0.577371
0.328071
0.275442
0.397855
0.558751
0.665119
0.491707
0.487214
0.305764
0.312541
0.384514
0.411245
0.186439
0.180322
0.353311
0.411668
0.628725
0.713818
0.733062
0.743125
0.215306
0.203831
0.423022
0.582031
0.681626
0.336794
0.322224
0.0209212
0.300897
0.469799
0.455851
0.892797
0.284387
0.728479
0.508661
0.470774
0.344814
0.514072
0.188699
0.264086
0.465197
0.36923
0.426535
0.182312
0.68507
0.390449
0.372315
0.265436
0.860459
0.488263
0.484928
0.478177
0.373595
0.284642
0.214642
0.742765
0.662829
0.800288
0.362572
0.435148
0.212776
0.822826
0.657402
0.495386
0.789228
0.460177
0.421772
0.103762
0.722909
0.871635
0.407823
0.549944
0.440696
0.532518
0.463388
0.473286
0.712426
0.626488
0.147354
0.0781524
0.225974
0.272937
0.244767
0.728936
0.622794
0.785131
0.839267
0.505202
0.520672
0.518062
0.182477
0.848198
0.819932
0.603247
0.557004
0.85572
0.733915
0.481007
0.661737
0.583141
0.504043
0.629023
0.755158
0.384154
0.65433
0.749248
0.374415
0.375591
0.909733
0.413556
0.404947
0.53645
0.0472599
0.781762
0.607455
0.752036
0.468285
0.493952
0.416075
0.289912
0.175065
0.702319
0.403627
0.745148
0.603959
0.446015
0.266835
0.418102
0.412402
0.685777
0.516466
0.388792
0.336213
0.303383
0.264349
0.72767
0.628344
0.234283
0.581272
0.833391
0.359701
0.640002
0.856799
0.813979
0.507225
0.640236
0.424048
0.62853
0.273923
0.612798
0.419546
0.882411
0.480078
0.432889
0.430261
0.719675
0.134422
0.261432
0.436992
0.182207
0.438544
0.605477
0.395281
0.70587
0.497378
0.362012
0.502076
0.599747
0.903124
0.419727
0.278395
0.405304
0.629488
0.131633
0.555265
0.458122
0.317662
0.584649
0.782253
0.775609
0.555007
0.580621
0.284928
0.569876
0.141907
0.606454
0.679632
0.73577
0.61182
0.80936
0.610958
0.589803
0.414063
0.606503
0.309387
0.936526
0.68842
0.546572
0.673525
0.714666
0.45517
0.404142
0.163472
0.0261236
0.313676
0.725925
0.248824
0.276713
0.387217
0.161305
0.486892
0.458314
0.27125
0.897853
0.51371
0.777868
0.636845
0.385759
0.312477
0.389459
0.410556
0.273448
0.581073
0.911473
0.596521
0.589873
0.352341
0.711626
0.826122
0.697315
0.727853
0.618448
0.615059
0.901766
0.667907
0.268537
0.577234
0.346248
0.237543
0.224758
0.489359
0.42574
0.540373
0.301263
0.119744
0.450619
0.279085
0.707048
0.629249
0.64884
0.463488
0.670521
0.621908
0.335342
0.743999
0.633325
0.567287
0.690444
0.18052
0.402468
0.336129
0.577298
0.463658
0.325572
0.485418
0.191732
0.687295
0.104845
0.198488
0.576082
0.228549
0.291153
0.430347
0.641939
0.62316
0.300364
0.327932
0.334961
0.531424
0.469896
0.889508
0.438235
0.471777
0.724206
0.596994
0.74891
0.456193
0.343721
0.399504
0.476134
0.493592
0.632501
0.445923
0.196603
0.63445
0.455699
0.358894
0.567289
0.311885
0.168677
0.612092
0.233237
0.691495
0.385402
0.217202
0.481557
0.574241
0.334538
0.446575
0.181056
0.103743
0.22743
0.212015
0.410206
0.111348
0.112954
0.489744
0.414457
0.889374
0.119988
0.326059
0.647141
0.514981
0.289045
0.477786
0.636554
0.554117
0.870386
0.636118
0.285019
0.557052
0.516715
0.451993
0.94407
0.214031
0.724336
0.725672
0.723138
0.371594
0.677433
0.64272
0.477431
0.31717
0.325926
0.333133
0.283959
0.321564
0.578117
0.299866
0.452947
0.38599
0.415141
0.407554
0.235158
0.472338
0.535009
0.641774
0.873938
0.702395
0.309806
0.243676
0.514055
0.593765
0.390409
0.594404
0.217705
0.857272
0.718833
0.368201
0.45133
0.112659
0.509149
0.492672
0.395187
0.586415
0.433636
0.349166
0.79086
0.437617
0.301673
0.415817
0.280219
0.31469
0.4446
0.700272
0.302593
0.57801
0.320608
0.828682
0.605223
0.330337
0.529468
0.552079
0.285301
0.479054
0.477694
0.700768
0.52025
0.511268
0.360535
0.761903
0.256108
0.494808
0.427948
0.774959
0.612214
0.52524
0.677505
0.634322
0.623656
0.420995
0.667947
0.157772
0.681207
0.425789
0.572908
0.424146
0.641793
0.509508
0.395087
0.403015
0.570775
0.565781
0.436935
0.293731
0.440651
0.386483
0.674715
0.760732
0.349021
0.250468
0.608567
0.396524
0.43199
0.295809
0.461983
0.763305
0.63741
0.551927
0.279891
0.258692
0.88569
0.589952
0.525329
0.32059
0.384159
0.706742
0.700454
0.630727
0.474253
0.889976
0.318434
0.495954
0.379081
0.518817
0.72854
0.480896
0.582205
0.336615
0.347539
0.63511
0.806753
0.689195
0.276258
0.802415
0.677259
0.854298
0.581008
0.519594
0.634902
0.494745
0.695287
0.406209
0.540127
0.349978
0.447996
0.216784
0.634856
0.237606
0.150185
0.371157
0.649845
0.768659
0.473099
0.29833
0.830962
0.887262
0.526112
0.323671
0.521492
0.427481
0.593878
0.598858
0.675826
0.837113
0.417856
0.218497
0.793176
0.550246
0.708103
0.68684
0.748264
0.19742
0.247032
0.792621
0.859165
0.924263
0.497624
0.219493
0.770829
0.546515
0.55433
0.364133
0.346029
0.601373
0.57572
0.353586
0.243797
0.562122
0.513685
0.647947
0.728687
0.56505
0.504806
0.384038
0.492477
0.954691
0.215251
0.760235
0.383206
0.285432
0.231387
0.78216
0.424732
0.124607
0.764039
0.58346
0.373257
0.0841719
0.485114
0.305444
0.295578
0.465145
0.741118
0.163878
0.267075
0.730974
0.688831
0.350751
0.775738
0.733061
0.0742264
0.813389
0.281827
0.693699
0.426479
0.222788
0.621025
0.408678
0.364689
0.587604
0.552231
0.463906
0.515743
0.489738
0.23943
0.467351
0.717506
0.81201
0.320331
0.379709
0.732307
0.597929
0.452794
0.484184
0.121495
0.328108
0.343283
0.367824
0.232589
0.417406
0.749932
0.493878
0.426348
0.631393
0.316035
0.526677
0.221852
0.390291
0.328085
0.52757
0.463495
0.573054
0.605771
0.47246
0.414533
0.453794
0.719581
0.248564
0.85764
0.797276
0.595008
0.369989
0.833702
0.409766
0.300574
0.608801
0.0758433
0.586005
0.430199
0.570263
0.496491
0.412655
0.478737
0.447963
0.261028
0.283063
0.472733
0.776581
0.532398
0.747744
0.356792
0.957075
0.39679
0.469487
0.749203
0.161099
0.781315
0.571555
0.668733
0.428489
0.850373
0.561952
0.697819
0.353704
0.418176
0.286272
0.28564
0.714114
0.340701
0.506178
0.507835
0.225077
0.65109
0.720089
0.587941
0.313778
0.878333
0.737177
0.348865
0.385816
0.53983
0.285328
0.501012
0.515587
0.724209
0.578218
0.786979
0.323505
0.481567
0.286223
0.490971
0.510169
0.91408
0.75039
0.684425
0.599593
0.910705
0.548232
0.31756
0.900658
0.395481
0.664642
0.379887
0.527965
0.759715
0.0407618
0.340984
0.530316
0.824129
0.168155
0.446116
0.757072
0.227814
0.665173
0.679569
0.549653
0.566621
0.916947
0.321845
0.677512
0.9044
0.879943
0.515141
0.644918
0.956301
0.546571
0.614837
0.576912
0.794079
0.334866
0.342967
0.349857
0.349188
0.312777
0.372956
0.464008
0.290191
0.686154
0.463171
0.362579
0.526808
0.374027
0.620126
0.483788
0.143694
0.26433
0.510458
0.289438
0.492846
0.88773
0.45406
0.345569
0.474284
0.766773
0.319065
0.737789
0.210459
0.59207
0.502631
0.6859
0.370622
0.646797
0.419775
0.179489
0.827138
0.545303
0.535765
0.788143
0.626558
0.371141
0.465896
0.507036
0.434001
0.694406
0.529714
0.58062
0.660205
0.717739
0.385065
0.204201
0.406378
0.944944
0.480615
0.835212
0.662757
0.785651
0.553763
0.553039
0.372575
0.404026
0.764173
0.488251
0.523912
0.389025
0.291397
0.299157
0.35768
0.468246
0.338376
0.505621
0.0807877
0.506967
0.470859
0.697102
0.649301
0.428453
0.586094
0.213916
0.737196
0.461198
0.54239
0.857756
0.932098
0.763255
0.59445
0.51953
0.500153
0.493365
0.767669
0.819604
0.73799
0.293114
0.66783
0.437578
0.480497
0.413887
0.46097
0.265756
0.758908
0.366908
0.371413
0.352488
0.404503
0.494206
0.534284
0.3086
0.568978
0.752845
0.402095
0.932175
0.183347
0.27433
0.143258
0.263948
0.802997
0.405593
0.583676
0.117639
0.587315
0.457522
0.730851
0.836563
0.838085
0.781509
0.783195
0.609887
0.571619
0.564034
0.265567
0.638946
0.525389
0.373836
0.545277
0.276045
0.300698
0.515739
0.471138
0.465234
0.518702
0.639748
0.741378
0.896525
0.417888
0.323554
0.344544
0.242115
0.746892
0.491114
0.530791
0.175144
0.607318
0.549516
0.759231
0.57861
0.076997
0.520857
0.430305
0.434045
0.494925
0.215396
0.450418
0.336613
0.214872
0.136788
0.289368
0.41532
0.435455
0.329716
0.179351
0.644053
0.890256
0.274782
0.467656
0.611187
0.232316
0.705052
0.37339
0.272562
0.373147
0.863171
0.511898
0.0446123
0.337181
0.237496
0.538801
0.80152
0.368338
0.710244
0.628854
0.422244
0.576194
0.820151
0.243131
0.490345
0.835013
0.486706
0.751299
0.581537
0.949664
0.0625282
0.464033
0.280924
0.778261
0.47499
0.493914
0.653944
0.552117
0.48774
0.101423
0.852027
0.55939
0.757285
0.295928
0.366042
0.159594
0.879338
0.449844
0.147618
0.271915
0.514164
0.547419
0.900474
0.53105
0.449692
0.427907
0.300899
0.730094
0.605681
0.496121
0.738583
0.470742
0.501776
0.861693
0.376
0.616891
0.606809
0.231624
0.406611
0.198484
0.256234
0.618974
0.849152
0.338234
0.469111
0.543854
0.547328
0.0746321
0.515608
0.39115
0.25125
0.630448
0.480489
0.952677
0.738991
0.726681
0.837601
0.419762
0.893667
0.467737
0.694923
0.705535
0.48348
0.624351
0.389237
0.46446
0.599187
0.816592
0.504038
0.53997
0.785501
0.650034
0.65382
0.809297
0.359946
0.283992
0.522406
0.507912
0.244734
0.211474
0.662538
0.60424
0.344251
0.706289
0.458435
0.658618
0.582787
0.443562
0.922611
0.338744
0.674148
0.225627
0.142731
0.377117
0.52685
0.546117
0.713836
0.244298
0.395615
0.400801
0.385804
0.675058
0.4719
0.804526
0.425423
0.422789
0.563263
0.399401
0.337004
0.230822
0.843359
0.340121
0.104989
0.497578
0.361412
0.818142
0.516535
0.475773
0.582056
0.63717
0.391582
0.584151
0.183413
0.178231
0.69246
0.523533
0.673386
0.39335
0.504613
0.377228
0.591103
0.642667
0.774536
0.239144
0.642528
0.740585
0.460577
0.651206
0.576263
0.502335
0.896774
0.245
0.437606
0.38312
0.189422
0.470796
0.54595
0.477778
0.360603
0.160425
0.622662
0.699703
0.222462
0.408752
0.453578
0.383511
0.110493
0.371758
0.302319
0.856758
0.623693
0.567546
0.497633
0.701765
0.413927
0.629845
0.700013
0.479413
0.83639
0.701883
0.809884
0.612528
0.4176
0.271786
0.811654
0.427275
0.116865
0.738908
0.0549767
0.526759
0.251707
0.863832
0.556612
0.221801
0.227262
0.493004
0.863271
0.669651
0.354203
0.562297
0.847891
0.672173
0.559252
0.372041
0.518814
0.260821
0.686909
0.989363
0.503357
0.246516
0.360516
0.371954
0.32431
0.338291
0.515342
0.420653
0.919921
0.735371
0.235887
0.656531
0.0649672
0.273151
0.424134
0.581443
0.432524
0.254263
0.595023
0.519272
0.4931
0.52177
0.239929
0.3484
0.279818
0.632264
0.718489
0.524212
0.255355
0.162424
0.53362
0.153702
0.598408
0.233416
0.614124
0.62257
0.18444
0.26323
0.373808
0.388434
0.36754
0.757893
0.335559
0.542105
0.377229
0.628248
0.503362
0.602122
0.72609
0.569764
0.434781
0.246047
0.481123
0.468643
0.610941
0.795286
0.583761
0.598258
0.220593
0.258491
0.61053
0.545751
0.369368
0.601886
0.448325
0.359374
0.494863
0.653116
0.315357
0.332967
0.912722
0.658536
0.39082
0.64474
0.438429
0.502107
0.523371
0.243288
0.424027
0.457358
0.570553
0.92458
0.818543
0.582164
0.378314
0.469416
0.50541
0.479355
0.241798
0.511659
0.189712
0.63446
0.395647
0.48328
0.502609
0.405178
0.664047
0.533104
0.259835
0.475432
0.357796
0.741858
0.455694
0.700161
0.337721
0.25695
0.593488
0.255276
0.37077
0.146171
0.347891
0.870492
0.48717
0.320297
0.324248
0.661023
0.504036
0.300334
0.324375
0.187413
0.212887
0.405966
0.547922
0.861068
0.435522
0.617514
0.552906
0.1763
0.234767
0.4145
0.568563
0.488032
0.523615
0.81971
0.398185
0.167522
0.648319
0.178412
0.669139
0.456828
0.228043
0.378181
0.0818136
0.705933
0.615682
0.765541
0.578742
0.414805
0.301508
0.441447
0.499715
0.615888
0.413339
0.418392
0.308195
0.62085
0.673939
0.297697
0.868904
0.518651
0.258393
0.176346
0.525956
0.550319
0.451258
0.418501
0.375481
0.0990652
0.335276
0.727592
0.646167
0.522673
0.450514
0.6307
0.495718
0.418373
0.444783
0.537686
0.300743
0.648692
0.693271
0.46334
0.662113
0.570048
0.697287
0.301583
0.86737
0.394149
0.779127
0.21653
0.446297
0.475524
0.172023
0.266039
0.725283
0.55681
0.561232
0.299099
0.430659
0.616687
0.464312
0.469247
0.910704
0.453639
0.545681
0.381932
0.44056
0.502012
0.542592
0.444582
0.843811
0.615088
0.43666
0.413846
0.809029
0.163222
0.33715
0.935335
0.299118
0.783332
0.749224
0.546897
0.845798
0.479328
0.482411
0.167308
0.291139
0.511348
0.41157
0.517983
0.182554
0.124951
0.134665
0.726143
0.0472039
0.659688
0.278689
0.533619
0.166299
0.439773
0.787115
0.586267
0.239317
0.587832
0.479274
0.204765
0.472669
0.516015
0.504107
0.338316
0.646914
0.337008
0.517748
0.578578
0.611103
0.800805
0.496435
0.161931
0.422412
0.601327
0.5533
0.813954
0.493731
0.510311
0.45957
0.590778
0.631406
0.284132
0.277796
0.547757
0.239865
0.65252
0.596719
0.116689
0.739411
0.436425
0.314439
0.498585
0.38795
0.455532
0.248564
0.679783
0.217005
0.37425
0.559062
0.854969
0.186866
0.498248
0.551568
0.591456
0.435255
0.271905
0.885916
0.994865
0.638452
0.340327
0.0467206
0.937097
0.523305
0.527856
0.63984
0.583321
0.463126
0.448281
0.6606
0.505423
0.359992
0.70024
0.336683
0.595197
0.66047
0.214592
0.48062
0.2913
0.371378
0.30881
0.493849
0.8098
0.836664
0.366722
0.746344
0.118917
0.806056
0.300227
0.512845
0.824328
0.470646
0.562883
0.478741
0.432213
0.660122
0.473537
0.535713
0.63298
0.290861
0.471462
0.169251
0.799394
0.423675
0.162746
0.197202
0.318619
0.434479
0.630951
0.450541
0.178456
0.320727
0.473341
0.694575
0.403858
0.560967
0.387279
0.170832
0.490556
0.2144
0.869641
0.596919
0.408443
0.591876
0.205408
0.793655
0.548124
0.34927
0.409857
0.315825
0.659815
0.248722
0.652067
0.544928
0.38459
0.60276
0.425727
0.659326
0.40371
0.560846
0.346515
0.729224
0.032589
0.417428
0.443613
0.390961
0.261699
0.515106
0.176182
0.637097
0.297537
0.586044
0.64392
0.715837
0.582511
0.519308
0.574093
0.965351
0.573433
0.561326
0.155728
0.615573
0.234039
0.851212
0.654921
0.672126
0.247782
0.462204
0.483498
0.453994
0.382892
0.265028
0.506564
0.18867
0.742498
0.448501
0.362733
0.275451
0.308373
0.427244
0.434119
0.409675
0.23767
0.635886
0.341477
0.717642
0.297753
0.353681
0.453112
0.884055
0.625066
0.222996
0.38451
0.460815
0.169716
0.0196439
0.828881
0.128039
0.738247
0.502585
0.297125
0.635219
0.472866
0.315038
0.458971
0.482447
0.406165
0.42858
0.265365
0.608679
0.406139
0.516339
0.395425
0.436039
0.377127
0.410927
0.309586
0.576182
0.50803
0.447277
0.303839
0.3368
0.659993
0.510088
0.948224
0.373331
0.661481
0.500117
0.656062
0.413035
0.329482
0.203073
0.368644
0.435554
0.461334
0.189417
0.453415
0.526164
0.842475
0.392887
0.901947
0.824942
0.491185
0.410121
0.277297
0.577069
0.912161
0.333249
0.5986
0.746587
0.0565619
0.571884
0.464065
0.487888
0.486941
0.140475
0.701778
0.476298
0.421256
0.281481
0.701052
0.181124
0.380927
0.5644
0.315281
0.621567
0.593713
0.745196
0.340606
0.47794
0.602931
0.690194
0.562911
0.137662
0.210346
0.563055
0.229018
0.33752
0.430825
0.742975
0.0361712
0.520729
0.562647
0.586773
0.347221
0.359367
0.778121
0.667072
0.327183
0.0997554
0.314968
0.513307
0.56013
0.470423
0.399677
0.651826
0.443668
0.349305
0.459859
0.385874
0.271499
0.718867
0.483378
0.775795
0.402898
0.644864
0.0578244
0.674309
0.781171
0.596489
0.674691
0.441244
0.801466
0.382696
0.308377
0.606659
0.641595
0.311495
0.58094
0.770796
0.657769
0.386075
0.499273
0.423857
0.81049
0.433628
0.802208
0.63811
0.324063
0.519766
0.380784
0.729377
0.396518
0.333485
0.535716
0.504475
0.264984
0.934635
0.511907
0.605728
0.79486
0.83789
0.300567
0.233178
0.499389
0.364262
0.625362
0.169674
0.509548
0.523209
0.829721
0.0535398
0.502407
0.89543
0.558269
0.738048
0.459451
0.568483
0.676093
0.846478
0.364569
0.134363
0.795371
0.276034
0.564769
0.590247
0.579623
0.423477
0.504892
0.690599
0.671684
0.799797
0.410929
0.380913
0.642219
0.470848
0.234798
0.400351
0.781441
0.905336
0.786737
0.472595
0.357426
0.331141
0.469729
0.711262
0.640219
0.595428
0.393684
0.448246
0.54172
0.29359
0.385353
0.6504
0.147099
0.576544
0.523263
0.421989
0.214272
0.565473
0.315214
0.297384
0.393769
0.197616
0.499179
0.610502
0.472086
0.596248
0.186722
0.684508
0.36741
0.702516
0.181331
0.417357
0.407369
0.426347
0.792342
0.545752
0.594266
0.468138
0.828427
0.452162
0.61401
0.732513
0.692864
0.836534
0.770757
0.899943
0.116132
0.406398
0.830049
0.741532
0.549628
0.446091
0.429017
0.656863
0.60759
0.207818
0.763004
0.684258
0.682585
0.524371
0.683733
0.377408
0.47323
0.375284
0.144939
0.46179
0.651051
0.845289
0.107157
0.578884
0.256705
0.495927
0.564139
0.695686
0.654052
0.628245
0.279165
0.401573
0.483849
0.746485
0.620273
0.334088
0.54712
0.239762
0.559242
0.369763
0.411535
0.38071
0.449917
0.485617
0.272419
0.697133
0.127264
0.341494
0.213286
0.604722
0.669316
0.652947
0.499075
0.895936
0.339955
0.318906
0.898545
0.76216
0.781254
0.0378896
0.270587
0.483309
0.449893
0.291053
0.762449
0.251045
0.592917
0.589906
0.456198
0.298851
0.733939
0.281062
0.663003
0.594185
0.691604
0.469891
0.803086
0.805017
0.577967
0.76952
0.422519
0.585037
0.525191
0.601117
0.386267
0.428901
0.564762
0.665947
0.650202
0.430871
0.634193
0.479215
0.753079
0.237263
0.611976
0.500244
0.282742
0.815135
0.58232
0.91306
0.559116
0.366688
0.206998
0.505992
0.639815
0.300873
0.132391
0.86844
0.492496
0.630741
0.785631
0.267459
0.291337
0.497089
0.714485
0.586386
0.283335
0.726006
0.801438
0.102219
0.53337
0.409928
0.733201
0.648033
0.595292
0.458874
0.0326383
0.851224
0.769538
0.400536
0.260914
0.657889
0.0960868
0.414952
0.673427
0.248238
0.0948461
0.171497
0.163875
0.717386
0.503826
0.492988
0.756594
0.540481
0.878755
0.703701
0.208067
0.360594
0.406054
0.725156
0.454319
0.532374
0.644405
0.565529
0.691655
0.623964
0.14837
0.805608
0.304009
0.224248
0.540861
0.516227
0.650936
0.421978
0.0895066
0.749141
0.406068
0.717911
0.705239
0.325347
0.18664
0.400588
0.519739
0.101876
0.640456
0.560923
0.311611
0.730123
0.457474
0.440309
0.0394944
0.625806
0.448934
0.701472
0.603546
0.452668
0.387776
0.480842
0.695049
0.8791
0.729842
0.225725
0.707171
0.198848
0.63615
0.339117
0.66817
0.614034
0.392318
0.549514
0.521629
0.560739
0.371974
0.692603
0.816599
0.414424
0.616803
0.236255
0.48379
0.744506
0.906628
0.399788
0.362231
0.494429
0.368725
0.612953
0.504125
0.545605
0.72635
0.829691
0.523879
0.580622
0.212232
0.356182
0.370581
0.493175
0.473567
0.372277
0.89149
0.299168
0.470846
0.719912
0.417356
0.585493
0.423592
0.301657
0.838698
0.490022
0.281921
0.577053
0.755439
0.538365
0.503556
0.163954
0.270569
0.36999
0.591768
0.446598
0.361798
0.468334
0.40045
0.361685
0.503444
0.46655
0.138337
0.178234
0.324076
0.432585
0.30516
0.606572
0.573718
0.2443
0.468312
0.966299
0.537689
0.747397
0.339353
0.41262
0.272465
0.345902
0.535517
0.364965
0.652186
0.507053
0.212107
0.301359
0.702759
0.869408
0.427488
0.476507
0.563752
0.725054
0.15315
0.391125
0.656577
0.603837
0.267095
0.484553
0.250732
0.519523
0.669586
0.542235
0.608158
0.64488
0.836086
0.204169
0.249044
0.264675
0.172977
0.229963
0.620693
0.312603
0.467441
0.820678
0.56436
0.63023
0.523675
0.317156
0.463217
0.293029
0.753381
0.489061
0.317932
0.430635
0.539247
0.398401
0.734583
0.425477
0.115943
0.465835
0.422935
0.205976
0.513901
0.387582
0.291392
0.557518
0.286969
0.445284
0.588197
0.456459
0.295767
0.520738
0.276752
0.389441
0.744398
0.271892
0.446207
0.452326
0.468913
0.446066
0.546742
0.730094
0.651729
0.200892
0.602256
0.541086
0.186978
0.572965
0.791453
0.0859755
0.347536
0.378774
0.401599
0.373938
0.705285
0.35198
0.647493
0.505451
0.931906
0.71564
0.711512
0.473256
0.158323
0.65754
0.598812
0.59998
0.496671
0.321282
0.515115
0.0630142
0.629452
0.445347
0.462737
0.664208
0.546322
0.676856
0.113833
0.584027
0.559738
0.356298
0.258088
0.81682
0.656467
0.714023
0.735385
0.315879
0.542755
0.438819
0.252247
0.584018
0.916711
0.473442
0.344151
0.527416
0.552266
0.161479
0.484057
0.347498
0.70484
0.514475
0.450824
0.57768
0.149625
0.387763
0.0594261
0.578806
0.339177
0.747996
0.718187
0.389158
0.717802
0.484881
0.516514
0.281947
0.655981
0.364169
0.159921
0.215216
0.768885
0.738481
0.557371
0.0661213
0.558782
0.527066
0.2293
0.623602
0.371954
0.745146
0.442909
0.270456
0.5865
0.508009
0.0946519
0.617888
0.74818
0.454553
0.348073
0.562626
0.547254
0.429515
0.398467
0.318723
0.080041
0.533159
0.474101
0.433212
0.764701
0.791699
0.297019
0.126779
0.581527
0.221304
0.214731
0.507699
0.983821
0.453031
0.577381
0.28926
0.376202
0.355584
0.673242
0.59797
0.482979
0.237311
0.648711
0.791852
0.23
0.728398
0.827201
0.415174
0.439175
0.338742
0.204675
0.497983
0.685642
0.956515
0.637784
0.365854
0.593341
0.696969
0.353894
0.457281
0.145528
0.530556
0.400561
0.853194
0.262553
0.51397
0.515276
0.305083
0.449998
0.217258
0.634606
0.505273
0.246056
0.584661
0.375124
0.674901
0.497825
0.486395
0.80681
0.752196
0.171948
0.113102
0.202878
0.545684
0.455826
0.634235
0.688278
0.173971
0.331425
0.186173
0.322384
0.445786
0.604447
0.2754
0.639683
0.541021
0.547444
0.576593
0.535545
0.435486
0.866224
0.375017
0.622439
0.469192
0.624682
0.0471578
0.295248
0.289952
0.563967
0.493017
0.232597
0.611144
0.427677
0.828085
0.424431
0.304525
0.455567
0.912478
0.554303
0.805984
0.634011
0.439313
0.678168
0.144181
0.592279
0.323867
0.629723
0.609037