0.0712521
0.656625
0.384407
0.471609
0.513938
0.951675
0.783647
0.956684
0.877949
0.595384
0.0223779
0.730161
0.749465
0.206035
0.222283
0.296408
0.428428
0.0598768
0.570496
0.430599
0.214339
0.649493
0.893088
0.976913
0.769952
0.176119
0.631313
0.219702
0.447364
0.249433
0.601751
0.660666
0.18072
0.236689
0.338043
0.191909
0.910769
0.454288
0.868796
0.336799
0.108307
0.105947
0.723544
0.611752
0.0620963
0.638242
0.422985
0.284885
0.604197
0.320901
0.253749
0.483348
0.930148
0.399022
0.710646
0.310071
0.357756
0.359351
0.47605
0.421493
0.1372
0.673565
0.468094
0.408191
0.813817
0.0176112
0.504611
0.796442
0.846792
0.32579
0.0820797
0.00580868
0.0514518
0.248357
0.148591
0.0795832
0.466003
0.487671
0.453388
0.343994
0.10732
0.154811
0.885723
0.709753
0.0932505
0.49925
0.381497
0.435931
0.245381
0.120707
0.592687
0.630044
0.677248
0.795183
0.103393
0.327316
0.305586
0.276158
0.965203
0.912515
0.639862
0.524869
0.54741
0.124799
0.707544
0.657775
0.894752
0.593313
0.31523
0.0701678
0.103164
0.431587
0.941014
0.517071
0.715306
0.98327
0.969605
0.939155
0.261424
0.440619
0.443425
0.264395
0.192456
0.299141
0.390995
0.766321
0.34295
0.98458
0.645488
0.506343
0.398787
0.478201
0.0747933
0.339086
0.713112
0.328334
0.65934
0.542797
0.203353
0.494028
0.881177
0.697427
0.369289
0.413182
0.589486
0.535445
0.999572
0.383842
0.702191
0.417903
0.590835
0.623697
0.765205
0.342835
0.504861
0.527883
0.151024
0.195284
0.456576
0.946687
0.323903
0.737728
0.986807
0.488858
0.573096
0.774465
0.462584
0.628201
0.518299
0.380703
0.104648
0.924592
0.77819
0.162286
0.213185
0.108289
0.876146
0.519693
0.701345
0.729576
0.80497
0.863348
0.210892
0.124569
0.909583
0.91831
0.34048
0.641189
0.753833
0.635841
0.136197
0.424486
0.452061
0.986529
0.153725
0.0639633
0.261157
0.952887
0.68589
0.512474
0.894129
0.495521
0.6486
0.820309
0.537605
0.981823
0.0287961
0.282047
0.595261
0.604095
0.522718
0.928731
0.0552782
0.45833
0.240568
0.244195
0.567231
0.207437
0.239708
0.340616
0.943085
0.334236
0.694404
0.362268
0.155414
0.839544
0.143496
0.83426
0.936845
0.517308
0.312291
0.239881
0.887762
0.518906
0.221584
0.969894
0.330215
0.398278
0.821606
0.582175
0.917048
0.0227734
0.274488
0.152023
0.784661
0.1748
0.714653
0.46212
0.550326
0.108455
0.20744
0.425485
0.0813066
0.234009
0.473937
0.972373
0.240447
0.170885
0.431983
0.649213
0.934574
0.0447822
0.803714
0.329495
0.107781
0.733827
0.949042
0.146763
0.837183
0.137777
0.0985908
0.421235
0.566195
0.017843
0.581547
0.825237
0.568143
0.815749
0.18269
0.148818
0.94569
0.611313
0.0336846
0.0843309
0.47001
0.238632
0.468107
0.715104
0.134923
0.991529
0.975311
0.604786
0.88878
0.467297
0.10916
0.245728
0.210266
0.301066
0.184065
0.310631
0.26939
0.926874
0.469112
0.804209
0.773836
0.380359
0.924198
0.442156
0.311931
0.564951
0.268848
0.97334
0.291364
0.590583
0.200123
0.756652
0.318266
0.731955
0.152158
0.723969
0.101568
0.431678
0.294152
0.391517
0.395855
0.500428
0.0800478
0.278639
0.962096
0.368539
0.0819197
0.879423
0.535221
0.766903
0.956743
0.101387
0.00294321
0.624089
0.0154181
0.197801
0.739567
0.0445199
0.192742
0.00628783
0.77662
0.981177
0.372599
0.564981
0.359705
0.356464
0.525559
0.676214
0.725189
0.855933
0.393958
0.962919
0.574509
0.0797935
0.346496
0.619563
0.827674
0.063415
0.260511
0.0714985
0.556787
0.966145
0.0220355
0.766565
0.447176
0.792088
0.514048
0.441979
0.276504
0.880277
0.251173
0.518086
0.465412
0.336883
0.479551
0.317263
0.117959
0.0493536
0.365245
0.108689
0.67324
0.111279
0.521122
0.524191
0.524569
0.805339
0.654541
0.632041
0.0791016
0.367059
0.546777
0.318189
0.734586
0.929806
0.296225
0.000563154
0.303155
0.896093
0.0739309
0.953157
0.333129
0.774935
0.260827
0.472578
0.543261
0.771706
0.376377
0.0795529
0.820542
0.336412
0.689787
0.179014
0.729812
0.907882
0.755078
0.841231
0.68422
0.393417
0.664294
0.318069
0.429777
0.872783
0.80903
0.746645
0.560604
0.707805
0.0258692
0.360045
0.816176
0.98873
0.728981
0.0326278
0.986219
0.0890874
0.961891
0.715927
0.587582
0.28403
0.0957441
0.319014
0.961169
0.883717
0.4345
0.872059
0.103071
0.332703
0.436345
0.869977
0.0856811
0.13669
0.209038
0.979656
0.191445
0.426408
0.875224
0.733001
0.379846
0.300381
0.228429
0.311662
0.0993668
0.868526
0.614191
0.419009
0.0588376
0.930019
0.382624
0.860834
0.861444
0.463585
0.683827
0.617243
0.510503
0.307146
0.337494
0.651741
0.00612667
0.495919
0.430504
0.706051
0.509319
0.371844
0.0152563
0.0757021
0.954675
0.649645
0.537175
0.525845
0.300311
0.721504
0.558783
0.731499
0.726274
0.417742
0.0225799
0.0230395
0.598667
0.748323
0.164851
0.866066
0.630771
0.581231
0.62249
0.953893
0.775358
0.239696
0.0366545
0.558132
0.511345
0.310161
0.228108
0.854714
0.536199
0.95511
0.883601
0.274177
0.792781
0.346279
0.640702
0.940009
0.251403
0.820107
0.886681
0.349843
0.0968919
0.573013
0.798075
0.482698
0.754778
0.442329
0.850405
0.311298
0.50498
0.0615545
0.837406
0.560624
0.906317
0.65662
0.37757
0.749874
0.678092
0.402558
0.880537
0.821142
0.499073
0.745605
0.330805
0.699623
0.989175
0.791171
0.261718
0.120668
0.190781
0.859125
0.585137
0.141252
0.577129
0.928806
0.0643323
0.538628
0.0528374
0.970351
0.128502
0.367264
0.801055
0.338273
0.292107
0.345353
0.0538082
0.458372
0.932387
0.491916
0.953918
0.159604
0.771789
0.0210071
0.331808
0.0964798
0.692519
0.37596
0.288165
0.902077
0.968251
0.377748
0.459641
0.852348
0.529757
0.659948
0.411711
0.973682
0.289497
0.229878
0.0687517
0.470743
0.0440522
0.461227
0.931057
0.092458
0.167984
0.886823
0.172602
0.311369
0.72961
0.588555
0.849181
0.904826
0.226203
0.0113718
0.317248
0.353881
0.6871
0.864613
0.66918
0.294267
0.168408
0.0906548
0.286442
0.659085
0.809003
0.320519
0.410517
0.959382
0.686895
0.909953
0.500752
0.889765
0.166911
0.637757
0.813077
0.873567
0.63021
0.999484
0.47476
0.74656
0.194836
0.261793
0.885105
0.209272
0.952129
0.0419011
0.733516
0.363729
0.440326
0.0979426
0.644443
0.217972
0.544272
0.683307
0.439063
0.836645
0.1454
0.623925
0.408362
0.402712
0.951673
0.0831822
0.639914
0.117267
0.722069
0.61482
0.305621
0.103288
0.179612
0.868687
0.531007
0.51581
0.302427
0.475009
0.815275
0.334811
0.321524
0.926381
0.398752
0.9863
0.971054
0.407997
0.0800766
0.378627
0.571741
0.669486
0.0254063
0.250626
0.0276739
0.328833
0.498212
0.220253
0.333361
0.0613929
0.239112
0.630179
0.680774
0.535183
0.665437
0.462197
0.590476
0.756186
0.0205541
0.206099
0.93812
0.701939
0.120573
0.810239
0.485496
0.234553
0.114292
0.618631
0.137817
0.750569
0.540643
0.639943
0.126297
0.768501
0.44243
0.443018
0.553833
0.568248
0.037833
0.495877
0.044388
0.440902
0.780418
0.643822
0.812599
0.413133
0.0287752
0.659232
0.434286
0.27596
0.129349
0.111531
0.472572
0.140971
0.777549
0.140209
0.32578
0.80426
0.00627556
0.724732
0.04635
0.124568
0.157129
0.609776
0.174725
0.0911565
0.473621
0.758118
0.985182
0.911466
0.429886
0.881073
0.00452329
0.399817
0.140932
0.771024
0.698436
0.276501
0.916087
0.583969
0.18941
0.240339
0.596772
0.363154
0.545848
0.374751
0.30023
0.646961
0.242151
0.573904
0.765705
0.373605
0.918064
0.186709
0.0183624
0.108824
0.552753
0.396045
0.534907
0.226258
0.0112759
0.371339
0.67545
0.628095
0.921261
0.815653
0.657053
0.18905
0.704442
0.0040072
0.760166
0.841722
0.936712
0.0764516
0.410759
0.316596
0.0628439
0.475104
0.0553663
0.444874
0.775778
0.735219
0.786929
0.78509
0.419452
0.0615055
0.0858683
0.522121
0.828645
0.416143
0.0690024
0.205349
0.725814
0.356847
0.700993
0.255911
0.706142
0.203258
0.587186
0.314347
0.916906
0.857913
0.457717
0.671451
0.641112
0.812976
0.151376
0.197511
0.399641
0.553264
0.851116
0.547823
0.0685117
0.20635
0.20457
0.883507
0.452431
0.346583
0.632163
0.0333546
0.252723
0.255725
0.0881977
0.780227
0.313463
0.570991
0.45877
0.848974
0.227011
0.473051
0.972887
0.985103
0.0380684
0.711987
0.944374
0.246479
0.0190736
0.63721
0.982817
0.00483756
0.82081
0.755422
0.799168
0.109357
0.158114
0.425256
0.828888
0.859124
0.405626
0.313299
0.202483
0.741993
0.792829
0.857582
0.865579
0.919828
0.447628
0.853988
0.800665
0.9888
0.396211
0.509579
0.898447
0.151608
0.242869
0.974786
0.793146
0.358028
0.992039
0.0224529
0.293851
0.671872
0.107642
0.703577
0.450296
0.795683
0.109421
0.463414
0.979583
0.737429
0.866589
0.302681
0.099958
0.663222
0.255722
0.540567
0.77469
0.392155
0.399154
0.971789
0.125469
0.31836
0.59472
0.57038
0.148907
0.0744448
0.996635
0.208243
0.836307
0.481561
0.725795
0.425695
0.986697
0.485153
0.39732
0.381712
0.203362
0.291463
0.981444
0.459838
0.218031
0.956218
0.794953
0.316671
0.394211
0.610698
0.494415
0.607436
0.277631
0.437079
0.855968
0.349903
0.799597
0.739284
0.43222
0.505155
0.266524
0.0304744
0.833706
0.441575
0.810717
0.225943
0.255776
0.555624
0.414344
0.761157
0.233033
0.46727
0.987746
0.938424
0.63041
0.375417
0.977964
0.950497
0.156531
0.804686
0.453406
0.962111
0.70145
0.0230145
0.0615939
0.196934
0.453656
0.752533
0.351236
0.241882
0.843104
0.795267
0.00565718
0.526647
0.0969998
0.180495
0.0265874
0.16541
0.69831
0.210946
0.966305
0.780805
0.82502
0.107954
0.219217
0.506788
0.348742
0.0675608
0.0945797
0.74519
0.0183442
0.645495
0.999727
0.307562
0.788112
0.162669
0.323834
0.904938
0.0169804
0.907031
0.437942
0.367966
0.518424
0.413534
0.186107
0.0216191
0.638509
0.111744
0.0596811
0.0543484
0.0477962
0.689012
0.302806
0.981793
0.522555
0.14383
0.0292459
0.099498
0.339966
0.685154
0.232097
0.555667
0.104591
0.324397
0.688298
0.980751
0.849569
0.631095
0.205082
0.831418
0.512333
0.0736577
0.587661
0.306499
0.673772
0.504353
0.944882
0.155184
0.48074
0.502931
0.466946
0.424897
0.559824
0.764761
0.23742
0.408715
0.49687
0.774748
0.767749
0.189274
0.0295722
0.383832
0.209742
0.396082
0.813558
0.305723
0.209537
0.472979
0.71597
0.151417
0.371393
0.987851
0.711127
0.56066
0.7132
0.622049
0.153105
0.884118
0.386407
0.485518
0.439092
0.297687
0.525595
0.567348
0.720229
0.239978
0.26813
0.421018
0.635017
0.673072
0.779273
0.788471
0.211797
0.361561
0.226173
0.695521
0.695457
0.600646
0.914951
0.729961
0.589461
0.524596
0.744431
0.588718
0.564125
0.184657
0.400126
0.616051
0.868498
0.361965
0.631168
0.734233
0.705165
0.906133
0.995611
0.893372
0.800084
0.0628598
0.756836
0.65876
0.64466
0.541728
0.452616
0.751752
0.0323525
0.214535
0.98235
0.921965
0.391215
0.530303
0.966366
0.331455
0.767147
0.659159
0.380191
0.271169
0.286704
0.676344
0.968109
0.320892
0.575843
0.880826
0.262794
0.539248
0.391014
0.690653
0.905706
0.682048
0.996628
0.0178963
0.757294
0.266177
0.369816
0.117558
0.543888
0.211574
0.807094
0.613388
0.702828
0.214066
0.0321857
0.684227
0.00859735
0.553698
0.449996
0.671233
0.496163
0.0724999
0.155062
0.0315033
0.305697
0.1268
0.986482
0.478788
0.173579
0.715467
0.0343335
0.146995
0.362698
0.208709
0.160137
0.986063
0.491501
0.373073
0.317524
0.619992
0.773005
0.146487
0.676619
0.299707
0.0555024
0.0207307
0.100813
0.0741013
0.365552
0.314659
0.637669
0.0548924
0.646925
0.165446
0.013356
0.80733
0.478535
0.0415495
0.214777
0.0707756
0.808439
0.0232786
0.0645877
0.780664
0.384345
0.256601
0.10673
0.775325
0.474504
0.834014
0.395453
0.645025
0.693628
0.082246
0.0968055
0.402873
0.969783
0.748527
0.75222
0.482812
0.759775
0.00210362
0.109299
0.922824
0.0481841
0.351281
0.491782
0.364072
0.111013
0.582979
0.561618
0.0505365
0.807304
0.444855
0.230069
0.678648
0.755601
0.0113519
0.517106
0.521458
0.28766
0.225337
0.860455
0.504518
0.836527
0.925731
0.165293
0.0772033
0.353205
0.416889
0.596745
0.00882728
0.555431
0.184468
0.4902
0.3173
0.0492462
0.310737
0.935591
0.0519776
0.541361
0.304321
0.63387
0.712947
0.0459558
0.968276
0.985901
0.776439
0.908318
0.338255
0.42123
0.659177
0.000326469
0.0999731
0.478044
0.0107995
0.126396
0.931684
0.783893
0.459412
0.706487
0.321149
0.943406
0.805876
0.524719
0.20455
0.404514
0.591462
0.753928
0.612727
0.0450436
0.343561
0.750176
0.952342
0.799758
0.496625
0.0752925
0.879457
0.842975
0.82038
0.824383
0.442364
0.268946
0.463579
0.239991
0.500081
0.892824
0.706589
0.572101
0.802262
0.656945
0.946378
0.637011
0.703367
0.504311
0.017952
0.137733
0.656011
0.713804
0.860925
0.789903
0.480892
0.226298
0.911179
0.0623843
0.258298
0.980181
0.0468586
0.95904
0.561895
0.677827
0.0253154
0.962295
0.9114
0.586537
0.161895
0.910838
0.727495
0.209842
0.540225
0.230355
0.919389
0.125603
0.793232
0.270757
0.430989
0.560003
0.909618
0.375752
0.742688
0.841571
0.525684
0.226492
0.317948
0.653244
0.649915
0.622646
0.361705
0.775979
0.0988436
0.509896
0.804223
0.00345067
0.427558
0.20717
0.141473
0.219214
0.615568
0.560752
0.371981
0.786892
0.986213
0.442851
0.709937
0.838063
0.0317488
0.56266
0.683304
0.585738
0.191632
0.0679709
0.520721
0.183718
0.862343
0.640881
0.987856
0.0402613
0.645784
0.644198
0.866912
0.931123
0.181238
0.924111
0.615578
0.201045
0.933171
0.844201
0.145613
0.159548
0.57262
0.396762
0.597312
0.237747
0.61108
0.346813
0.14371
0.25573
0.709061
0.505417
0.645718
0.338707
0.541881
0.751673
0.0234931
0.604949
0.686646
0.332784
0.855797
0.125932
0.0892444
0.431127
0.532498
0.13185
0.140026
0.814511
0.548785
0.712707
0.0615518
0.555535
0.745117
0.961836
0.490356
0.948916
0.685152
0.646329
0.0845465
0.658995
0.364239
0.995316
0.446673
0.236722
0.211848
0.406191
0.32163
0.0558305
0.269379
0.0211061
0.0863316
0.687541
0.585964
0.867675
0.134022
0.174088
0.593477
0.141733
0.482694
0.641952
0.53135
0.195053
0.384345
0.440607
0.143707
0.742408
0.928363
0.382606
0.836748
0.991825
0.636005
0.733117
0.452396
0.00688377
0.319802
0.0449427
0.693413
0.214659
0.487078
0.608152
0.152313
0.0674435
0.224291
0.687656
0.697164
0.347327
0.701249
0.519457
0.716311
0.272693
0.542723
0.545217
0.204262
0.633782
0.659652
0.059895
0.884496
0.765868
0.51183
0.459315
0.232447
0.784726
0.956316
0.890733
0.322817
0.58782
0.0570173
0.273235
0.537954
0.499793
0.696237
0.465561
0.215162
0.852837
0.212045
0.572766
0.876237
0.387661
0.228918
0.911922
0.586743
0.191938
0.464389
0.569348
0.768617
0.419181
0.661562
0.502122
0.189776
0.617277
0.46518
0.14581
0.349011
0.913822
0.544917
0.025544
0.753138
0.232754
0.560204
0.122096
0.0543557
0.237465
0.611111
0.0681167
0.305915
0.799934
0.0535264
0.648052
0.0492787
0.879833
0.366641
0.710505
0.130438
0.0648523
0.00787668
0.292418
0.340047
0.382556
0.704995
0.474896
0.683611
0.960266
0.716008
0.871777
0.534756
0.704114
0.502238
0.481141
0.546041
0.319404
0.74483
0.350348
0.146182
0.0356373
0.395197
0.716367
0.116687
0.571241
0.659184
0.241092
0.210684
0.821783
0.615725
0.0780377
0.366438
0.0338157
0.174709
0.850733
0.810963
0.793614
0.865853
0.418781
0.497245
0.881097
0.569342
0.435881
0.842494
0.185681
0.767438
0.202191
0.824119
0.630375
0.700534
0.874569
0.0528304
0.987211
0.406293
0.572145
0.60553
0.0811455
0.93039
0.807142
0.00999918
0.0675535
0.914564
0.644055
0.893427
0.0329602
0.653487
0.362484
0.220613
0.318769
0.896487
0.64481
0.75732
0.818651
0.952207
0.560273
0.120298
0.573475
0.801445
0.159058
0.457545
0.710876
0.172015
0.266958
0.0984901
0.983805
0.0846224
0.182798
0.301061
0.59388
0.914168
0.182859
0.0965898
0.787563
0.169336
0.941139
0.00881416
0.938867
0.0859384
0.749824
0.632947
0.9404
0.836475
0.495436
0.456912
0.0803588
0.228507
0.0935334
0.36007
0.958056
0.715314
0.0458635
0.624561
0.0623927
0.360248
0.151628
0.44892
0.490477
0.0362693
0.528855
0.489902
0.907417
0.0282258
0.988466
0.222115
0.639807
0.730017
0.614698
0.460624
0.0572009
0.153287
0.959391
0.522304
0.837033
0.318718
0.528919
0.709376
0.944071
0.584218
0.86205
0.303925
0.207264
0.843901
0.251981
0.504773
0.172286
0.0439997
0.499356
0.876034
0.78138
0.311924
0.595138
0.286929
0.623311
0.356308
0.178345
0.100821
0.651997
0.81171
0.406179
0.8322
0.945278
0.482929
0.581265
0.666899
0.224469
0.570836
0.727148
0.385001
0.345862
0.982891
0.169835
0.308389
0.0788296
0.764838
0.10697
0.105268
0.379331
0.0216645
0.820748
0.530302
0.636354
0.880943
0.465297
0.588336
0.502467
0.0138548
0.740076
0.0276424
0.814644
0.861276
0.909725
0.559723
0.570577
0.375418
0.866361
0.550134
0.15785
0.111892
0.72691
0.130482
0.153772
0.691475
0.946779
0.466409
0.54392
0.762831
0.398952
0.219529
0.575196
0.87341
0.257862
0.720963
0.498464
0.300725
0.939799
0.907516
0.906855
0.583978
0.541908
0.254118
0.38507
0.869294
0.102259
0.582541
0.805184
0.351773
0.142266
0.269715
0.294652
0.144415
0.0745791
0.771202
0.0274869
0.376442
0.545343
0.987175
0.321626
0.739268
0.166411
0.519178
0.741856
0.0436351
0.574255
0.704048
0.0924607
0.581392
0.677342
0.0937426
0.327158
0.623746
0.328672
0.12212
0.902363
0.627315
0.647018
0.62631
0.256175
0.521092
0.627503
0.954584
0.618629
0.641745
0.504264
0.0963299
0.863958
0.770233
0.185688
0.83375
0.624383
0.567136
0.763449
0.778521
0.324943
0.243741
0.0434713
0.478218
0.504194
0.245789
0.85971
0.933678
0.996358
0.240786
0.866128
0.955393
0.91327
0.930445
0.970513
0.118952
0.431938
0.768476
0.644245
0.68966
0.124687
0.130685
0.239378
0.026724
0.828956
0.90801
0.0492442
0.618523
0.11433
0.891255
0.198466
0.231908
0.44304
0.175217
0.23597
0.588417
0.720955
0.584794
0.380072
0.635684
0.589261
0.740191
0.233749
0.708907
0.409023
0.725229
0.112935
0.739414
0.244431
0.763274
0.229454
0.948398
0.464697
0.169467
0.317649
0.165655
0.974563
0.93473
0.0207104
0.756463
0.0706098
0.37382
0.746281
0.0639085
0.932904
0.573031
0.70449
0.937328
0.632757
0.107939
0.554707
0.196948
0.00795865
0.341747
0.265947
0.376025
0.973108
0.202852
0.351998
0.599259
0.847376
0.787628
0.144469
0.533157
0.554246
0.521033
0.939575
0.732338
0.442602
0.482519
0.0785001
0.876195
0.7676
0.385261
0.833692
0.0322973
0.230632
0.569344
0.567847
0.604655
0.494555
0.189348
0.358175
0.653424
0.253225
0.96747
0.141731
0.153479
0.639964
0.837655
0.600209
0.0570484
0.810396
0.385347
0.28302
0.0233806
0.140321
0.0216246
0.840306
0.878278
0.254009
0.618369
0.333619
0.488882
0.0640883
0.140409
0.198472
0.223851
0.0887636
0.377528
0.993177
0.674206
0.849404
0.90898
0.181924
0.212581
0.381856
0.099454
0.122808
0.364161
0.46463
0.370956
0.57559
0.165551
0.629082
0.831075
0.477691
0.731591
0.329942
0.144686
0.684972
0.386426
0.684132
0.362141
0.716983
0.91492
0.203382
0.279981
0.321805
0.94296
0.129319
0.296499
0.576611
0.0687922
0.91255
0.0891941
0.116331
0.268972
0.54994
0.708032
0.440117
0.137727
0.803318
0.740193
0.74583
0.751761
0.571002
0.419787
0.704814
0.167194
0.079717
0.260082
0.487443
0.753152
0.223979
0.774884
0.315171
0.468452
0.824355
0.897373
0.134156
0.733053
0.232777
0.0353671
0.622388
0.392945
0.416467
0.526619
0.756184
0.302605
0.142072
0.250251
0.328799
0.849009
0.304933
0.953372
0.0458716
0.129724
0.857651
0.576589
0.687798
0.00809967
0.646349
0.588627
0.0525316
0.653026
0.127395
0.617465
0.354619
0.899686
0.183432
0.0107663
0.994578
0.53083
0.762992
0.358388
0.320406
0.783436
0.916819
0.419339
0.529603
0.660133
0.986501
0.738659
0.211616
0.31425
0.613526
0.908831
0.368943
0.446181
0.182329
0.786833
0.898902
0.580153
0.99807
0.851925
0.441626
0.786414
0.544179
0.579512
0.834246
0.09503
0.587511
0.480549
0.943465
0.953312
0.628039
0.050241
0.822212
0.767619
0.559375
0.98939
0.550392
0.218861
0.656218
0.880403
0.0307898
0.745137
0.781683
0.160315
0.83102
0.659026
0.563962
0.346545
0.959442
0.844376
0.187017
0.617522
0.461769
0.109882
0.239144
0.0786696
0.806527
0.0350402
0.0378237
0.372046
0.228729
0.717704
0.177013
0.201608
0.215427
0.129574
0.307846
0.300574
0.993832
0.933552
0.855978
0.286643
0.728294
0.460659
0.394856
0.627365
0.808733
0.148566
0.536865
0.933162
0.438437
0.892026
0.682548
0.339378
0.178167
0.449423
0.897103
0.630167
0.306989
0.0101786
0.0847336
0.763563
0.105424
0.194065
0.932748
0.81507
0.396612
0.784075
0.632671
0.271575
0.995918
0.266058
0.895263
0.752271
0.874575
0.356768
0.406627
0.251017
0.750702
0.961609
0.676435
0.996588
0.0496885
0.947461
0.665487
0.0936394
0.450142
0.496485
0.0138045
0.786697
0.932161
0.0943857
0.893469
0.999747
0.908809
0.0907953
0.160483
0.731319
0.842567
0.658364
0.660735
0.8844
0.0760214
0.49776
0.247179
0.605955
0.445712
0.133864
0.684915
0.594818
0.762319
0.688348
0.460781
0.970556
0.247304
0.878826
0.283318
0.00973324
0.490516
0.186818
0.372799
0.648611
0.0659488
0.876464
0.520797
0.390251
0.400837
0.272935
0.272468
0.875676
0.280071
0.581734
0.786024
0.588123
0.082998
0.924815
0.193294
0.13048
0.749015
0.282079
0.269113
0.39115
0.963962
0.972071
0.468301
0.304307
0.219653
0.216542
0.866306
0.396771
0.448441
0.462128
0.108241
0.944422
0.754452
0.449277
0.402633
0.353719
0.390096
0.713274
0.0685013
0.824923
0.254056
0.182936
0.741223
0.897947
0.664732
0.936223
0.554413
0.0534179
0.497063
0.824382
0.338169
0.0328679
0.622645
0.651678
0.911186
0.314578
0.281761
0.679614
0.104563
0.565266
0.0156543
0.414555
0.353636
0.681626
0.229219
0.656755
0.0525856
0.00708056
0.625179
0.576278
0.812403
0.694452
0.594224
0.795385
0.130245
0.189576
0.261116
0.974706
0.507287
0.108094
0.0301741
0.817495
0.889601
0.0102505
0.0571139
0.537006
0.504868
0.857906
0.666144
0.20975
0.186044
0.344158
0.0561829
0.813946
0.476519
0.367827
0.0789424
0.598719
0.971446
0.200155
0.961487
0.434819
0.144437
0.345724
0.780098
0.370188
0.421702
0.688899
0.620471
0.380391
0.487263
0.664879
0.687318
0.610623
0.129452
0.293264
0.316368
0.816978
0.673402
0.823242
0.712077
0.513291
0.895493
0.293159
0.259479
0.0179595
0.899071
0.802185
0.0695815
0.393514
0.767608
0.995573
0.801486
0.61973
0.829654
0.914037
0.204507
0.396981
0.403308
0.656989
0.839401
0.117314
0.17687
0.432786
0.325464
0.86199
0.573181
0.659138
0.631631
0.100551
0.090786
0.444878
0.453301
0.110956
0.674309
0.610407
0.816997
0.264966
0.504675
0.437169
0.612935
0.19846
0.488427
0.59401
0.808383
0.702161
0.34219
0.656612
0.335517
0.83258
0.0972287
0.770412
0.926084
0.382738
0.580343
0.231381
0.987365
0.313196
0.857489
0.965253
0.641749
0.090486
0.558223
0.435687
0.604172
0.895396
0.641367
0.735427
0.1222
0.349772
0.630409
0.310625
0.883642
0.488102
0.162517
0.704727
0.89325
0.108755
0.285488
0.120986
0.776792
0.0374415
0.136359
0.69685
0.88701
0.0992714
0.184086
0.83301
0.717783
0.32138
0.263089
0.36734
0.392036
0.889929
0.217312
0.940674
0.944238
0.196567
0.574763
0.647416
0.494018
0.682153
0.645477
0.548157
0.584626
0.590293
0.552989
0.36143
0.475585
0.869633
0.648463
0.633725
0.226395
0.719937
0.601543
0.866038
0.337143
0.289815
0.20307
0.875334
0.528148
0.149201
0.948407
0.482996
0.106547
0.941799
0.0991846
0.310844
0.101263
0.354905
0.854504
0.858832
0.923727
0.728195
0.115574
0.435819
0.360975
0.480069
0.12162
0.183438
0.0173037
0.499191
0.897604
0.109442
0.33403
0.888443
0.319734
0.436006
0.633529
0.335308
0.913166
0.844176
0.509656
0.0126229
0.894223
0.50051
0.733795
0.600999
0.00957511
0.697376
0.732682
0.802324
0.366135
0.104297
0.845278
0.834457
0.553195
0.0631213
0.862253
0.83135
0.203964
0.0821667
0.83018
0.00971301
0.905018
0.180129
0.456713
0.811238
0.623084
0.454647
0.53234
0.115296
0.0694259
0.126686
0.0948076
0.886525
0.559252
0.232997
0.265904
0.339427
0.749828
0.466114
0.105498
0.651024
0.3653
0.724813
0.92906
0.434938
0.753873
0.536347
0.453262
0.326452
0.395399
0.412921
0.156713
0.0577942
0.7124
0.644807
0.312891
0.984218
0.568978
0.216582
0.369354
0.0313015
0.410287
0.134816
0.467377
0.068112
0.246657
0.117853
0.831202
0.583806
0.673844
0.43237
0.0746132
0.790101
0.303243
0.747293
0.899095
0.640861
0.718364
0.762184
0.573228
0.223401
0.148112
0.572003
0.524438
0.223575
0.130952
0.239482
0.53499
0.106419
0.621003
0.815349
0.763874
0.913021
0.247727
0.4991
0.120825
0.498144
0.181504
0.161517
0.560242
0.186331
0.580965
0.916037
0.459601
0.489989
0.613245
0.659401
0.373682
0.213268
0.16076
0.801668
0.743434
0.181075
0.579023
0.0391325
0.373671
0.422791
0.177233
0.727417
0.120405
0.0633552
0.790854
0.890902
0.846086
0.807319
0.143343
0.332761
0.565148
0.839976
0.299156
0.829546
0.225275
0.528119
0.944792
0.617017
0.819909
0.514696
0.458002
0.879706
0.729464
0.918427
0.602549
0.794434
0.223284
0.342147
0.488641
0.865176
0.958695
0.451634
0.344953
0.309713
0.780927
0.918168
0.241181
0.572416
0.00784715
0.650048
0.670384
0.566118
0.18216
0.316413
0.744595
0.882004
0.653148
0.255479
0.477946
0.310961
0.62851
0.741864
0.437936
0.923147
0.988947
0.266053
0.0526045
0.453291
0.31481
0.673844
0.590866
0.605193
0.522382
0.664422
0.712693
0.35621
0.190603
0.91059
0.349365
0.616414
0.176922
0.82067
0.261706
0.351311
0.229219
0.304375
0.0826941
0.15416
0.911646
0.648987
0.0327616
0.365322
0.843981
0.290635
0.260445
0.261814
0.731447
0.630342
0.273115
0.129096
0.315613
0.566521
0.95372
0.696794
0.74425
0.784091
0.887574
0.456689
0.132044
0.46372
0.232244
0.740201
0.614649
0.579697
0.143673
0.537339
0.991389
0.687371
0.219419
0.282507
0.269269
0.625386
0.837922
0.0757195
0.881022
0.157333
0.370093
0.881037
0.0274751
0.753811
0.631454
0.44595
0.120241
0.690042
0.651021
0.283807
0.46196
0.845488
0.78486
0.792401
0.541157
0.198608
0.731765
0.15061
0.237045
0.388946
0.355995
0.215407
0.0820336
0.965795
0.0339697
0.376081
0.928448
0.372281
0.0710301
0.822614
0.979418
0.358961
0.539735
0.530794
0.396566
0.633964
0.537986
0.506704
0.470007
0.107982
0.624995
0.485264
0.666251
0.271484
0.243493
0.82789
0.450324
0.956657
0.86158
0.268064
0.459352
0.114597
0.857499
0.334589
0.891854
0.125028
0.721856
0.633104
0.532198
0.615665
0.767114
0.0482995
0.971428
0.584502
0.422578
0.672422
0.788537
0.792756
0.469804
0.668774
0.851245
0.649629
0.759818
0.109689
0.769312
0.0818981
0.477576
0.323151
0.830018
0.829836
0.714577
0.645948
0.564014
0.113075
0.717842
0.387802
0.186362
0.26135
0.848919
0.902933
0.444209
0.520242
0.063077
0.0542066
0.447623
0.354039
0.0651849
0.120648
0.588191
0.928875
0.580415
0.890273
0.0419982
0.539814
0.166106
0.81471
0.146589
0.235232
0.363781
0.666079
0.328851
0.198703
0.831352
0.0852923
0.5921
0.199733
0.39516
0.168093
0.851792
0.965672
0.11628
0.193322
0.802371
0.222572
0.778077
0.618515
0.321155
0.685691
0.381408
0.380931
0.643449
0.952843
0.895357
0.646456
0.307153
0.286537
0.676335
0.711978
0.952035
0.103217
0.564708
0.525243
0.912064
0.778244
0.0296099
0.944773
0.758155
0.500361
0.0996542
0.595235
0.789447
0.465073
0.836235
0.122999
0.345742
0.997026
0.329848
0.43408
0.790461
0.270348
0.587269
0.682117
0.316932
0.404919
0.0937506
0.41647
0.242001
0.826422
0.551202
0.417397
0.206788
0.0781808
0.488168
0.822973
0.398452
0.671522
0.694515
0.646021
0.388498
0.185494
0.243115
0.612644
0.958485
0.522158
0.119079
0.319556
0.0149506
0.054553
0.986963
0.366677
0.700411
0.154236
0.596769
0.704401
0.560964
0.255821
0.875795
0.740429
0.264247
0.927967
0.396919
0.546669
0.161301
0.313212
0.0824135
0.0287495
0.895732
0.431138
0.529969
0.374243
0.382951
0.0875392
0.974383
0.154599
0.567143
0.0922176
0.770878
0.762644
0.326035
0.974257
0.457022
0.533547
0.30189
0.929278
0.37864
0.00261106
0.0160293
0.0902565
0.916198
0.846788
0.75445
0.852627
0.293455
0.656151
0.930893
0.595154
0.467305
0.772918
0.134337
0.128511
0.770833
0.974157
0.200007
0.200718
0.800749
0.183781
0.412397
0.73821
0.902167
0.0724949
0.517722
0.767791
0.810792
0.202268
0.409819
0.431282
0.274034
0.124794
0.132657
0.673272
0.403542
0.850038
0.844902
0.273687
0.133699
0.629025
0.404751
0.350399
0.401407
0.780706
0.699664
0.43096
0.856079
0.0412431
0.365435
0.0638142
0.295289
0.799119
0.368058
0.803551
0.247597
0.743737
0.472141
0.576564
0.742275
0.509928
0.959611
0.945929
0.275146
0.426125
0.316744
0.899406
0.165589
0.518714
0.856944
0.452967
0.173578
0.50678
0.428363
0.783497
0.585035
0.126558
0.162741
0.686605
0.56289
0.208299
0.504327
0.0257403
0.890138
0.413956
0.0213127
0.342715
0.196506
0.324542
0.40898
0.0017534
0.164715
0.00261367
0.962065
0.922582
0.264779
0.57812
0.0983219
0.124662
0.380528
0.613709
0.386725
0.675328
0.7931
0.766007
0.259386
0.148587
0.799225
0.808783
0.109346
0.0170816
0.601691
0.627316
0.896576
0.393913
0.755704
0.00451816
0.457692
0.809653
0.534441
0.541071
0.353071
0.0671379
0.142546
0.995218
0.856702
0.195905
0.216844
0.773165
0.32375
0.881293
0.874146
0.796906
0.0393856
0.940991
0.468339
0.0405021
0.296961
0.153624
0.880655
0.64451
0.06756
0.418064
0.672113
0.646661
0.555796
0.465441
0.765815
0.428706
0.194482
0.50402
0.895612
0.367237
0.375422
0.814738
0.159276
0.751551
0.263531
0.715292
0.357797
0.624358
0.371359
0.975391
0.00295673
0.110121
0.811696
0.915679
0.954361
0.288691
0.0844552
0.497432
0.532492
0.48496
0.33375
0.867604
0.979906
0.683577
0.831676
0.441128
0.548804
0.815191
0.262577
0.775214
0.926279
0.0397846
0.607681
0.533272
0.721305
0.484766
0.133261
0.782114
0.289017
0.760665
0.390521
0.967299
0.123247
0.0243599
0.123119
0.138555
0.679079
0.406358
0.585647
0.539564
0.971184
0.751031
0.696999
0.442279
0.21478
0.291993
0.535775
0.222288
0.624535
0.0228282
0.436758
0.984231
0.159082
0.0186752
0.0300383
0.619421
0.297685
0.178104
0.295941
0.794771
0.0701156
0.117382
0.564166
0.0348319
0.646073
0.0593819
0.495312
0.487989
0.348052
0.284692
0.734348
0.102976
0.409186
0.289193
0.0619712
0.441155
0.989187
0.425642
0.590755
0.0903686
0.627366
0.170379
0.614422
0.223329
0.59831
0.892788
0.0325671
0.0719111
0.595816
0.225941
0.408047
0.501564
0.26319
0.921915
0.394726
0.219305
0.678191
0.973585
0.880073
0.905122
0.760222
0.313641
0.257463
0.409511
0.373625
0.547695
0.970208
0.517562
0.73804
0.896503
0.203043
0.269391
0.615043
0.236548
0.342739
0.793508
0.0161001
0.230934
0.750002
0.618403
0.173077
0.895155
0.298
0.761374
0.938009
0.374876
0.0135281
0.0543842
0.248924
0.524195
0.63572
0.375258
0.834585
0.330585
0.771485
0.148198
0.860903
0.0730891
0.0198725
0.818681
0.0793731
0.028543
0.558943
0.371202
0.46354
0.730336
0.49425
0.439797
0.959583
0.378181
0.169952
0.475198
0.384402
0.606805
0.710121
0.812157
0.638142
0.0264784
0.513615
0.577739
0.122966
0.797773
0.151904
0.167056
0.8478
0.0143141
0.152429
0.676367
0.327235
0.327061
0.183922
0.132945
0.63593
0.50678
0.0441803
0.72354
0.347835
0.431694
0.0909063
0.344362
0.468957
0.197492
0.0145588
0.739755
0.665783
0.0381156
0.447033
0.0472509
0.308018
0.848262
0.30601
0.725518
0.199128
0.111034
0.122867
0.329539
0.882735
0.724327
0.179207
0.353563
0.515126
0.823579
0.026723
0.0452502
0.317699
0.421655
0.986875
0.580906
0.308614
0.202506
0.276539
0.877416
0.50651
0.756676
0.395579
0.41602
0.153716
0.0447858
0.910485
0.299491
0.180929
0.000114726
0.499414
0.109625
0.495013
0.481974
0.469132
0.44692
0.487957
0.785433
0.450432
0.00829141
0.115787
0.586349
0.819103
0.0999803
0.0653838
0.508715
0.923969
0.218259
0.904929
0.867868
0.43777
0.105953
0.0965669
0.960651
0.24292
0.0725686
0.640589
0.403599
0.0406293
0.633144
0.627964
0.292619
0.303346
0.177821
0.717639
0.671316
0.907633
0.651231
0.54815
0.217679
0.574668
0.537562
0.267486
0.926587
0.551839
0.971846
0.054807
0.583615
0.391075
0.907511
0.952776
0.167693
0.473363
0.0602816
0.176385
0.129019
0.5066
0.133558
0.865998
0.37535
0.653724
0.643651
0.967889
0.344703
0.454713
0.756627
0.41999
0.794264
0.170283
0.892774
0.365476
0.911571
0.634114
0.639248
0.889838
0.541106
0.847582
0.644532
0.362256
0.172422
0.235775
0.776848
0.349627
0.778617
0.212005
0.758385
0.15798
0.518957
0.132152
0.802498
0.144009
0.08809
0.17828
0.265184
0.237961
0.436606
0.667829
0.977047
0.743512
0.50257
0.870976
0.468377
0.951871
0.248628
0.921724
0.677265
0.854031
0.930705
0.771225
0.597163
0.090765
0.337245
0.454349
0.55285
0.984884
0.40623
0.978533
0.988082
0.200895
0.793414
0.809466
0.618829
0.326349
0.740673
0.789644
0.086012
0.92567
0.0581609
0.107857
0.583099
0.746541
0.736917
0.0210305
0.80747
0.532285
0.167234
0.951768
0.67955
0.988992
0.138883
0.538698
0.998576
0.957333
0.697163
0.551944
0.185434
0.736282
0.947607
0.308593
0.847006
0.195901
0.434626
0.495065
0.647312
0.101545
0.626622
0.943018
0.171686
0.661437
0.152382
0.887704
0.62316
0.318671
0.0496102
0.19307
0.515963
0.258848
0.673809
0.743825
0.468866
0.92349
0.81086
0.124214
0.909408
0.341081
0.644475
0.426178
0.355603
0.552226
0.724157
0.811738
0.0403956
0.45964
0.102943
0.70782
0.300237
0.629991
0.978309
0.304918
0.39603
0.872234
0.0543707
0.588338
0.524127
0.68106
0.497582
0.333336
0.677949
0.135981
0.79929
0.380223
0.926408
0.764171
0.572907
0.765938
0.491996
0.792347
0.756264
0.774189
0.866014
0.620063
0.784791
0.182965
0.9367
0.140204
0.940962
0.598106
0.792437
0.514957
0.631442
0.0830641
0.279949
0.396148
0.12553
0.802557
0.548384
0.472671
0.105709
0.222447
0.415211
0.156449
0.000926937
0.836904
0.388229
0.609541
0.731993
0.370107
0.228092
0.00271804
0.401262
0.0231083
0.914349
0.620294
0.279387
0.362685
0.38099
0.333647
0.822986
0.790388
0.229119
0.109535
0.509869
0.75472
0.338044
0.0578819
0.083097
0.702183
0.633584
0.422455
0.900448
0.584589
0.704541
0.648339
0.00938709
0.0877379
0.174476
0.899874
0.295747
0.813578
0.144382
0.235997
0.542043
0.783984
0.249506
0.066722
0.902584
0.845138
0.266189
0.911444
0.549779
0.999251
0.326506
0.159524
0.930689
0.19346
0.933049
0.205191
0.0249787
0.628704
0.615247
0.607466
0.513769
0.84514
0.452878
0.832986
0.121177
0.482268
0.251437
0.603072
0.312724
0.144817
0.04583
0.220113
0.732515
0.829137
0.210604
0.732541
0.407879
0.135239
0.862115
0.0588817
0.988647
0.418866
0.76529
0.782248
0.729686
0.194373
0.638069
0.206262
0.149911
0.707347
0.832167
0.296917
0.357421
0.536746
0.830256
0.593831
0.936374
0.396892
0.0264014
0.236447
0.532993
0.683326
0.756824
0.499961
0.310731
0.592952
0.648792
0.162357
0.192037
0.353861
0.902328
0.524382
0.158824
0.885891
0.176903
0.781314
0.207061
0.397714
0.10664
0.908022
0.172922
0.484587
0.11463
0.382174
0.367492
0.353818
0.860556
0.456221
0.541669
0.15949
0.275335
0.724452
0.389029
0.0175059
0.370138
0.251187
0.787013
0.19611
0.731878
0.270152
0.949815
0.991563
0.428802
0.579772
0.262174
0.815813
0.762592
0.297313
0.893491
0.610981
0.450595
0.0553907
0.436111
0.589103
0.155451
0.392683
0.319293
0.855477
0.270087
0.778141
0.138726
0.247475
0.203367
0.0923459
0.296924
0.900959
0.503711
0.554909
0.427388
0.993255
0.631767
0.0231803
0.399001
0.810748
0.394399
0.691489
0.659201
0.912725
0.545313
0.794447
0.136489
0.52944
0.125748
0.67147
0.714743
0.416159
0.263814
0.0978411
0.712553
0.816931
0.593962
0.151887
0.117848
0.759298
0.638082
0.995793
0.277907
0.0472271
0.565229
0.133368
0.0323324
0.644105
0.094713
0.211808
0.0757636
0.896263
0.0231607
0.902718
0.79038
0.652541
0.254439
0.383103
0.507084
0.855078
0.325384
0.398665
0.718647
0.835432
0.501935
0.694801
0.226917
0.229297
0.540302
0.0166792
0.576963
0.159376
0.355641
0.0864048
0.900179
0.822967
0.0245285
0.546526
0.910834
0.707989
0.894384
0.305283
0.200309
0.854429
0.928412
0.926471
0.0427891
0.539652
0.843269
0.478361
0.0268086
0.814
0.881568
0.800754
0.288937
0.922276
0.204526
0.582211
0.747772
0.94785
0.612241
0.482203
0.285915
0.296467
0.539694
0.213216
0.541057
0.839566
0.693808
0.849598
0.0497633
0.761831
0.167737
0.393451
0.612859
0.160522
0.988676
0.949607
0.562065
0.137009
0.639366
0.794438
0.215004
0.0722627
0.674264
0.625881
0.290039
0.712415
0.881084
0.7199
0.962373
0.988716
0.987746
0.363101
0.0960738
0.695478
0.373124
0.4601
0.969434
0.44319
0.0156534
0.71152
0.478562
0.0415685
0.633705
0.2144
0.779938
0.65468
0.981401
0.14778
0.00966505
0.869659
0.127695
0.675077
0.956432
0.0501417
0.548263
0.0304996
0.19703
0.980089
0.500984
0.574488
0.526287
0.474005
0.657258
0.424388
0.795251
0.122709
0.762591
0.0191191
0.248547
0.103278
0.358874
0.994357
0.829235
0.607009
0.694705
0.268051
0.87097
0.186248
0.974504
0.911334
0.26544
0.601706
0.366576
0.759859
0.189205
0.634842
0.73793
0.764246
0.378299
0.0396217
0.161383
0.65095
0.800148
0.225373
0.819132
0.837819
0.407937
0.424543
0.195895
0.899816
0.959067
0.699463
0.322152
0.793643
0.0916657
0.0301228
0.420944
0.0156771
0.905189
0.40657
0.475719
0.782131
0.0755276
0.986715
0.0364555
0.986468
0.413021
0.29164
0.799759
0.315752
0.0735042
0.570436
0.137948
0.610101
0.156724
0.0060289
0.532901
0.849178
0.940838
0.639563
0.732147
0.474439
0.742486
0.706936
0.04551
0.939671
0.564236
0.606772
0.417551
0.16537
0.96887
0.710207
0.339768
0.101314
0.645547
0.59155
0.121483
0.928884
0.0177222
0.57347
0.0527397
0.0193962
0.0668579
0.465502
0.318379
0.972032
0.8583
0.411178
0.630343
0.65652
0.573742
0.384111
0.124757
0.85911
0.164834
0.280252
0.529578
0.959704
0.99976
0.0918831
0.574513
0.0434353
0.502855
0.324601
0.433336
0.368015
0.179117
0.793657
0.223903
0.47152
0.432155
0.0289394
0.526542
0.122992
0.0557159
0.703227
0.0187638
0.405473
0.504368
0.406897
0.88437
0.49934
0.295681
0.511287
0.0772332
0.130922
0.900695
0.235563
0.962687
0.501135
0.946737
0.958049
0.69943
0.0517302
0.660412
0.548171
0.0578596
0.308995
0.36168
0.451773
0.511262
0.819285
0.0933495
0.508791
0.417507
0.816413
0.714481
0.242777
0.182728
0.603101
0.0496351
0.517456
0.435724
0.958683
0.986414
0.0433805
0.631788
0.380981
0.237542
0.931298
0.055766
0.215584
0.285903
0.177574
0.0330744
0.210937
0.735391
0.136847
0.130135
0.659221
0.789638
0.350084
0.296424
0.843601
0.236008
0.870793
0.0524549
0.221155
0.453821
0.942841
0.963412
0.742784
0.392338
0.661068
0.477482
0.468191
0.943227
0.377746
0.690768
0.603384
0.900383
0.0472756
0.385056
0.103924
0.962112
0.527957
0.64777
0.789776
0.6607
0.839051
0.120731
0.653382
0.344808
0.415813
0.250398
0.764342
0.502308
0.0830771
0.360303
0.340838
0.875195
0.50383
0.688245
0.534754
0.532877
0.634084
0.197384
0.0360898
0.853033
0.766107
0.670883
0.420131
0.196718
0.262256
0.742632
0.322254
0.911515
0.420806
0.728581
0.0201525
0.577091
0.0790958
0.750213
0.228344
0.514181
0.710248
0.247985
0.167724
0.372016
0.725904
0.851496
0.972642
0.920696
0.433514
0.206551
0.854736
0.302757
0.243622
0.977961
0.178109
0.209794
0.0673062
0.29026
0.641979
0.481812
0.829928
0.494745
0.448807
0.184061
0.254196
0.737314
0.898243
0.47226
0.789044
0.443192
0.936542
0.655
0.193208
0.846228
0.360119
0.412917
0.891872
0.105251
0.579686
0.718205
0.0360958
0.619947
0.962993
0.663841
0.0886333
0.854489
0.0613449
0.177254
0.773489
0.488303
0.665232
0.94428
0.0533368
0.947968
0.211789
0.261304
0.288462
0.459329
0.0715229
0.890257
0.388987
0.540172
0.570305
0.205146
0.260943
0.395681
0.0578173
0.351552
0.484564
0.764614
0.124338
0.121857
0.424727
0.39557
0.309323
0.577922
0.989406
0.23074
0.859054
0.896984
0.309724
0.478361
0.704466
0.711977
0.657748
0.72316
0.678168
0.56953
0.0454315
0.93317
0.811722
0.711211
0.915772
0.267213
0.497127
0.838841
0.0574792
0.78449
0.412722
0.964271
0.915629
0.0393246
0.862466
0.94782
0.557452
0.862104
0.923991
0.446602
0.0655082
0.852561
0.316389
0.241736
0.607062
0.933222
0.861195
0.278212
0.0619466
0.137241
0.903385
0.188188
0.231091
0.263001
0.0737289
0.00136789
0.300158
0.463417
0.705867
0.567659
0.559394
0.815282
0.373983
0.788597
0.200299
0.716504
0.0986263
0.905386
0.296601
0.0886294
0.394592
0.121482
0.462168
0.0392541
0.527076
0.0141128
0.949035
0.303406
0.0284718
0.24827
0.547979
0.592777
0.0420187
0.753637
0.181694
0.313857
0.640424
0.933438
0.79242
0.0662128
0.56389
0.786856
0.43403
0.214871
0.385568
0.654905
0.451352
0.679142
0.902191
0.223374
0.49161
0.14628
0.42886
0.484671
0.725089
0.172775
0.921017
0.590554
0.0915871
0.268276
0.63143
0.406237
0.329328
0.975386
0.919373
0.558212
0.8333
0.289712
0.353455
0.777258
0.53638
0.354459
0.285148
0.267002
0.671152
0.276777
0.419768
0.0384111
0.771503
0.932408
0.784406
0.97185
0.0852862
0.752713
0.00340884
0.599602
0.823705
0.44474
0.462841
0.0106261
0.656448
0.319964
0.203759
0.102158
0.517524
0.0589423
0.0640133
0.844589
0.214763
0.194352
0.429947
0.960765
0.29188
0.949362
0.109195
0.0909363
0.988032
0.136553
0.34665
0.231472
0.544238
0.137767
0.336398
0.0791491
0.243505
0.299389
0.0984139
0.432163
0.822873
0.861252
0.0613893
0.511631
0.797941
0.480105
0.800117
0.959484
0.9872
0.918608
0.201234
0.295476
0.464141
0.175062
0.865154
0.201284
0.305698
0.573203
0.191139
0.536028
0.00798183
0.679928
0.63943
0.336205
0.123084
0.65491
0.828106
0.0442235
0.508351
0.261671
0.0182277
0.14214
0.202999
0.505531
0.190137
0.508524
0.143232
0.149384
0.244488
0.902851
0.139579
0.351666
0.207466
0.718606
0.36856
0.749135
0.921042
0.707125
0.330889
0.565878
0.202537
0.901754
0.212315
0.0837602
0.415803
0.077411
0.919316
0.0915003
0.768162
0.344293
0.974687
0.991731
0.297937
0.944972
0.82861
0.0583626
0.718552
0.0191509
0.00600938
0.0899025
0.214468
0.506162
0.5644
0.306175
0.525618
0.927051
0.427503
0.913177
0.700815
0.449498
0.794576
0.159252
0.643218
0.282586
0.665753
0.989807
0.815197
0.435815
0.888102
0.360729
0.424701
0.537811
0.490174
0.894269
0.195853
0.543819
0.565357
0.576356
0.954394
0.534784
0.87361
0.540344
0.161489
0.660978
0.600281
0.317424
0.041364
0.814843
0.439541
0.13524
0.809376
0.504733
0.114171
0.509322
0.864055
0.28619
0.51526
0.311304
0.71197
0.10162
0.413087
0.246682
0.307112
0.0627444
0.878712
0.985048
0.771945
0.131942
0.545452
0.528018
0.896949
0.335987
0.167574
0.463965
0.0669923
0.565233
0.793523
0.952216
0.420357
0.627907
0.612504
0.229758
0.0997272
0.46682
0.162036
0.486199
0.800666
0.696943
0.262329
0.672353
0.764542
0.74837
0.589412
0.477523
0.608726
0.730166
0.187334
0.832235
0.552206
0.965396
0.0815541
0.0876343
0.7012
0.253779
0.277646
0.929392
0.0345212
0.0322519
0.255345
0.260949
0.906387
0.430312
0.197084
0.115299
0.505303
0.930256
0.878578
0.221894
0.418052
0.0847525
0.808689
0.480131
0.800467
0.127129
0.905168
0.306486
0.610444
0.913156
0.956529
0.880564
0.778958
0.506036
0.229083
0.686969
0.35294
0.876121
0.869206
0.624233
0.717766
0.120084
0.917564
0.237518
0.58048
0.76583
0.64388
0.455128
0.958247
0.0432082
0.0337934
0.415926
0.866183
0.359203
0.275463
0.629909
0.53744
0.980968
0.3213
0.600681
0.0452956
0.431019
0.514003
0.158304
0.247092
0.134835
0.996974
0.824773
0.554817
0.199704
0.464142
0.5015
0.584541
0.0811491
0.686705
0.28703
0.0809205
0.514805
0.28388
0.180587
0.393623
0.130987
0.13723
0.398733
0.346506
0.268999
0.595756
0.842874
0.640246
0.77977
0.749929
0.437715
0.423942
0.128813
0.291878
0.36704
0.726256
0.435512
0.20687
0.134104
0.823317
0.727063
0.295157
0.558844
0.0166952
0.632197
0.496556
0.701325
0.784231
0.946345
0.532377
0.89728
0.839562
0.389834
0.496406
0.952903
0.689405
0.846733
0.880682
0.636778
0.11364
0.275345
0.931129
0.21012
0.321115
0.152192
0.167333
0.354269
0.968964
0.0484799
0.000749105
0.707465
0.796692
0.00899271
0.433519
0.750606
0.245968
0.544577
0.259154
0.142313
0.44707
0.965812
0.616327
0.174075
0.593351
0.651018
0.423655
0.892212
0.642587
0.79896
0.558834
0.929391
0.0311673
0.876852
0.708134
0.2376
0.622988
0.917557
0.826673
0.96881
0.304655
0.0950941
0.996995
0.679745
0.753815
0.632279
0.190245
0.0326746
0.125779
0.554822
0.714213
0.133129
0.309083
0.557639
0.82514
0.71492
0.483457
0.215251
0.59141
0.398479
0.870416
0.841584
0.289182
0.274765
0.599926
0.846548
0.700978
0.887085
0.735497
0.777525
0.152848
0.299022
0.819688
0.172226
0.094899
0.0689842
0.343979
0.652745
0.790718
0.540163
0.738952
0.595545
0.176987
0.55709
0.656679
0.423447
0.284915
0.413469
0.217485
0.757408
0.535929
0.116233
0.664173
0.98056
0.647414
0.732317
0.561258
0.315829
0.378584
0.200598
0.753582
0.381707
0.636397
0.293837
0.123266
0.917141
0.927602
0.874942
0.527632
0.473606
0.322751
0.89789
0.841381
0.346649
0.18457
0.164473
0.847755
0.815483
0.256105
0.290519
0.816081
0.301567
0.309458
0.00518684
0.363266
0.737909
0.585715
0.368722
0.927386
0.121606
0.529279
0.0309415
0.591382
0.732799
0.809838
0.766607
0.69931
0.142691
0.963475
0.435484
0.728051
0.169143
0.958082
0.663685
0.141633
0.106842
0.040638
0.0871022
0.797345
0.565368
0.954623
0.314264
0.132766
0.266357
0.280822
0.95053
0.487367
0.323039
0.665985
0.392613
0.0539818
0.462974
0.129756
0.685186
0.0733552
0.937984
0.705492
0.781758
0.844262
0.542822
0.255934
0.0407754
0.193946
0.25368
0.447308
0.904491
0.416489
0.985479
0.258622
0.360746
0.924225
0.308153
0.896388
0.103357
0.459711
0.580618
0.0844665
0.131032
0.579489
0.749389
0.0664848
0.922101
0.048676
0.378206
0.612463
0.0759774
0.986346
0.655652
0.336744
0.424263
0.190824
0.968388
0.841697
0.805293
0.573015
0.89588
0.888254
0.905295
0.462415
0.414702
0.903325
0.455335
0.558433
0.901698
0.765303
0.512787
0.219449
0.869378
0.71793
0.144958
0.760008
0.896374
0.361933
0.385105
0.515503
0.0420512
0.531443
0.380658
0.0925849
0.237426
0.202746
0.951926
0.817644
0.273286
0.787474
0.797647
0.696424
0.578353
0.767787
0.0108586
0.882985
0.981899
0.830968
0.812979
0.809748
0.041351
0.804678
0.102568
0.74252
0.710138
0.787751
0.893795
0.991613
0.516654
0.0770317
0.552494
0.635286
0.883356
0.626597
0.208195
0.103623
0.565506
0.816552
0.330473
0.94493
0.730895
0.885097
0.428212
0.574231
0.202575
0.27706
0.60027
0.712225
0.582477
0.827686
0.393812
0.897091
0.0699496
0.732078
0.489243
0.131064
0.95947
0.903822
0.223795
0.0551947
0.188703
0.0134294
0.204041
0.581954
0.522986
0.286397
0.273926
0.615213
0.585319
0.256691
0.151463
0.216007
0.0208356
0.995088
0.0945801
0.601745
0.639119
0.900194
0.194303
0.873908
0.892947
0.646448
0.22964
0.938872
0.983129
0.177626
0.580193
0.208339
0.149931
0.222169
0.325326
0.236679
0.214703
0.350127
0.427187
0.274805
0.532067
0.409026
0.582112
0.00311676
0.533489
0.742183
0.933008
0.564809
0.786032
0.0386594
0.0848125
0.976824
0.723199
0.276406
0.69559
0.47678
0.164314
0.942424
0.985399
0.204269
0.629945
0.645725
0.690767
0.554185
0.957287
0.13618
0.890039
0.724792
0.463742
0.517318
0.548628
0.466698
0.0105385
0.661967
0.116311
0.27986
0.861113
0.230986
0.803303
0.669307
0.760098
0.638162
0.738517
0.32811
0.695531
0.335558
0.761609
0.945722
0.335791
0.106786
0.528436
0.825451
0.108809
0.000235485
0.544219
0.626425
0.738045
0.11626
0.0258429
0.719759
0.160329
0.843664
0.6987
0.168188
0.986018
0.140014
0.0375543
0.912417
0.852353
0.0418843
0.566976
0.990881
0.465026
0.405959
0.86573
0.554201
0.0884957
0.707165
0.310483
0.988856
0.46882
0.998945
0.505593
0.970731
0.358737
0.473072
0.154464
0.968197
0.137311
0.697936
0.9297
0.252952
0.618215
0.977011
0.00858725
0.407597
0.632976
0.42174
0.390344
0.600839
0.938343
0.499813
0.154241
0.399623
0.479196
0.881746
0.423614
0.873761
0.0576274
0.40282
0.159586
0.400581
0.5014
0.577229
0.928107
0.478663
0.945907
0.196255
0.591634
0.501229
0.766942
0.618386
0.318226
0.717465
0.919538
0.0785434
0.440338
0.327021
0.31223
0.0243824
0.316457
0.0178158
0.7064
0.604619
0.452871
0.385577
0.275689
0.118304
0.450965
0.0865683
0.158403
0.772071
0.796973
0.70055
0.322739
0.427998
0.764323
0.953072
0.0455332
0.257384
0.630461
0.905054
0.954027
0.101416
0.616105
0.10963
0.539268
0.790374
0.249695
0.614276
0.430743
0.257183
0.776563
0.509175
0.604556
0.723264
0.522979
0.855924
0.630921
0.915692
0.260538
0.0454973
0.568353
0.731726
0.28561
0.60859
0.168209
0.19319
0.54022
0.319025
0.619052
0.278565
0.281465
0.0821551
0.559669
0.290872
0.902318
0.981471
0.914973
0.976572
0.0817375
0.270784
0.121739
0.473154
0.779658
0.755324
0.3414
0.305458
0.194615
0.518097
0.603585
0.703877
0.889177
0.339444
0.754477
0.268605
0.300426
0.355547
0.334621
0.896317
0.947747
0.839735
0.786616
0.518757
0.204953
0.709054
0.868089
0.832482
0.614186
0.104096
0.961894
0.237624
0.699334
0.71539
0.745133
0.719285
0.120306
0.393619
0.981229
0.622735
0.0481724
0.848836
0.0839045
0.0737979
0.805765
0.187186
0.585979
0.215717
0.298174
0.830079
0.215801
0.166886
0.460972
0.594408
0.39491
0.499572
0.00783418
0.873333
0.546033
0.604147
0.00921829
0.842025
0.533334
0.198345
0.344412
0.224123
0.208267
0.785191
0.623696
0.601684
0.734517
0.530967
0.777608
0.649183
0.913205
0.956874
0.876982
0.542177
0.89231
0.301889
0.8201
0.561385
0.658495
0.363263
0.960047
0.417023
0.780266
0.154505
0.423247
0.796599
0.672497
0.594665
0.384783
0.238456
0.826357
0.569213
0.732035
0.705889
0.106964
0.650192
0.898512
0.64166
0.443692
0.256313
0.936477
0.185409
0.57379
0.452943
0.590877
0.408284
0.466525
0.474819
0.927434
0.537864
0.63857
0.593979
0.362982
0.296052
0.727106
0.501599
0.372998
0.643379
0.838768
0.930886
0.0555807
0.811468
0.732801
0.981145
0.677299
0.814107
0.686893
0.328836
0.59761
0.365389
0.764228
0.204604
0.0667753
0.915882
0.449139
0.306645
0.538252
0.366459
0.513955
0.497576
0.769685
0.861721
0.257541
0.637462
0.265229
0.235118
0.621682
0.839555
0.912813
0.415962
0.318767
0.0533158
0.0889385
0.0611621
0.135608
0.59372
0.355031
0.394281
0.625245
0.114854
0.186516
0.680546
0.0410484
0.794169
0.210598
0.803876
0.654406
0.032234
0.151858
0.312349
0.546185
0.818533
0.285756
0.239509
0.0593988
0.760219
0.587089
0.574585
0.801144
0.467273
0.0603996
0.935165
0.309714
0.0401477
0.797911
0.687743
0.150456
0.476825
0.19231
0.267504
0.632725
0.223555
0.21973
0.977696
0.880244
0.312101
0.804611
0.216309
0.437245
0.686837
0.703407
0.404843
0.720349
0.714739
0.0378591
0.308599
0.667761
0.433447
0.228917
0.774095
0.0979054
0.926835
0.506327
0.907052
0.243101
0.0797383
0.992196
0.520532
0.312715
0.765747
0.393796
0.349904
0.875851
0.832661
0.124846
0.518297
0.4161
0.793949
0.957333
0.408427
0.148934
0.292142
0.55839
0.225557
0.623742
0.708728
0.178261
0.7996
0.743328
0.948083
0.734151
0.656035
0.579332
0.76992
0.207712
0.075579
0.165981
0.0915167
0.986862
0.15792
0.709705
0.589703
0.0998716
0.108035
0.219573
0.521574
0.494482
0.783641
0.273436
0.926863
0.10923
0.594418
0.785824
0.904531
0.688714
0.149257
0.503731
0.258766
0.548826
0.534709
0.261653
0.928297
0.96015
0.109941
0.482738
0.847664
0.864721
0.461182
0.192563
0.495333
0.368893
0.318262
0.0582766
0.773802
0.177598
0.350186
0.290196
0.109087
0.886021
0.784723
0.225265
0.976162
0.0756231
0.603969
0.101087
0.333645
0.443151
0.925218
0.942996
0.722531
0.913377
0.262003
0.111228
0.743415
0.75684
0.257847
0.345699
0.123951
0.279886
0.685298
0.026127
0.129245
0.521534
0.901703
0.727697
0.314452
0.644478
0.353649
0.358622
0.889524
0.129175
0.333058
0.545754
0.735353
0.47241
0.12476
0.28679
0.509387
0.575588
0.469523
0.980067
0.594243
0.32287
0.325661
0.0118784
0.818281
0.653181
0.0805629
0.33167
0.0121441
0.600228
0.380831
0.551247
0.315738
0.906463
0.762945
0.707851
0.628195
0.725042
0.327911
0.0439015
0.267327
0.141346
0.272433
0.0585052
0.499574
0.524596
0.530893
0.226273
0.497368
0.531112
0.868293
0.675184
0.0152153
0.613379
0.172135
0.753472
0.842066
0.551438
0.504898
0.750923
0.235256
0.442198
0.688547
0.496327
0.0763896
0.103767
0.194951
0.522752
0.573991
0.540235
0.213785
0.837099
0.790076
0.250809
0.671591
0.880148
0.062486
0.257641
0.297258
0.316843
0.162781
0.989883
0.591866
0.121469
0.557854
0.0368968
0.692245
0.75494
0.875496
0.429271
0.951812
0.776795
0.209552
0.899429
0.839413
0.16645
0.494966
0.60973
0.123585
0.0893722
0.248927
0.429622
0.818487
0.445471
0.579943
0.0277093
0.97786
0.859241
0.736596
0.0716149
0.999841
0.862776
0.482722
0.668835
0.919904
0.901403
0.283093
0.0249414
0.399226
0.943608
0.356537
0.0496355
0.345514
0.357247
0.951594
0.433298
0.822869
0.246544
0.228958
0.392441
0.0131915
0.521777
0.557374
0.906407
0.286638
0.956952
0.163589
0.622863
0.131712
0.710492
0.397018
0.698171
0.901965
0.03864
0.506945
0.381189
0.577439
0.988622
0.0712636
0.0849837
0.442698
0.954848
0.00450608
0.67849
0.583493
0.321737
0.508726
0.646302
0.14104
0.674847
0.169552
0.205204
0.483112
0.880576
0.553579
0.245261
0.907212
0.824961
0.700497
0.614381
0.642268
0.84428
0.548675
0.540326
0.12647
0.42292
0.967049
0.353768
0.581858
0.0950266
0.226405
0.829681
0.458587
0.65203
0.62262
0.810328
0.467485
0.683405
0.912984
0.938251
0.648888
0.586704
0.250044
0.657771
0.635136
0.867689
0.557685
0.702964
0.256422
0.673514
0.609744
0.362095
0.623735
0.891504
0.416935
0.395056
0.413832
0.101967
0.534113
0.802135
0.300828
0.463199
0.354012
0.138926
0.25497
0.966797
0.798988
0.90151
0.0953834
0.13657
0.65846
0.0452655
0.480291
0.328657
0.402686
0.0453792
0.0918974
0.466419
0.0452052
0.371862
0.676536
0.922652
0.595201
0.869808
0.792776
0.923733
0.0616864
0.558703
0.466217
0.344246
0.724758
0.76354
0.721155
0.104135
0.512214
0.454707
0.333873
0.0596479
0.506035
0.111414
0.71408
0.749542
0.702092
0.461592
0.0600752
0.542865
0.663971
0.935606
0.746197
0.52684
0.309921
0.66613
0.0906404
0.234181
0.0691874
0.155341
0.426832
0.368672
0.514848
0.3152
0.877476
0.844911
0.455655
0.187678
0.928578
0.480288
0.636404
0.208782
0.24899
0.800833
0.598367
0.0514012
0.0332483
0.852742
0.987895
0.744228
0.201972
0.32182
0.428359
0.513032
0.221273
0.296502
0.900223
0.440855
0.153331
0.777724
0.974548
0.128412
0.283365
0.620941
0.941323
0.807098
0.649069
0.540681
0.246466
0.285263
0.798508
0.63393
0.237291
0.383165
0.799352
0.571563
0.209073
0.541588
6.27574e-05
0.122137
0.494628
0.700364
0.292517
0.43339
0.850433
0.681722
0.0420024
0.896437
0.82889
0.743927
0.737349
0.317083
0.00517324
0.976308
0.48005
0.348168
0.823381
0.289411
0.291941
0.995033
0.071223
0.134408
0.8977
0.760813
0.3724
0.203423
0.0589291
0.38553
0.0444608
0.375434
0.034855
0.857992
0.806904
0.457633
0.560887
0.616166
0.395501
0.925515
0.517043
0.742491
0.556302
0.200743
0.756152
0.116922
0.224959
0.0573855
0.335899
0.492392
0.168486
0.766281
0.514322
0.35371
0.858144
0.544826
0.596858
0.22916
0.891008
0.964788
0.242168
0.330739
0.577237
0.0921422
0.727708
0.458923
0.209729
0.417174
0.434676
0.945121
0.538631
0.926125
0.331911
0.911961
0.747097
0.031725
0.322421
0.669751
0.0852006
0.302373
0.173325
0.966779
0.740559
0.0104406
0.49547
0.870537
0.637888
0.179836
0.394191
0.0439539
0.952509
0.991079
0.405471
0.331657
0.138118
0.756871
0.995989
0.0912776
0.306488
0.0895082
0.981602
0.267588
0.612124
0.939058
0.853
0.455542
0.800257
0.702649
0.242507
0.243234
0.840423
0.12349
0.081141
0.0476494
0.314676
0.965498
0.745352
0.00355172
0.340249
0.93619
0.449889
0.756544
0.81823
0.726438
0.984608
0.231671
0.905882
0.74876
0.702817
0.553812
0.160358
0.813231
0.437161
0.709546
0.801421
0.927341
0.142529
0.654595
0.152638
0.207786
0.846814
0.247796
0.362656
0.83138
0.638499
0.461822
0.955205
0.531033
0.550263
0.0814463
0.239283
0.5817
0.331551
0.81957
0.916673
0.959882
0.168073
0.195856
0.795858
0.556767
0.736471
0.337694
0.959167
0.35651
0.81821
0.252215
0.289459
0.453061
0.684442
0.223718
0.355936
0.985861
0.156121
0.424559
0.354136
0.559852
0.599765
0.169267
0.317382
0.730505
0.00437787
0.540325
0.0468735
0.650689
0.970543
0.387188
0.182203
0.182658
0.106367
0.434061
0.246855
0.583316
0.550733
0.881812
0.203688
0.4014
0.622491
0.378974
0.549448
0.326718
0.821226
0.458639
0.927088
0.468814
0.383836
0.853575
0.958454
0.698438
0.540333
0.84107
0.972324
0.261972
0.627248
0.73077
0.654741
0.597253
0.829295
0.560621
0.667165
0.0784192
0.957233
0.244306
0.906517
0.955763
0.166171
0.0233962
0.419367
0.910971
0.614096
0.79258
0.7861
0.0143917
0.901688
0.329413
0.972113
0.263383
0.774199
0.782382
0.770139
0.832759
0.463375
0.0327143
0.755475
0.431625
0.567228
0.295224
0.524879
0.206325
0.279537
0.0790107
0.427447
0.146213
0.766814
0.376487
0.215136
0.345668
0.632356
0.643954
0.391494
0.379245
0.69486
0.202707
0.525288
0.802719
0.139649
0.518938
0.583392
0.965497
0.776409
0.274867
0.242677
0.192713
0.367527
0.0526703
0.138497
0.470131
0.390846
0.115679
0.728438
0.262567
0.19147
0.45559
0.681474
0.456275
0.186757
0.716402
0.887882
0.795884
0.951023
0.51052
0.92381
0.963949
0.861704
0.183796
0.352144
0.721685
0.183592
0.406777
0.0103784
0.607479
0.554697
0.680443
0.494966
0.608459
0.775518
0.526299
0.624595
0.231791
0.458107
0.831689
0.633041
0.477062
0.733877
0.559165
0.242644
0.538643
0.027256
0.290079
0.295481
0.555458
0.460161
0.312212
0.120548
0.502077
0.249904
0.103213
0.797593
0.225225
0.397238
0.9983
0.603757
0.738061
0.834336
0.923541
0.516217
0.974231
0.22373
0.65507
0.167275
0.276513
0.883736
0.928678
0.238535
0.671826
0.38517
0.640906
0.225199
0.40458
0.646023
0.588424
0.743333
0.92234
0.679045
0.892107
0.191912
0.40827
0.262304
0.119727
0.373329
0.629638
0.851061
0.799133
0.533028
0.13522
0.0835828
0.61341
0.769279
0.219953
0.712702
0.171088
0.612546
0.334592
0.0843578
0.396579
0.161187
0.222128
0.155375
0.806458
0.0235325
0.700808
0.173207
0.212183
0.649058
0.0939097
0.614208
0.674423
0.783002
0.456001
0.784465
0.252294
0.755225
0.309822
0.0247445
0.634919
0.277541
0.151811
0.031566
0.974232
0.192415
0.790671
0.118562
0.986936
0.16456
0.154305
0.911617
0.958772
0.266313
0.756626
0.0190545
0.933361
0.564938
0.996557
0.572244
0.837209
0.618488
0.0253153
0.526348
0.287021
0.826164
0.441579
0.485752
0.519158
0.115179
0.653306
0.220569
0.4164
0.890955
0.69403
0.522103
0.595551
0.599508
0.633796
0.56541
0.540829
0.874683
0.732321
0.371231
0.871343
0.94934
0.115309
0.559166
0.0337771
0.835793
0.20343
0.53665
0.500044
0.420092
0.295621
0.158167
0.379211
0.916786
0.730962
0.206357
0.14726
0.601403
0.772108
0.687744
0.849798
0.0391457
0.832678
0.703461
0.00301013
0.478704
0.694163
0.758624
0.837077
0.154006
0.92692
0.927981
0.292647
0.0653182
0.565266
0.821861
0.0625391
0.68118
0.128069
0.222741
0.20382
0.857839
0.981772
0.423158
0.634876
0.21253
0.689384
0.430262
0.851967
0.967141
0.9724
0.457672
0.0925188
0.811542
0.0472382
0.554051
0.0494061
0.189496
0.916894
0.279116
0.181871
0.309302
0.454023
0.396648
0.223192
0.506856
0.274246
0.382219
0.170506
0.877944
0.157648
0.818305
0.844466
0.542501
0.540365
0.555322
0.980908
0.855995
0.993793
0.844136
0.187103
0.347837
0.981985
0.890152
0.354167
0.305905
0.102771
0.744061
0.126053
0.558245
0.758085
0.838517
0.614365
0.102404
0.266043
0.418873
0.0158322
0.430503
0.0420517
0.620921
0.403232
0.481193
0.0781648
0.9472
0.457225
0.561393
0.697243
0.719827
0.990955
0.920832
0.828104
0.98217
0.965302
0.186727
0.935586
0.930524
0.442869
0.986546
0.559617
0.833029
0.194459
0.872136
0.203297
0.495302
0.033089
0.333036
0.313539
0.525969
0.456271
0.131566
0.289731
0.211858
0.844951
0.444228
0.025558
0.909894
0.783494
0.0465431
0.344885
0.0845982
0.484478
0.881279
0.961261
0.956856
0.748666
0.308876
0.117954
0.0777428
0.256911
0.815976
0.915917
0.803348
0.638317
0.271573
0.29386
0.831856
0.0176581
0.445072
0.689685
0.787658
0.41388
0.567364
0.306589
0.820678
0.207866
0.511917
0.569626
0.759944
0.157962
0.641314
0.44763
0.352853
0.32113
0.605146
0.708116
0.275696
0.409743
0.143653
0.464778
0.0633964
0.221693
0.159998
0.382938
0.929716
0.935808
0.541013
0.160998
0.0924715
0.345805
0.156238
0.157556
0.0467563
0.0628305
0.528918
0.755007
0.0142732
0.866761
0.387505
0.930765
0.216408
0.716078
0.86545
0.954692
0.756568
0.390435
0.870235
0.773115
0.743847
0.762814
0.0956418
0.821417
0.24166
0.671987
0.466232
0.293215
0.984514
0.152213
0.298234
0.567753
0.282287
0.205722
0.111249
0.0602205
0.739787
0.673534
0.461083
0.433081
0.3812
0.338919
0.172856
0.329515
0.412196
0.921814
0.378566
0.721002
0.51089
0.796789
0.40419
0.976802
0.452713
0.265485
0.0639851
0.959437
0.690187
0.179518
0.716084
0.141511
0.779132
0.252841
0.582045
0.958733
0.227165
0.10371
0.558381
0.613651
0.303541
0.974399
0.931114
0.295062
0.86304
0.209351
0.0821416
0.468925
0.478367
0.415752
0.142074
0.435859
0.729474
0.239768
0.447797
0.865132
0.854468
0.790609
0.110174
0.350969
0.0219369
0.825848
0.650148
0.258577
0.0412245
0.236272
0.838428
0.0176666
0.594501
0.467151
0.0494847
0.582441
0.167563
0.0838993
0.74567
0.729624
0.296696
0.501345
0.428962
0.149722
0.964345
0.18348
0.479547
0.559389
0.800769
0.589752
0.841713
0.201595
0.922514
0.468502
0.274272
0.700869
0.907941
0.420578
0.767044
0.117736
0.627906
0.0879034
0.305122
0.732772
0.874978
0.942782
0.163437
0.33834
0.332589
0.0129537
0.716256
0.0959272
0.167631
0.492321
0.886904
0.0182975
0.0940934
0.0442994
0.0355226
0.266823
0.225238
0.658861
0.636629
0.342162
0.397883
0.599482
0.53957
0.236698
0.311009
0.664863
0.0956978
0.274276
0.0748858
0.553821
0.794646
0.969938
0.325251
0.390291
0.253027
0.301599
0.534906
0.737619
0.0731016
0.517508
0.574034
0.974999
0.0235354
0.447509
0.858211
0.460247
0.632737
0.400582
0.913511
0.167198
0.226887
0.493028
0.121573
0.636721
0.945692
0.756517
0.430364
0.260234
0.741056
0.93765
0.481538
0.734972
0.875749
0.55372
0.871575
0.571216
0.21528
0.765125
0.996665
0.842095
0.52748
0.933972
0.401937
0.963882
0.107844
0.550286
0.941973
0.665429
0.0278044
0.430179
0.945482
0.904416
0.00751182
0.851181
0.45282
0.239402
0.850124
0.434482
0.35723
0.962741
0.203239
0.176497
0.73191
0.501655
0.453315
0.85614
0.974367
0.533163
0.285218
0.101456
0.762118
0.732042
0.982462
0.410508
0.711254
0.847051
0.191107
0.326059
0.489311
0.115664
0.565332
0.419928
0.790342
0.0865835
0.5547
0.627777
0.773314
0.396195
0.338191
0.384265
0.441339
0.582399
0.470132
0.75647
0.0516682
0.728326
0.746685
0.893311
0.453706
0.689337
0.853065
0.352539
0.619801
0.418214
0.892104
0.705205
0.332776
0.983273
0.461197
0.93999
0.702722
0.258445
0.730467
0.00447429
0.987543
0.908375
0.329735
0.954329
0.0773411
0.619047
0.781467
0.980282
0.36839
0.927953
0.883408
0.610879
0.900981
0.348708
0.666436
0.929869
0.275771
0.59338
0.304879
0.202329
0.61065
0.870397
0.269083
0.0941872
0.676084
0.744416
0.870333
0.135025
0.279125
0.623209
0.59989
0.372127
0.28871
0.290565
0.906344
0.671711
0.647876
0.207276
0.544623
0.93673
0.948439
0.696955
0.778003
0.944144
0.20334
0.231221
0.589582
0.591211
0.300219
0.409528
0.886629
0.332194
0.122058
0.941669
0.340761
0.454565
0.748415
0.00318678
0.0362625
0.77675
0.68165
0.231919
0.191237
0.25601
0.260484
0.822841
0.721489
0.0019657
0.818603
0.581983
0.840711
0.144444
0.615228
0.311151
0.895007
0.968064
0.910319
0.874723
0.533225
0.483553
0.988495
0.078074
0.591706
0.159137
0.567867
0.862964
0.853689
0.605188
0.384456
0.0661707
0.416884
0.531071
0.247363
0.329965
0.710968
0.933028
0.348301
0.901923
0.349604
0.102938
0.821879
0.690781
0.734892
0.265559
0.636448
0.697181
0.568015
0.270896
0.902267
0.92456
0.726631
0.321804
0.0730824
0.17615
0.0718735
0.956828
0.654296
0.307955
0.0265469
0.905223
0.687081
0.0521911
0.758305
0.674694
0.130932
0.437365
0.700664
0.230636
0.401116
0.0650012
0.300255
0.505711
0.722629
0.482826
0.296588
0.0859922
0.0349484
0.0125928
0.682897
0.819244
0.224946
0.508929
0.581756
0.56524
0.187693
0.473815
0.571656
0.359449
0.231813
0.0282451
0.151529
0.110533
0.679023
0.715978
0.816339
0.0384256
0.0842277
0.720293
0.0817667
0.54143
0.657054
0.518481
0.339253
0.434855
0.438187
0.454171
0.900091
0.625729
0.220872
0.317169
0.411018
0.592771
0.662099
0.395561
0.0621972
0.561002
0.458392
0.185462
0.88616
0.248352
0.732936
0.0588748
0.844155
0.487878
0.16548
0.717149
0.351438
0.0832844
0.0718657
0.682906
0.0987565
0.845547
0.190009
0.862046
0.333195
0.0114945
0.844068
0.263423
0.673589
0.00692821
0.334738
0.189564
0.715888
0.851708
0.643956
0.968706
0.450596
0.195398
0.0556602
0.916533
0.342341
0.0215287
0.195979
0.494138
0.941526
0.186921
0.807671
0.334506
0.397069
0.109423
0.722681
0.179498
0.160765
0.740875
0.817174
0.00802911
0.617441
0.339186
0.965678
0.41772
0.0966448
0.0798389
0.301457
0.289252
0.633254
0.037187
0.491685
0.0264369
0.514462
0.0530291
0.707394
0.305547
0.803698
0.245895
0.874728
0.833713
0.0490195
0.870051
0.40731
0.625641
0.801518
0.597866
0.617144
0.74695
0.581627
0.48108
0.467511
0.296096
0.887541
0.472603
0.255966
0.0290165
0.746105
0.806526
0.595281
0.863796
0.324628
0.304385
0.997773
0.398263
0.070451
0.0837121
0.172846
0.361443
0.698417
0.692384
0.434065
0.899107
0.735414
0.60002
0.402038
0.0318552
0.0431364
0.685055
0.410711
0.257506
0.218366
0.021443
0.011154
0.803245
0.614082
0.269039
0.959006
0.640684
0.190448
0.402412
0.715702
0.201419
0.90425
0.688477
0.342343
0.38306
0.947066
0.777229
0.677497
0.49623
0.0709388
0.753855
0.731515
0.320408
0.376458
0.985385
0.571778
0.42839
0.319031
0.770212
0.793116
0.891858
0.00812819
0.0725106
0.54976
0.849117
0.98099
0.122725
0.559527
0.124422
0.0325705
0.23563
0.374272
0.0288938
0.0394953
0.9034
0.345421
0.00730667
0.345806
0.84588
0.308871
0.25296
0.656976
0.245813
0.184747
0.593355
0.646876
0.583771
0.956031
0.619974
0.907178
0.255513
0.283597
0.432535
0.403537
0.161555
0.167784
0.696616
0.347251
0.581949
0.318368
0.647479
0.101008
0.484189
0.392378
0.854743
0.32471
0.773438
0.0551227
0.103639
0.600746
0.414855
0.373286
0.729002
0.981961
0.589941
0.724999
0.706719
0.660807
0.562941
0.982115
0.281678
0.801988
0.419071
0.862058
0.87762
0.706499
0.701853
0.144702
0.447848
0.23209
0.849
0.893883
0.710196
0.789601
0.550952
0.309936
0.257752
0.42849
0.29761
0.671792
0.209713
0.336562
0.720411
0.713542
0.694631
0.482934
0.380448
0.336447
0.339995
0.760689
0.61968
0.804334
0.345085
0.6233
0.420738
0.436174
0.374766
0.300445
0.0697666
0.628169
0.135363
0.823569
0.16292
0.0492704
0.253847
0.545585
0.236427
0.705042
0.120798
0.0144008
0.346878
0.80807
0.287386
0.0249799
0.315869
0.987544
0.406939
0.653867
0.333224
0.181509
0.631405
0.954569
0.156494
0.854092
0.829772
0.798814
0.440713
0.14443
0.475527
0.781
0.689651
0.768108
0.00872034
0.0106345
0.0650646
0.445855
0.838809
0.506134
0.669367
0.224542
0.809982
0.435123
0.994159
0.0849057
0.262202
0.93968
0.78542
0.907868
0.119046
0.214425
0.617809
0.31209
0.516222
0.0018633
0.716116
0.600934
0.120104
0.0199666
0.950968
0.495099
0.710013
0.985104
0.126562
0.311747
0.0163582
0.938597
0.547481
0.522292
0.893031
0.283329
0.995193
0.325553
0.299084
0.200049
0.477161
0.0634974
0.383194
0.509623
0.965741
0.442261
0.28463
0.302169
0.57218
0.966761
0.635393
0.147547
0.673831
0.524537
0.687344
0.971237
0.119479
0.341153
0.481838
0.918557
0.186782
0.659586
0.48278
0.0880493
0.0840985
0.459722
0.0308204
0.897571
0.822212
0.727916
0.239328
0.216306
0.794021
0.51318
0.403005
0.0708215
0.675428
0.975077
0.457768
0.688188
0.800343
0.453877
0.814487
0.504782
0.187607
0.297628
0.257066
0.332893
0.347281
0.691119
0.2834
0.582013
0.0261571
0.382302
0.981051
0.877224
0.544727
0.232854
0.441946
0.859427
0.425665
0.577586
0.97445
0.803225
0.931758
0.015244
0.578305
0.0165502
0.952241
0.429654
0.888091
0.0161811
0.65274
0.620631
0.112948
0.0859875
0.406046
0.179848
0.421894
0.0571794
0.938324
0.355865
0.231456
0.695402
0.266248
0.198598
0.400609
0.787786
0.991872
0.746987
0.351045
0.399918
0.709579
0.320961
0.501094
0.480243
0.727546
0.902694
0.490541
0.345987
0.798156
0.351628
0.811251
0.0649615
0.0894749
0.908047
0.443665
0.482342
0.93414
0.622544
0.699542
0.917934
0.902147
0.431332
0.923027
0.320796
0.11829
0.41398
0.210386
0.014062
0.360364
0.0609793
0.547351
0.84924
0.926428
0.29015
0.37451
0.528241
0.362789
0.535945
0.686982
0.611299
0.432239
0.953181
0.434695
0.0344119
0.926337
0.991913
0.762849
0.191724
0.556841
0.0845089
0.0361721
0.33365
0.889367
0.617192
0.611599
0.38371
0.514973
0.820478
0.917247
0.635711
0.0197939
0.696139
0.984728
0.163926
0.154617
0.999172
0.559565
0.324323
0.490012
0.914455
0.142088
0.263159
0.0513231
0.11823
0.618762
0.85487
0.463656
0.00964509
0.83023
0.595095
0.220453
0.0586522
0.755064
0.463974
0.259972
0.371456
0.703647
0.0928418
0.250024
0.0573044
0.719731
0.313831
0.219764
0.0310656
0.452022
0.602443
0.533769
0.151102
0.227072
0.450033
0.992571
0.624296
0.539183
0.394707
0.0985028
0.368555
0.253085
0.519952
0.49795
0.373093
0.539558
0.581313
0.271819
0.309608
0.950598
0.579634
0.284436
0.90101
0.575471
0.258245
0.125606
0.432445
0.357116
0.510499
0.417956
0.782422
0.313718
0.549229
0.257827
0.356148
0.495425
0.573006
0.377166
0.121663
0.37245
0.883941
0.039442
0.790858
0.328306
0.442818
0.716406
0.167285
0.819425
0.820389
0.955337
0.322286
0.327546
0.705819
0.477643
0.988093
0.710335
0.507947
0.107538
0.205192
0.15379
0.231754
0.491003
0.571645
0.320921
0.487165
0.325973
0.560665
0.117555
0.102059
0.79917
0.352319
0.869229
0.934553
0.646491
0.924765
0.703105
0.835867
0.474153
0.135106
0.104393
0.685177
0.16778
0.961352
0.485685
0.538982
0.0656178
0.652714
0.155934
0.402997
0.48831
0.329617
0.258937
0.294017
0.828182
0.577598
0.492636
0.118488
0.0513544
0.187111
0.113184
0.615719
0.720774
0.706978
0.732635
0.0151977
0.790618
0.611765
0.566543
0.113879
0.954364
0.247916
0.376437
0.821506
0.47093
0.341653
0.649707
0.637089
0.58508
0.650998
0.302159
0.450956
0.0579285
0.65897
0.0815339
0.113945
0.307913
0.275153
0.0673718
0.634135
0.327624
0.984938
0.346412
0.0641865
0.20194
0.312627
0.704482
0.1972
0.741154
0.805084
0.595714
0.320586
0.711161
0.862107
0.776701
0.366745
0.362023
0.909578
0.844461
0.883302
0.6158
0.809482
0.979183
0.0178234
0.282562
0.611032
0.920659
0.0217246
0.157075
0.259717
0.525049
0.131531
0.653294
0.59242
0.0485961
0.744742
0.824168
0.659784
0.948525
0.890698
0.973346
0.340501
0.808714
0.578687
0.595334
0.461591
0.787564
0.816808
0.802013
0.735353
0.51549
0.223103
0.645777
0.195338
0.875856
0.1384
0.491006
0.29439
0.791117
0.0978024
0.693128
0.157692
0.679228
0.180814
0.913899
0.809419
0.286555
0.0505816
0.247075
0.565691
0.254011
0.979231
0.483729
0.668092
0.112914
0.563295
0.0628775
0.986236
0.985025
0.541593
0.00163805
0.0162769
0.594893
0.674851
0.0692217
0.12254
0.278413
0.22509
0.0689531
0.0956597
0.444372
0.533055
0.94906
0.622877
0.839641
0.539493
0.92198
0.581089
0.376082
0.9931
0.39779
0.473454
0.059545
0.352754
0.613304
0.544926
0.54856
0.998827
0.866332
0.746229
0.36139
0.94887
0.465309
0.790893
0.0124881
0.613777
0.317355
0.993965
0.129498
0.675139
0.661088
0.727642
0.584799
0.512395
0.18113
0.418799
0.0450468
0.0155454
0.714866
0.692516
0.240771
0.497603
0.293155
0.0871047
0.297266
0.839097
0.378535
0.688686
0.227668
0.179325
0.128942
0.922383
0.218283
0.296585
0.292805
0.864101
0.652303
0.329423
0.12202
0.97943
0.407493
0.376312
0.380979
0.738417
0.281238
0.621813
0.259437
0.586993
0.366387
0.478956
0.610286
0.174299
0.716154
0.472457
0.494744
0.342618
0.0573382
0.533861
0.310153
0.392231
0.968246
0.512223
0.801631
0.652381
0.629958
0.153627
0.73878
0.943202
0.754362
0.856508
0.912104
0.529676
0.826169
0.111003
0.0287994
0.481375
0.573872
0.778859
0.941295
0.70121
0.280262
0.0216863
0.0197787
0.419064
0.79915
0.651689
0.196692
0.71485
0.0727512
0.52875
0.799775
0.0990986
0.623822
0.0855432
0.502776
0.702952
0.476934
0.509012
0.0300905
0.984885
0.761796
0.0792418
0.342775
0.726273
0.854639
0.858792
0.316843
0.546186
0.276407
0.686561
0.027423
0.207564
0.11272
0.26609
0.0199225
0.00891658
0.842832
0.211002
0.946338
0.860427
0.0244369
0.0383396
0.954335
0.939944
0.108283
0.258534
0.740811
0.727996
0.0499374
0.529514
0.440923
0.753148
0.613264
0.109068
0.95753
0.467481
0.0576345
0.997431
0.10287
0.650707
0.973574
0.810782
0.400944
0.850624
0.553353
0.821755
0.681376
0.253838
0.696501
0.157251
0.997678
0.596564
0.666695
0.925287
0.958327
0.229913
0.11603
0.275744
0.519629
0.112631
0.224154
0.965734
0.625745
0.588159
0.48068
0.935852
0.983058
0.490035
0.756085
0.402267
0.631249
0.993827
0.213938
0.881012
0.949202
0.185433
0.23971
0.890794
0.155731
0.441008
0.791073
0.491341
0.297632
0.215821
0.772934
0.623975
0.943865
0.926957
0.537447
0.904538
0.326804
0.40319
0.203801
0.206603
0.210064
0.386053
0.952262
0.352496
0.256908
0.226871
0.00801471
0.444112
0.781927
0.0692454
0.898019
0.914598
0.368385
0.175472
0.412019
0.0215674
0.520178
0.795074
0.16978
0.144565
0.105129
0.136802
0.901723
0.462594
0.368545
0.0510799
0.569673
0.0960415
0.504626
0.323151
0.837005
0.982322
0.638998
0.789666
0.660886
0.153006
0.287979
0.500794
0.909753
0.88554
0.327199
0.940196
0.861727
0.764418
0.850968
0.876559
0.638229
0.0108394
0.379984
0.149355
0.464184
0.688388
0.242989
0.890789
0.983155
0.38366
0.901133
0.0645315
0.522703
0.66953
0.00394116
0.375005
0.500995
0.715745
0.28366
0.590208
0.357757
0.603984
0.449819
0.0540772
0.217454
0.675627
0.196298
0.975099
0.655112
0.189978
0.655962
0.206683
0.609351
0.954381
0.228783
0.327981
0.815505
0.817657
0.982636
0.444308
0.725529
0.0629785
0.815053
0.212929
0.320782
0.0202554
0.520815
0.0280583
0.557607
0.522194
0.805357
0.339875
0.431391
0.189561
0.306733
0.914004
0.28893
0.643128
0.747792
0.0441591
0.516423
0.451964
0.561978
0.801779
0.00512771
0.446004
0.566679
0.238972
0.741254
0.607256
0.561614
0.857641
0.842331
0.427032
0.889697
0.827321
0.699128
0.850706
0.0159997
0.49218
0.379107
0.857714
0.777595
0.175392
0.871907
0.629772
0.072707
0.594343
0.345796
0.0880887
0.0498005
0.176895
0.541479
0.430217
0.203104
0.957443
0.430002
0.925033
0.776163
0.678255
0.947186
0.542199
0.333911
0.279273
0.099547
0.568818
0.819543
0.587189
0.0959585
0.925306
0.617216
0.0774767
0.944313
0.815762
0.565904
0.8525
0.68064
0.172363
0.203145
0.132764
0.0559323
0.271899
0.168017
0.68061
0.0483539
0.265156
0.287593
0.656575
0.419405
0.172218
0.755838
0.844618
0.0845654
0.32115
0.553108
0.276271
0.183268
0.0621163
0.131084
0.744384
0.239831
0.848556
0.90425
0.139915
0.00504483
0.0723425
0.465473
0.99138
0.725052
0.158036
0.119417
0.964187
0.436252
0.805782
0.461547
0.719796
0.137378
0.522629
0.699366
0.682969
0.516358
0.954081
0.311962
0.5656
0.452739
0.433397
0.788329
0.500607
0.387625
0.674197
0.607574
0.308003
0.432299
0.866604
0.576861
0.612873
0.822876
0.479568
0.0965921
0.533012
0.0389697
0.85914
0.0662197
0.630078
0.075785
0.937715
0.886555
0.356483
0.446444
0.882212
0.482326
0.820837
0.41838
0.815703
0.307802
0.234318
0.647025
0.509249
0.973012
0.69142
0.123022
0.476966
0.221582
0.190199
0.525875
0.692258
0.505501
0.124636
0.476204
0.307666
0.0579177
0.406469
0.568128
0.591781
0.101749
0.323669
0.679075
0.737803
0.307734
0.0515142
0.101632
0.348935
0.707483
0.140269
0.194714
0.0219451
0.570794
0.457238
0.151913
0.443882
0.0864835
0.0132038
0.244694
0.356547
0.575365
0.312939
0.597313
0.353439
0.164849
0.701824
0.737626
0.135424
0.83754
0.407157
0.361027
0.101394
0.220687
0.271126
0.929889
0.18207
0.817572
0.626771
0.863141
0.988454
0.222893
0.368633
0.573864
0.647112
0.557529
0.412873
0.879579
0.294609
0.468355
0.729947
0.201568
0.921302
0.849042
0.675682
0.316199
0.0650633
0.450152
0.0587621
0.521639
0.389063
0.98187
0.285984
0.205099
0.221729
0.61
0.948653
0.675233
0.134705
0.063446
0.688325
0.466542
0.185654
0.286411
0.347911
0.301443
0.813048
0.776537
0.921428
0.65371
0.951602
0.765724
0.215202
0.00544111
0.808289
0.256594
0.384013
0.00885098
0.124372
0.876387
0.472782
0.902638
0.529558
0.522334
0.0494711
0.708193
0.807291
0.0375491
0.135526
0.429694
0.228732
0.582517
0.510538
0.159333
0.426696
0.0812546
0.577973
0.568334
0.0756729
0.968892
0.225377
0.63864
0.582042
0.513197
0.298091
0.0204724
0.388156
0.00966916
0.6392
0.417541
0.829689
0.160231
0.245468
0.703239
0.888392
0.659883
0.4708
0.825369
0.939211
0.373514
0.803077
0.200078
0.645131
0.144446
0.381088
0.432815
0.604494
0.114379
0.845786
0.509167
0.959955
0.0466309
0.48098
0.713806
0.847711
0.345711
0.945255
0.572982
0.868473
0.789197
0.688699
0.155019
0.422625
0.18484
0.749838
0.652905
0.151748
0.707319
0.811796
0.831005
0.404551
0.244627
0.839603
0.630372
0.790384
0.101918
0.40694
0.949274
0.847637
0.497666
0.94057
0.771103
0.643324
0.788975
0.960736
0.793506
0.896016
0.844182
0.278736
0.381568
0.795507
0.724825
0.737588
0.854358
0.053711
0.347449
0.0634549
0.116895
0.493137
0.289421
0.755854
0.736212
0.449057
0.821226
0.611219
0.467016
0.872463
0.748978
0.781256
0.664482
0.872742
0.11193
0.454876
0.152932
0.787516
0.296376
0.966773
0.091976
0.124459
0.0139573
0.929797
0.807532
0.95442
0.882159
0.820947
0.0141061
0.771474
0.289777
0.18749
0.395512
0.354468
0.8009
0.551795
0.151575
0.803337
0.737109
0.358649
0.344486
0.375262
0.687182
0.511236
0.145504
0.860251
0.653724
0.671614
0.31449
0.51886
0.202368
0.455179
0.333781
0.718537
0.396081
0.728681
0.925622
0.667925
0.257821
0.637165
0.538751
0.534951
0.0112461
0.85171
0.593676
0.875547
0.122154
0.368664
0.595189
0.982488
0.142212
0.429955
0.891188
0.431456
0.199559
0.606898
0.0838232
0.853657
0.564973
0.537016
0.556377
0.557003
0.643229
0.371268
0.909513
0.963084
0.811377
0.730306
0.415079
0.49336
0.282317
0.342198
0.974503
0.249636
0.365017
0.905409
0.0608031
0.972025
0.592839
0.861466
0.246019
0.85915
0.888094
0.349197
0.155666
0.0938019
0.632386
0.730803
0.00377266
0.682178
0.84541
0.719532
0.669997
0.492068
0.985466
0.695778
0.976802
0.327048
0.737338
0.575899
0.271008
0.318213
0.830718
0.304749
0.440383
0.82687
0.936833
0.294276
0.400998
0.0617733
0.243256
0.94784
0.142571
0.510005
0.846235
0.721036
0.353129
0.504881
0.784778
0.308707
0.166286
0.406858
0.747828
0.754665
0.857907
0.210254
0.311098
0.202023
0.506649
0.321705
0.317833
0.190568
0.336053
0.854076
0.741153
0.8224
0.254626
0.266662
0.306678
0.623202
0.053559
0.439702
0.283546
0.795663
0.826871
0.335714
0.359144
0.971277
0.932277
0.965272
0.306083
0.101157
0.667957
0.290113
0.356143
0.275752
0.724476
0.467872
0.660765
0.92396
0.275056
0.132314
0.00562089
0.816809
0.652383
0.529042
0.841119
0.798671
0.256402
0.763957
0.693245
0.305018
0.443797
0.301014
0.850701
0.0216048
0.433761
0.454282
0.824288
0.923343
0.962452
0.900167
0.101096
0.236021
0.735411
0.288713
0.0462728
0.330667
0.336864
0.613814
0.0346416
0.335213
0.799982
0.0232059
0.837683
0.38395
0.634
0.77854
0.481593
0.381023
0.822838
0.838328
0.981221
0.295179
0.704165
0.412898
0.013383
0.100606
0.225507
0.367873
0.410823
0.210691
0.841094
0.72442
0.743087
0.701963
0.214989
0.0701979
0.829822
0.784475
0.356304
0.460471
0.151162
0.239023
0.223603
0.516313
0.343364
0.213538
0.0593512
0.734598
0.57897
0.559794
0.581365
0.48712
0.131382
0.412383
0.965701
0.434654
0.0345615
0.986306
0.571717
0.903052
0.909147
0.525161
0.321511
0.606039
0.894636
0.302839
0.257749
0.552735
0.580589
0.808018
0.239702
0.303072
0.963565
0.369141
0.139891
0.343133
0.0853258
0.0606567
0.884255
0.313559
0.164803
0.728075
0.817369
0.362022
0.973499
0.245121
0.219784
0.886266
0.891958
0.942399
0.374572
0.424475
0.713253
0.701271
0.860969
0.12811
0.736281
0.0730537
0.199773
0.968413
0.143874
0.452436
0.511551
0.0874799
0.934246
0.701654
0.367499
0.170131
0.833317
0.491187
0.875143
0.702219
0.443357
0.202526
0.577158
0.969079
0.382061
0.644173
0.750201
0.765402
0.0563045
0.584932
0.939372
0.322004
0.935913
0.636438
0.289079
0.849161
0.402986
0.153832
0.637789
0.449969
0.32861
0.309632
0.106154
0.726405
0.0669185
0.477755
0.667964
0.0975824
0.37075
0.595002
0.0626104
0.242413
0.356984
0.70512
0.46624
0.892141
0.834804
0.80104
0.135529
0.812858
0.527419
0.135544
0.290393
0.771269
0.656655
0.0471487
0.796511
0.761964
0.428408
0.130445
0.700109
0.140964
0.7823
0.25867
0.780158
0.564073
0.696598
0.937444
0.409218
0.931848
0.934093
0.035099
0.0152825
0.714035
0.659299
0.805836
0.142918
0.0397523
0.354061
0.912306
0.821824
0.426437
0.128087
0.885631
0.932057
0.767666
0.302564
0.0610557
0.244014
0.650775
0.196993
0.830363
0.512874
0.829383
0.748769
0.298109
0.595407
0.989317
0.0373901
0.764167
0.174416
0.23109
0.285078
0.432672
0.933991
0.0164946
0.496175
0.326286
0.507187
0.915475
0.830913
0.42995
0.265633
0.223264
0.0557581
0.871461
0.0554109
0.43379
0.161896
0.645021
0.791749
0.347005
0.403868
0.58235
0.861616
0.104679
0.708725
0.464279
0.472103
0.197119
0.488091
0.2404
0.316073
0.124428
0.415714
0.0881207
0.566262
0.248612
0.494548
0.704272
0.584956
0.911651
0.732167
0.897582
0.647304
0.250544
0.692056
0.76022
0.189924
0.600304
0.0304954
0.869091
0.848936
0.883341
0.52256
0.936499
0.0481277
0.0382582
0.903142
0.835494
0.812276
0.0985788
0.695607
0.114162
0.455513
0.904524
0.886118
0.037993
0.941123
0.186951
0.35904
0.319292
0.107575
0.626602
0.190133
0.37263
0.154624
0.844751
0.6701
0.946998
0.300593
0.660253
0.991037
0.0064138
0.343811
0.546293
0.280517
0.845197
0.942651
0.387393
0.739442
0.622197
0.193576
0.379327
0.37618
0.176467
0.927636
0.393615
0.795156
0.447871
0.924212
0.162589
0.976386
0.778973
0.786677
0.205266
0.475223
0.43445
0.836755
0.139257
0.199641
0.862708
0.330363
0.696806
0.325071
0.469086
0.313898
0.827182
0.142445
0.305032
0.231372
0.322581
0.0805003
0.34305
0.133369
0.706372
0.89443
0.54972
0.170991
0.0829754
0.383903
0.341193
0.593209
0.336325
0.0276765
0.166453
0.28433
0.703276
0.851354
0.77839
0.0284943
0.220404
0.650004
0.49295
0.18786
0.884444
0.557884
0.579949
0.816592
0.27157
0.801461
0.459641
0.859233
0.67834
0.416459
0.0869556
0.92315
0.0833856
0.600205
0.687039
0.0631642
0.04582
0.2719
0.664007
0.433574
0.372322
0.108419
0.248687
0.878503
0.474464
0.814173
0.395774
0.34484
0.932
0.390854
0.107806
0.180432
0.163576
0.636171
0.18031
0.160055
0.227119
0.678054
0.163488
0.668054
0.727434
0.919352
0.861019
0.533266
0.354426
0.923251
0.0825271
0.201481
0.623646
0.326245
0.685672
0.354599
0.510194
0.356402
0.645702
0.823851
0.58182
0.712087
0.339838
0.245874
0.328268
0.890761
0.202575
0.892509
0.188607
0.238525
0.07361
0.454425
0.489896
0.426858
0.00658493
0.229966
0.478546
0.380546
0.0244491
0.587953
0.856101
0.225685
0.692474
0.129019
0.88601
0.163476
0.735487
0.525773
0.0355211
0.587378
0.960785
0.407796
0.231873
0.75011
0.0775951
0.171948
0.775224
0.0735886
0.649445
0.509271
0.549424
0.218733
0.305025
0.483338
0.849113
0.451241
0.800148
0.876162
0.497383
0.030991
0.80839
0.410686
0.218162
0.41229
0.0674944
0.505932
0.863743
0.28428
0.275264
0.0334597
0.148812
0.938557
0.871604
0.701941
0.232516
0.376519
0.427642
0.2492
0.70049
0.932688
0.0601061
0.585631
0.266338
0.181887
0.277007
0.895757
0.530297
0.425708
0.523191
0.920955
0.251218
0.244284
0.921701
0.13984
0.312541
0.298615
0.195612
0.226089
0.555603
0.841009
0.307837
0.357887
0.232894
0.0199127
0.182278
0.00877772
0.474273
0.052325
0.0839019
0.565361
0.991553
0.40291
0.359293
0.260528
0.558454
0.193307
0.700756
0.718125
0.53691
0.826105
0.730059
0.0811527
0.976873
0.122546
0.242663
0.914663
0.350828
0.736892
0.0562716
0.479027
0.708366
0.0380103
0.121505
0.67045
0.51875
0.573301
0.836371
0.00372201
0.434993
0.403556
0.725302
0.0158922
0.0424551
0.490425
0.569272
0.916535
0.885477
0.620278
0.383641
0.186818
0.890396
0.467654
0.418898
0.0907376
0.0721345
0.96511
0.59663
0.131565
0.130174
0.499763
0.885293
0.75721
0.370354
0.164769
0.370419
0.951322
0.149786
0.63939
0.890833
0.572452
0.707991
0.756351
0.711393
0.720427
0.448922
0.660358
0.805266
0.284779
0.26296
0.106596
0.85255
0.900916
0.768675
0.0507841
0.361056
0.51087
0.0106136
0.620024
0.619614
0.770714
0.427646
0.921823
0.150763
0.80861
0.2184
0.261859
0.490898
0.927389
0.644537
0.232406
0.450877
0.343561
0.553621
0.054869
0.363906
0.00952252
0.351931
0.482235
0.481809
0.995172
0.850992
0.679933
0.813175
0.295291
0.543062
0.714782
0.891436
0.735196
0.780036
0.718363
0.707813
0.792952
0.543009
0.298969
0.239865
0.534589
0.65825
0.419715
0.453693
0.830482
0.757818
0.522688
0.565788
0.916527
0.474289
0.16201
0.834244
0.981733
0.429716
0.533242
0.730048
0.571954
0.816313
0.992005
0.445247
0.434
0.713638
0.599255
0.15977
0.190468
0.843974
0.791358
0.053065
0.607013
0.98995
0.0455681
0.856644
0.833106
0.698405
0.71021
0.852178
0.975934
0.7403
0.527058
0.0856773
0.784988
0.812901
0.542944
0.556908
0.630987
0.538207
0.559297
0.0259771
0.874553
0.467877
0.691563
0.533692
0.123991
0.743047
0.413408
0.842844
0.732484
0.627016
0.270333
0.764254
0.607067
0.335738
0.609437
0.130708
0.387226
0.597397
0.751045
0.326485
0.161441
0.996532
0.307
0.479167
0.955338
0.374752
0.331462
0.288871
0.544279
0.999912
0.893936
0.0296068
0.983753
0.665849
0.930189
0.435742
0.349129
0.788733
0.0131287
0.31765
0.237332
0.523371
0.369457
0.0746435
0.780563
0.189325
0.144628
0.436875
0.398945
0.284507
0.902959
0.323577
0.886244
0.141402
0.674653
0.612018
0.260624
0.0728524
0.779127
0.734881
0.169679
0.541234
0.135006
0.635077
0.533174
0.504039
0.000903327
0.883967
0.0245271
0.333624
0.985887
0.295483
0.387951
0.428912
0.851307
0.635149
0.386393
0.337876
0.942037
0.925744
0.268333
0.553914
0.0997403
0.193252
0.390614
0.455028
0.406621
0.486695
0.369769
0.596685
0.0872494
0.7587
0.654644
0.878223
0.0791787
0.231705
0.486071
0.265768
0.109596
0.625255
0.0711917
0.715236
0.243448
0.916973
0.656002
0.796659
0.675246
0.893553
0.703366
0.0317489
0.617815
0.765219
0.21798
0.0322887
0.31106
0.620092
0.515659
0.73609
0.965589
0.942859
0.492096
0.104409
0.621669
0.180292
0.254658
0.950768
0.914268
0.175966
0.357436
0.653187
0.279255
0.895728
0.810983
0.553233
0.622399
0.308053
0.479056
0.215695
0.528614
0.55965
0.848996
0.4179
0.059599
0.0929554
0.862761
0.91982
0.638111
0.391346
0.383433
0.553604
0.729754
0.318815
0.777172
0.938496
0.510347
0.15893
0.312164
0.805231
0.669368
0.47442
0.88142
0.290016
0.38702
0.731591
0.681883
0.0754091
0.492484
0.596867
0.633091
0.513524
0.240723
0.156336
0.668597
0.121735
0.130551
0.679756
0.724912
0.50468
0.0420684
0.500749
0.897368
0.897127
0.730069
0.0738816
0.409962
0.364805
0.623777
0.162263
0.805826
0.125508
0.922797
0.67757
0.124066
0.497729
0.334038
0.115924
0.273583
0.342119
0.372755
0.39161
0.8003
0.381863
0.0796759
0.656631
0.694701
0.977392
0.131211
0.303899
0.694416
0.450927
0.705348
0.588282
0.0630118
0.225401
0.895301
0.371705
0.401293
0.335093
0.938205
0.521298
0.470097
0.412536
0.767859
0.984659
0.0413501
0.345179
0.348142
0.961409
0.683376
0.36914
0.555533
0.719317
0.332213
0.525872
0.931994
0.20664
0.176776
0.906468
0.0191645
0.8364
0.434709
0.859847
0.0256941
0.715868
0.129081
0.913438
0.804895
0.624511
0.0736345
0.272968
0.281659
0.571338
0.485096
0.812236
0.0364126
0.559405
0.482542
0.971654
0.419333
0.928993
0.192367
0.148973
0.738186
0.425577
0.208137
0.336826
0.365051
0.934455
0.181265
0.945178
0.386516
0.0372218
0.733687
0.10473
0.243065
0.479003
0.548826
0.0980394
0.949662
0.998292
0.24219
0.883272
0.462798
0.378846
0.736804
0.591891
0.780259
0.0566729
0.638872
0.183375
0.868081
0.0824889
0.261995
0.570582
0.662713
0.0351913
0.188898
0.0882175
0.57233
0.844985
0.761936
0.419951
0.195186
0.0624113
0.800033
0.439086
0.699343
0.45433
0.761704
0.921751
0.500266
0.878929
0.0913001
0.984909
0.782569
0.0542496
0.647566
0.264961
0.0103368
0.360086
0.937514
0.323429
0.0464326
0.37912
0.850863
0.23757
0.763145
0.0737661
0.165905
0.655302
0.201483
0.800739
0.200544
0.27147
0.270008
0.682179
0.504861
0.378298
0.730848
0.983145
0.795377
0.175261
0.583534
0.299264
0.746159
0.367107
0.928674
0.650686
0.576912
0.364343
0.693729
0.530573
0.380879
0.415143
0.171938
0.995993
0.051887
0.184794
0.820761
0.850247
0.70552
0.758079
0.0652088
0.588527
0.317802
0.52714
0.549647
0.209916
0.568657
0.854712
0.193667
0.290843
0.688006
0.338232
0.0665734
0.327089
0.539842
0.669114
0.252857
0.648681
0.792687
0.864057
0.00849048
0.96585
0.331224
0.578888
0.294384
0.492512
0.0497545
0.493415
0.627104
0.700388
0.788743
0.727707
0.734944
0.0721188
0.85467
0.922004
0.0953274
0.142147
0.693551
0.146164
0.621799
0.942303
0.730871
0.01857
0.848703
0.414093
0.97565
0.283341
0.430996
0.026767
0.0124923
0.249378
0.856276
0.770846
0.740568
0.722333
0.395344
0.808734
0.398694
0.804386
0.65483
0.691154
0.746212
0.796365
0.0173626
0.430824
0.923955
0.668088
0.857374
0.509421
0.640887
0.577949
0.0181086
0.633205
0.531295
0.790133
0.661198
0.705733
0.384761
0.281932
0.506013
0.918037
0.515441
0.235404
0.63279
0.339063
0.825927
0.504122
0.620539
0.0996567
0.620558
0.730379
0.736347
0.786071
0.388512
0.910542
0.313689
0.484017
0.53222
0.372186
0.199562
0.938139
0.254115
0.998217
0.27809
0.317295
0.895886
0.428874
0.374844
0.312046
0.279196
0.366778
0.313594
0.852638
0.824228
0.134057
0.256049
0.144872
0.18986
0.571
0.645009
0.405443
0.123223
0.166151
0.750286
0.471504
0.331797
0.0677688
0.861825
0.101601
0.172009
0.102084
0.181288
0.423325
0.426988
0.0268207
0.24645
0.669573
0.534087
0.547427
0.815308
0.539405
0.400099
0.842967
0.290717
0.586203
0.957507
0.869528
0.452446
0.746746
0.386319
0.0683697
0.1711
0.157591
0.439291
0.497342
0.31577
0.843877
0.518723
0.176787
0.861293
0.700404
0.484387
0.601224
0.597542
0.812323
0.0170781
0.077589
0.406501
0.885432
0.582044
0.628123
0.0863178
0.083201
0.461329
0.615672
0.667007
0.514217
0.252588
0.642157
0.300641
0.00143576
0.931826
0.42429
0.559264
0.521031
0.785119
0.707714
0.494504
0.15783
0.9347
0.441155
0.480979
0.826518
0.991782
0.651796
0.776701
0.999442
0.704601
0.154043
0.20236
0.815726
0.94678
0.454451
0.400656
0.181471
0.588361
0.210472
0.0388835
0.672319
0.758437
0.240745
0.0332565
0.489079
0.761951
0.406908
0.591666
0.572167
0.940146
0.384831
0.500676
0.835315
0.51945
0.266291
0.749706
0.823569
0.901155
0.586278
0.136134
0.831534
0.796555
0.41855
0.993972
0.43778
0.470687
0.940951
0.418968
0.729462
0.452506
0.817119
0.326536
0.322552
0.198999
0.0033149
0.0963836
0.149247
0.133107
0.455332
0.368612
0.312856
0.44654
0.624168
0.418667
0.935623
0.273878
0.689953
0.329602
0.586934
0.977467
0.947408
0.495612
0.72451
0.976169
0.534913
0.644936
0.662332
0.916326
0.361548
0.0963757
0.35513
0.100435
0.356734
0.113708
0.125536
0.506825
0.426298
0.466908
0.127928
0.969657
0.283942
0.337781
0.520317
0.12916
0.831665
0.928576
0.0863578
0.56226
0.336161
0.172295
0.403883
0.487469
0.296595
0.148542
0.990794
0.99767
0.784398
0.74315
0.476424
0.771544
0.976318
0.0369155
0.455578
0.479026
0.572446
0.370286
0.898592
0.927017
0.422165
0.227641
0.835453
0.656334
0.760133
0.456275
0.432988
0.935823
0.424716
0.0395586
0.875342
0.609737
0.892547
0.0579133
0.879672
0.213803
0.170765
0.691004
0.877711
0.326356
0.955199
0.45426
0.422213
0.8749
0.056703
0.355777
0.194432
0.655514
0.143466
0.557716
0.95979
0.691481
0.225497
0.400269
0.215351
0.275972
0.0555002
0.485479
0.272316
0.0978893
0.431592
0.830978
0.703459
0.195129
0.111155
0.0168957
0.949563
0.539408
0.18765
0.608603
0.316822
0.723983
0.00534495
0.00793329
0.411738
0.861405
0.309148
0.0493594
0.460155
0.732958
0.822602
0.117214
0.0579485
0.263498
0.947482
0.0361103
0.224154
0.292552
0.0704618
0.418737
0.600479
0.611159
0.98931
0.201365
0.0984365
0.539055
0.332666
0.634623
0.976787
0.602249
0.299509
0.62114
0.384183
0.779469
0.499033
0.816935
0.877611
0.428574
0.69719
0.873144
0.785294
0.461021
0.597203
0.340808
0.888561
0.152602
0.778864
0.564689
0.522121
0.679556
0.132317
0.0418329
0.514054
0.0370793
0.73993
0.625193
0.489566
0.387369
0.534071
0.238853
0.936441
0.520353
0.195288
0.785083
0.471555
0.384905
0.816414
0.229021
0.25965
0.422792
0.661972
0.72737
0.226672
0.542059
0.873552
0.625177
0.195664
0.299773
0.841318
0.400118
0.374922
0.49364
0.966744
0.626294
0.67362
0.624266
0.125296
0.917468
0.443357
0.289906
0.899774
0.969974
0.685327
0.687155
0.851222
0.353863
0.168539
0.156882
0.1368
0.911641
0.827453
0.74599
0.741206
0.550534
0.206512
0.632527
0.684685
0.108309
0.459643
0.0329441
0.687269
0.805295
0.766237
0.893614
0.942732
0.755499
0.169296
0.750337
0.58021
0.00612536
0.360136
0.0745442
0.916138
0.734071
0.317726
0.137164
0.229866
0.395973
0.855661
0.803128
0.195325
0.869458
0.838904
0.0826347
0.586565
0.720689
0.3145
0.0396957
0.92166
0.688976
0.170974
0.592817
0.448147
0.0139152
0.721312
0.604737
0.590952
0.283602
0.222216
0.684059
0.624049
0.712244
0.631574
0.516577
0.989463
0.0387968
0.607105
0.981934
0.12757
0.170889
0.00838157
0.434457
0.813029
0.0946762
0.034618
0.447031
0.379517
0.96457
0.0707837
0.113677
0.588252
0.429012
0.689907
0.228993
0.631076
0.610288
0.84144
0.828322
0.395572
0.427267
0.721949
0.667804
0.850814
0.538072
0.259156
0.203398
0.587407
0.712064
0.533773
0.916352
0.170389
0.26279
0.212055
0.822038