0.430031
0.481122
0.360287
0.55484
0.443371
0.410921
0.395008
0.484885
0.56293
0.478913
0.446679
0.503236
0.492284
0.385795
0.458925
0.674802
0.464574
0.463255
0.519872
0.366317
0.373617
0.444965
0.476238
0.493334
0.514069
0.43095
0.509156
0.540309
0.586179
0.678408
0.487025
0.518516
0.508966
0.534096
0.536484
0.546019
0.548913
0.380425
0.473385
0.52851
0.409574
0.499439
0.511394
0.489312
0.440752
0.465886
0.516687
0.541402
0.414197
0.362615
0.602924
0.513826
0.676067
0.468565
0.561508
0.539424
0.724639
0.30166
0.597914
0.480294
0.575086
0.60592
0.495629
0.511975
0.561375
0.354166
0.555053
0.606852
0.488655
0.394711
0.45548
0.551811
0.387755
0.402449
0.364054
0.604714
0.436727
0.501821
0.666393
0.338791
0.402614
0.511115
0.619332
0.343577
0.719939
0.514653
0.327046
0.445544
0.560665
0.501385
0.417561
0.58114
0.463667
0.515488
0.547476
0.399429
0.580054
0.446577
0.488479
0.49111
0.453921
0.344171
0.650021
0.33518
0.596443
0.373091
0.668319
0.324069
0.424461
0.533497
0.542587
0.472589
0.623007
0.351294
0.425251
0.635575
0.454515
0.601687
0.4736
0.453623
0.475707
0.460673
0.346188
0.515878
0.53646
0.58631
0.478019
0.573329
0.423226
0.413624
0.394357
0.55562
0.472851
0.604041
0.423798
0.63892
0.52094
0.522272
0.346983
0.481896
0.662176
0.420618
0.568152
0.491411
0.488293
0.492664
0.32249
0.599054
0.532695
0.51539
0.53302
0.424174
0.488956
0.530751
0.406566
0.468602
0.383767
0.424805
0.509088
0.532791
0.473145
0.444494
0.586488
0.562607
0.494002
0.64924
0.49775
0.530588
0.441473
0.426501
0.503069
0.424949
0.455653
0.407532
0.400394
0.564212
0.48971
0.401549
0.529613
0.474817
0.494589
0.423591
0.464362
0.563633
0.393824
0.623374
0.487241
0.486811
0.435249
0.42946
0.494989
0.560944
0.494682
0.40511
0.605969
0.582038
0.569935
0.469218
0.543067
0.412338
0.641786
0.567738
0.740919
0.464559
0.49183
0.488079
0.37714
0.357631
0.455412
0.590931
0.353026
0.43758
0.551109
0.391071
0.549973
0.651708
0.566537
0.450665
0.563626
0.333755
0.493519
0.455677
0.568595
0.402273
0.593925
0.327976
0.59229
0.593966
0.540813
0.482799
0.577278
0.548266
0.617737
0.473232
0.487292
0.428979
0.672395
0.47043
0.562832
0.713333
0.509065
0.610296
0.658076
0.59832
0.467565
0.294406
0.591586
0.46872
0.474733
0.36496
0.419098
0.540776
0.567736
0.480612
0.58744
0.439963
0.476766
0.50202
0.454426
0.390875
0.517993
0.453022
0.560347
0.491754
0.585891
0.455367
0.612455
0.515728
0.447377
0.641937
0.49462
0.525358
0.428441
0.535475
0.340139
0.606612
0.447261
0.43681
0.60642
0.422946
0.586051
0.498652
0.46609
0.459656
0.607199
0.568022
0.279814
0.473239
0.707503
0.462436
0.441931
0.48002
0.56762
0.501988
0.390767
0.612811
0.39211
0.551505
0.451278
0.543936
0.548742
0.533973
0.528456
0.517456
0.604008
0.458488
0.49572
0.55298
0.415083
0.362982
0.623266
0.577966
0.376727
0.604035
0.467182
0.514957
0.634941
0.433106
0.590854
0.494716
0.467425
0.680531
0.416033
0.585776
0.494222
0.425702
0.601653
0.225422
0.620153
0.463832
0.524327
0.506685
0.423987
0.486776
0.285188
0.52044
0.297528
0.57739
0.493543
0.671234
0.601097
0.373944
0.378586
0.480002
0.640188
0.493147
0.456199
0.456367
0.38132
0.607351
0.428642
0.467739
0.513413
0.453568
0.320725
0.351979
0.424301
0.408917
0.456836
0.414885
0.500264
0.399199
0.45896
0.623352
0.569734
0.514293
0.396653
0.549523
0.600646
0.386111
0.545645
0.54082
0.524141
0.441891
0.612602
0.585267
0.495646
0.577612
0.559303
0.511042
0.417619
0.503375
0.510293
0.503727
0.536529
0.694607
0.453863
0.244267
0.389931
0.639978
0.446955
0.46516
0.517769
0.508968
0.510417
0.491959
0.665321
0.469023
0.45177
0.581666
0.493491
0.464303
0.478472
0.489158
0.675421
0.62503
0.465397
0.387304
0.59669
0.40849
0.416087
0.535951
0.489632
0.479772
0.408055
0.539516
0.620612
0.422352
0.538254
0.552429
0.612347
0.425666
0.485556
0.386212
0.421669
0.428853
0.282915
0.641509
0.506399
0.506863
0.642637
0.432917
0.503262
0.367182
0.403968
0.39399
0.402102
0.482425
0.473
0.644334
0.63988
0.516112
0.500667
0.37022
0.551263
0.405952
0.395399
0.614705
0.500871
0.450993
0.492756
0.492746
0.485541
0.606041
0.405178
0.741351
0.633235
0.418766
0.350744
0.584335
0.438523
0.45195
0.510621
0.435761
0.462825
0.515373
0.590676
0.685722
0.590902
0.388844
0.463486
0.606595
0.473344
0.749932
0.542779
0.387473
0.498119
0.426989
0.493111
0.548998
0.522481
0.38005
0.603366
0.410334
0.359857
0.469286
0.553455
0.474583
0.454597
0.502661
0.47936
0.568441
0.590749
0.561505
0.592454
0.516459
0.46931
0.584753
0.634824
0.549767
0.551687
0.449597
0.453069
0.343691
0.505367
0.518365
0.548872
0.548181
0.501102
0.528461
0.415392
0.61955
0.499171
0.484217
0.494319
0.381491
0.425582
0.566552
0.489203
0.437943
0.377344
0.508376
0.446475
0.629847
0.409224
0.490677
0.566327
0.472393
0.442698
0.496295
0.531424
0.428891
0.701066
0.515384
0.442192
0.471931
0.412989
0.428632
0.523197
0.452001
0.440003
0.701299
0.615946
0.338306
0.471824
0.503207
0.699178
0.516035
0.396544
0.4268
0.378517
0.318852
0.491115
0.407478
0.463156
0.544934
0.490783
0.457387
0.49798
0.44941
0.384421
0.40591
0.445365
0.625554
0.545981
0.397139
0.611624
0.581677
0.450594
0.526606
0.488907
0.49012
0.6371
0.506625
0.534076
0.529352
0.467069
0.531592
0.531928
0.559656
0.593699
0.571645
0.390864
0.467447
0.59219
0.455107
0.394915
0.582784
0.516542
0.407169
0.586802
0.519166
0.435951
0.494294
0.282502
0.604257
0.567303
0.68087
0.518556
0.364685
0.458511
0.436655
0.609149
0.597603
0.490743
0.540599
0.540777
0.70625
0.655871
0.508651
0.558073
0.49625
0.428731
0.4302
0.495178
0.523938
0.492091
0.529817
0.582806
0.557527
0.485489
0.578019
0.41192
0.45647
0.337398
0.456769
0.460759
0.493883
0.603428
0.442506
0.492687
0.441448
0.371598
0.501483
0.508156
0.505731
0.408958
0.599262
0.584831
0.44939
0.512131
0.408212
0.565725
0.550272
0.487644
0.553921
0.455953
0.44594
0.526166
0.373424
0.464515
0.580684
0.448081
0.365235
0.478294
0.516626
0.386099
0.493129
0.381213
0.49004
0.533865
0.36274
0.432327
0.488542
0.527845
0.621977
0.492342
0.494349
0.543033
0.443379
0.438901
0.683328
0.471275
0.528495
0.536703
0.589073
0.614354
0.431449
0.529333
0.435825
0.462191
0.430848
0.595457
0.513509
0.639838
0.58626
0.46281
0.312779
0.595218
0.597482
0.399195
0.45741
0.562835
0.641872
0.500483
0.56597
0.476963
0.397049
0.471394
0.44421
0.421114
0.563284
0.645621
0.554132
0.588847
0.481956
0.317621
0.525248
0.594284
0.503454
0.559214
0.568061
0.608961
0.589953
0.569867
0.419338
0.614932
0.645531
0.560377
0.593258
0.652332
0.448095
0.495379
0.432085
0.502862
0.414655
0.520957
0.444503
0.488977
0.46348
0.37937
0.289314
0.481802
0.343724
0.563695
0.806728
0.49911
0.585133
0.590988
0.618976
0.437959
0.377481
0.473329
0.41656
0.624881
0.521399
0.541897
0.615924
0.679788
0.499315
0.630016
0.418918
0.578032
0.697234
0.546877
0.52392
0.458369
0.465134
0.574441
0.433027
0.362823
0.435765
0.495789
0.569257
0.607743
0.5287
0.413987
0.562237
0.57363
0.448486
0.546294
0.480368
0.464596
0.54279
0.479348
0.582017
0.426566
0.518477
0.446706
0.427789
0.426671
0.520559
0.440958
0.340486
0.584512
0.461016
0.498337
0.418866
0.509269
0.541496
0.394606
0.505883
0.534939
0.445956
0.266725
0.681572
0.65922
0.486316
0.425616
0.595328
0.579878
0.466243
0.451114
0.371808
0.385702
0.585201
0.560968
0.719256
0.497426
0.536957
0.621557
0.538564
0.567285
0.463732
0.518734
0.475903
0.534165
0.509243
0.433029
0.481324
0.594561
0.570907
0.464198
0.430215
0.587861
0.383503
0.525901
0.634073
0.507753
0.573616
0.582051
0.611553
0.439817
0.606245
0.42219
0.510295
0.588667
0.501942
0.474011
0.464576
0.596268
0.534935
0.526909
0.443333
0.666362
0.629667
0.491272
0.287672
0.598176
0.555252
0.643944
0.456482
0.495921
0.574363
0.511135
0.493311
0.458814
0.435103
0.515787
0.5972
0.569688
0.501434
0.367201
0.624695
0.488502
0.499786
0.396535
0.369793
0.620354
0.416485
0.74251
0.46309
0.565887
0.512669
0.567512
0.500976
0.475259
0.430407
0.534989
0.560195
0.515116
0.645758
0.604888
0.472662
0.621299
0.581528
0.504595
0.629947
0.548307
0.52454
0.408684
0.45636
0.539792
0.499232
0.511515
0.534115
0.532669
0.431461
0.502521
0.483567
0.570697
0.493397
0.454813
0.396073
0.441656
0.452428
0.513497
0.386516
0.665553
0.454047
0.520886
0.377121
0.549535
0.650695
0.441574
0.443661
0.588513
0.64558
0.551114
0.449731
0.528731
0.652529
0.42783
0.564275
0.624847
0.679949
0.538068
0.502087
0.509331
0.529007
0.430973
0.446534
0.556293
0.353178
0.459667
0.508302
0.360126
0.658335
0.421476
0.443459
0.562629
0.62958
0.560639
0.59869
0.550557
0.453064
0.502714
0.571098
0.408837
0.458055
0.590677
0.564448
0.452943
0.636563
0.468484
0.593323
0.577243
0.504843
0.508662
0.43115
0.444371
0.453147
0.506268
0.517601
0.603997
0.587111
0.36232
0.435405
0.467616
0.396212
0.455631
0.436138
0.57928
0.591739
0.552695
0.539075
0.510473
0.738771
0.731118
0.446756
0.570602
0.463689
0.392815
0.315402
0.56287
0.450751
0.519023
0.58788
0.528572
0.648332
0.469914
0.641448
0.411135
0.387434
0.357419
0.322011
0.534512
0.472098
0.520608
0.631199
0.528805
0.43342
0.608809
0.602061
0.349298
0.645839
0.528368
0.443726
0.523335
0.486478
0.534781
0.554926
0.522787
0.375265
0.552695
0.50076
0.298097
0.465667
0.682037
0.416669
0.423224
0.562842
0.599355
0.548074
0.48903
0.528095
0.489179
0.553688
0.445989
0.585512
0.441054
0.595037
0.535332
0.578704
0.423617
0.504249
0.561066
0.532626
0.397927
0.666715
0.543549
0.557439
0.457984
0.374749
0.458609
0.388454
0.487216
0.502896
0.604461
0.488191
0.395423
0.425097
0.451976
0.343647
0.451517
0.438414
0.522111
0.373876
0.653128
0.47758
0.497614
0.420032
0.574956
0.399151
0.414382
0.422041
0.413513
0.583585
0.491156
0.593116
0.496693
0.448079
0.54447
0.385351
0.452383
0.482563
0.499123
0.596659
0.631104
0.315736
0.442647
0.601354
0.453476
0.287606
0.585591
0.593716
0.404035
0.449492
0.477681
0.415884
0.518771
0.432
0.393206
0.498497
0.514489
0.415995
0.537288
0.474477
0.483903
0.711152
0.537918
0.433439
0.531136
0.591163
0.676995
0.466191
0.448101
0.454246
0.476812
0.505859
0.333002
0.5721
0.49678
0.304182
0.527985
0.46001
0.608408
0.588554
0.603734
0.445311
0.604878
0.627429
0.544626
0.330974
0.564812
0.588738
0.48879
0.645592
0.628116
0.507977
0.453232
0.440584
0.455079
0.489688
0.624961
0.539966
0.728156
0.548066
0.524828
0.467557
0.319181
0.449455
0.751567
0.471047
0.683019
0.551537
0.489324
0.431845
0.551937
0.441048
0.512725
0.494199
0.593278
0.553874
0.549326
0.466582
0.556294
0.718434
0.560058
0.442872
0.472267
0.495263
0.474079
0.460403
0.485332
0.692754
0.365209
0.45648
0.479715
0.621052
0.482911
0.404483
0.632353
0.603109
0.551561
0.405217
0.358153
0.493964
0.527551
0.378706
0.528452
0.566309
0.354502
0.546153
0.331479
0.50247
0.582705
0.411304
0.506932
0.589946
0.519643
0.445021
0.425064
0.549664
0.454251
0.446365
0.393931
0.433179
0.448348
0.498041
0.66676
0.60704
0.514446
0.553581
0.284658
0.499594
0.599949
0.488176
0.42819
0.417534
0.473496
0.214598
0.564588
0.546517
0.560029
0.41018
0.465702
0.432209
0.596896
0.520359
0.535009
0.395164
0.484145
0.398822
0.52035
0.264953
0.577878
0.513807
0.702288
0.525993
0.426364
0.594666
0.436292
0.54958
0.274376
0.512322
0.490234
0.443631
0.461986
0.481761
0.556955
0.483686
0.61986
0.644274
0.63493
0.395764
0.513839
0.331643
0.35838
0.543659
0.517424
0.334056
0.621411
0.530354
0.391504
0.588001
0.479081
0.555196
0.526501
0.469985
0.421561
0.47556
0.25286
0.6264
0.405824
0.403723
0.551581
0.389435
0.392614
0.526737
0.29732
0.423422
0.374683
0.369074
0.442302
0.31558
0.39561
0.424898
0.500128
0.569606
0.546756
0.568816
0.414299
0.580131
0.493217
0.610997
0.497093
0.560568
0.617919
0.394595
0.500175
0.366423
0.486254
0.540422
0.429146
0.500661
0.321977
0.625867
0.439975
0.507251
0.448321
0.442069
0.556077
0.653565
0.48661
0.405405
0.520541
0.471803
0.4179
0.306366
0.548844
0.574175
0.501473
0.36094
0.473111
0.276095
0.507297
0.486634
0.669816
0.456162
0.457823
0.457327
0.538553
0.451254
0.487804
0.598144
0.450334
0.429578
0.519065
0.463599
0.509597
0.504046
0.510466
0.699266
0.474958
0.542897
0.681572
0.619291
0.559443
0.604008
0.521804
0.639061
0.481785
0.463843
0.485169
0.484405
0.366122
0.431576
0.333899
0.455712
0.388197
0.533394
0.43265
0.357394
0.441988
0.421563
0.508183
0.310155
0.451431
0.507343
0.477698
0.445538
0.577706
0.536385
0.412338
0.439292
0.573336
0.619772
0.440591
0.572085
0.410117
0.403387
0.509655
0.61316
0.658693
0.402832
0.511072
0.404539
0.323361
0.450662
0.540249
0.480426
0.536478
0.597194
0.597743
0.588466
0.492622
0.475734
0.353482
0.586593
0.453436
0.587548
0.58337
0.371183
0.479874
0.481468
0.550997
0.549283
0.749344
0.49753
0.545478
0.69973
0.691011
0.413599
0.499707
0.474972
0.523344
0.378441
0.501592
0.47747
0.703718
0.534248
0.674143
0.601561
0.400709
0.52615
0.538524
0.563718
0.575479
0.665789
0.587515
0.45115
0.509427
0.460532
0.485057
0.400751
0.441082
0.539468
0.570871
0.677387
0.475973
0.401843
0.487419
0.352599
0.509003
0.683119
0.459726
0.491782
0.449645
0.478386
0.546916
0.639968
0.566037
0.482375
0.447539
0.553342
0.364845
0.499855
0.479093
0.555682
0.599564
0.549737
0.665404
0.505914
0.550663
0.530723
0.553804
0.545025
0.646811
0.535882
0.547348
0.547612
0.597164
0.59806
0.575573
0.635343
0.580494
0.417575
0.540591
0.316693
0.487727
0.368144
0.563601
0.499288
0.440208
0.396579
0.520151
0.578267
0.506836
0.62625
0.390816
0.536087
0.51895
0.543915
0.467177
0.496212
0.53267
0.393985
0.641328
0.355197
0.414136
0.623869
0.57037
0.674663
0.423901
0.518551
0.445664
0.346729
0.552506
0.432096
0.50988
0.453469
0.310038
0.368299
0.553167
0.423018
0.698267
0.582229
0.583048
0.441964
0.594724
0.368967
0.500924
0.615703
0.453878
0.375331
0.331363
0.575458
0.581342
0.414957
0.638603
0.612709
0.462823
0.386596
0.628025
0.478796
0.530309
0.490046
0.568576
0.51949
0.423771
0.603657
0.385468
0.521381
0.557438
0.431882
0.560694
0.428918
0.525482
0.450877
0.242237
0.448023
0.482738
0.374672
0.601102
0.384184
0.411847
0.534008
0.488581
0.669991
0.539028
0.604401
0.634461
0.4191
0.386418
0.539584
0.490143
0.60065
0.54974
0.560984
0.358945
0.560165
0.365827
0.523417
0.369119
0.42005
0.58529
0.321721
0.433411
0.474767
0.591452
0.522596
0.502269
0.452846
0.507381
0.500414
0.356087
0.449914
0.508708
0.625332
0.49514
0.443923
0.51063
0.496542
0.274179
0.48585
0.623343
0.433046
0.59189
0.5161
0.570876
0.628856
0.483755
0.488941
0.444112
0.649069
0.380082
0.49429
0.409558
0.487777
0.579294
0.448203
0.421196
0.628328
0.549824
0.380491
0.683532
0.44096
0.512257
0.579848
0.389758
0.522387
0.566627
0.663982
0.309696
0.626415
0.518078
0.424219
0.527993
0.454236
0.517361
0.551096
0.433814
0.467546
0.270931
0.379503
0.639058
0.457181
0.388683
0.598951
0.452899
0.644494
0.525658
0.556574
0.666254
0.412225
0.637309
0.637512
0.700534
0.656147
0.50623
0.539358
0.350837
0.418309
0.511503
0.464354
0.404513
0.507208
0.500115
0.635097
0.641823
0.429792
0.483172
0.596509
0.526167
0.554677
0.417929
0.698872
0.467182
0.495539
0.449918
0.563767
0.490753
0.248139
0.377749
0.516771
0.375774
0.533994
0.666448
0.527806
0.61829
0.498221
0.473453
0.332076
0.559415
0.578622
0.464699
0.511528
0.464202
0.507605
0.586475
0.598844
0.364447
0.328077
0.422056
0.522973
0.579152
0.398954
0.500337
0.447251
0.602184
0.535491
0.537047
0.558195
0.497443
0.574147
0.477341
0.445082
0.467608
0.371241
0.571882
0.667456
0.463357
0.439182
0.656801
0.439737
0.375692
0.393584
0.421205
0.569139
0.604809
0.529128
0.53417
0.365134
0.52473
0.461525
0.366457
0.49573
0.463688
0.467508
0.480462
0.597868
0.596038
0.424293
0.375192
0.556259
0.592264
0.694466
0.761329
0.447029
0.599407
0.621815
0.504755
0.399573
0.625039
0.598127
0.515164
0.562025
0.47369
0.630534
0.469669
0.462815
0.435403
0.483486
0.549624
0.542799
0.451883
0.588983
0.332121
0.389472
0.486487
0.613239
0.615929
0.436821
0.500085
0.437451
0.574924
0.601397
0.68558
0.4549
0.520319
0.607217
0.539714
0.506148
0.516316
0.509143
0.45148
0.268596
0.532046
0.656412
0.662345
0.486231
0.525986
0.445014
0.604165
0.569913
0.547276
0.589674
0.646552
0.518059
0.501694
0.603188
0.486151
0.302162
0.368271
0.502922
0.486128
0.531063
0.465861
0.571304
0.624916
0.55245
0.457228
0.579172
0.539055
0.469606
0.441504
0.537868
0.44576
0.545913
0.424159
0.478008
0.506601
0.4392
0.566895
0.459876
0.444486
0.352514
0.508168
0.602441
0.651919
0.407459
0.408312
0.575005
0.629261
0.440748
0.611523
0.427537
0.567529
0.494166
0.430261
0.542772
0.54105
0.512662
0.445873
0.375189
0.401039
0.484825
0.38255
0.49901
0.361987
0.454533
0.350012
0.5194
0.448506
0.502075
0.663572
0.708059
0.421058
0.537611
0.338541
0.506469
0.624791
0.469337
0.419195
0.397032
0.606473
0.503269
0.440818
0.574436
0.520295
0.301079
0.436616
0.456539
0.494111
0.566968
0.389565
0.456174
0.653445
0.454062
0.492564
0.492237
0.501391
0.575382
0.518509
0.350498
0.628305
0.473944
0.415222
0.51159
0.375968
0.451083
0.528426
0.645661
0.506694
0.671636
0.419243
0.430205
0.428616
0.459142
0.48098
0.57963
0.50418
0.363746
0.573244
0.282129
0.31967
0.630031
0.579707
0.72149
0.51932
0.61153
0.459134
0.418463
0.608417
0.473203
0.597541
0.558377
0.605531
0.592693
0.482675
0.378701
0.474794
0.515713
0.510243
0.672298
0.594969
0.44043
0.59463
0.41913
0.522776
0.600271
0.595117
0.391219
0.683773
0.484078
0.581884
0.382696
0.474833
0.577088
0.454383
0.398796
0.68807
0.525751
0.487916
0.394697
0.466823
0.623898
0.522581
0.287124
0.580103
0.487346
0.421979
0.568681
0.452697
0.428528
0.617389
0.436882
0.413863
0.662272
0.416393
0.406926
0.628402
0.468395
0.493214
0.509236
0.349595
0.506299
0.491292
0.579871
0.484339
0.621295
0.556952
0.533895
0.486559
0.501895
0.486229
0.46888
0.395766
0.441876
0.505277
0.677679
0.513418
0.530414
0.517994
0.456712
0.460512
0.338147
0.442836
0.277979
0.585625
0.386534
0.624032
0.45007
0.393387
0.582426
0.440728
0.425489
0.439189
0.469293
0.350831
0.618601
0.486647
0.491069
0.494646
0.580578
0.350194
0.484122
0.446651
0.534735
0.545903
0.507391
0.542045
0.307677
0.449441
0.590235
0.417985
0.398719
0.410849
0.522123
0.397723
0.512062
0.301598
0.627752
0.6091
0.433241
0.570174
0.565797
0.467184
0.663405
0.35822
0.358939
0.564065
0.631999
0.380035
0.507432
0.59716
0.390465
0.494027
0.457931
0.330609
0.546608
0.595481
0.49389
0.522662
0.331297
0.535806
0.48332
0.565215
0.49621
0.224179
0.464283
0.569948
0.623358
0.593314
0.567972
0.398797
0.484162
0.511838
0.573804
0.574763
0.617873
0.601562
0.660463
0.522355
0.406179
0.668694
0.561356
0.375245
0.502848
0.483845
0.352499
0.551974
0.634311
0.446433
0.495355
0.338865
0.519102
0.344904
0.526694
0.532542
0.561121
0.574933
0.432079
0.482767
0.45369
0.703589
0.559089
0.439564
0.588445
0.568191
0.320952
0.446901
0.49509
0.474397
0.510778
0.438454
0.545108
0.408818
0.591108
0.279307
0.63454
0.507263
0.443027
0.560657
0.417966
0.420469
0.553646
0.392937
0.397884
0.494978
0.390243
0.656008
0.380659
0.437592
0.553927
0.453381
0.492319
0.357612
0.525195
0.380679
0.504436
0.581866
0.508293
0.356879
0.452404
0.513304
0.450829
0.580095
0.535447
0.4547
0.359587
0.457994
0.469713
0.44482
0.653082
0.426199
0.422853
0.355171
0.385848
0.606307
0.590505
0.47122
0.549057
0.568439
0.582147
0.432785
0.596551
0.551535
0.56579
0.534044
0.564921
0.557847
0.478055
0.384419
0.450778
0.476422
0.538156
0.607359
0.577933
0.40359
0.311392
0.604825
0.631679
0.616794
0.449746
0.541072
0.456946
0.421368
0.394245
0.500088
0.51161
0.42814
0.355747
0.34686
0.43577
0.433032
0.497867
0.673379
0.542328
0.658109
0.627775
0.336109
0.453781
0.476796
0.557643
0.492414
0.504594
0.584286
0.431525
0.419221
0.498131
0.387422
0.41952
0.547967
0.551588
0.476629
0.663065
0.375684
0.48195
0.505752
0.412261
0.512829
0.380494
0.543934
0.528149
0.404263
0.592909
0.476953
0.329904
0.510574
0.466631
0.423713
0.448918
0.662688
0.446514
0.396871
0.508805
0.503526
0.494509
0.574857
0.582373
0.506232
0.678522
0.56584
0.383635
0.509277
0.520191
0.432446
0.434991
0.634528
0.410829
0.30935
0.506704
0.455154
0.399313
0.48411
0.457855
0.45602
0.425236
0.52493
0.314989
0.479997
0.315172
0.527282
0.406675
0.579414
0.479433
0.514626
0.329255
0.392628
0.541221
0.46674
0.551087
0.541509
0.399614
0.562448
0.569609
0.496381
0.572374
0.311813
0.51758
0.48077
0.584058
0.51617
0.471906
0.389073
0.65948
0.43261
0.650455
0.666045
0.552089
0.432846
0.589345
0.547797
0.381349
0.634664
0.375163
0.689765
0.472762
0.447419
0.563654
0.407888
0.388692
0.611359
0.348422
0.335035
0.507664
0.223805
0.550223
0.345471
0.454379
0.633511
0.479468
0.525972
0.502197
0.44782
0.481573
0.572936
0.464349
0.635485
0.706832
0.470667
0.459731
0.621334
0.553527
0.556735
0.583585
0.557222
0.315
0.506155
0.632985
0.617008
0.518463
0.566862
0.431503
0.501546
0.375348
0.554758
0.467023
0.453016
0.570018
0.467404
0.501149
0.56613
0.595716
0.601177
0.628237
0.547103
0.503629
0.357528
0.556559
0.409496
0.463003
0.399724
0.353687
0.609367
0.63727
0.572281
0.642676
0.510422
0.463149
0.321034
0.655185
0.633138
0.476779
0.552585
0.642189
0.480136
0.46289
0.547679
0.41248
0.543325
0.510133
0.393787
0.613668
0.386661
0.537652
0.428012
0.589943
0.461608
0.515055
0.38216
0.545378
0.4507
0.629964
0.397655
0.411095
0.547859
0.464327
0.428709
0.459133
0.572427
0.422765
0.677976
0.525393
0.677143
0.613182
0.609671
0.498586
0.548559
0.511975
0.46095
0.501606
0.511709
0.453151
0.623081
0.536309
0.439089
0.262715
0.689773
0.482196
0.52731
0.416741
0.470769
0.334046
0.443052
0.433531
0.344598
0.433045
0.55325
0.417321
0.375186
0.490524
0.442695
0.553032
0.642774
0.422928
0.585534
0.408578
0.440402
0.611176
0.47544
0.433274
0.462967
0.567096
0.632475
0.44794
0.566684
0.634172
0.492991
0.504299
0.502525
0.46934
0.652155
0.448323
0.528006
0.647122
0.56699
0.354191
0.577479
0.496922
0.341108
0.502581
0.421868
0.328821
0.400567
0.559016
0.474537
0.422743
0.333595
0.465044
0.50082
0.550427
0.505183
0.587045
0.364461
0.569113
0.570847
0.474503
0.595036
0.470436
0.402124
0.5616
0.486193
0.487521
0.399662
0.403027
0.33533
0.357823
0.508037
0.466935
0.51111
0.708756
0.359717
0.41499
0.385997
0.477741
0.463866
0.381501
0.396781
0.397766
0.518975
0.520671
0.596828
0.674143
0.466573
0.422978
0.439596
0.447635
0.516566
0.508814
0.383702
0.583694
0.363022
0.389453
0.435655
0.547037
0.572512
0.642518
0.647107
0.41537
0.465389
0.481113
0.559279
0.555557
0.523672
0.602826
0.53799
0.430093
0.547487
0.286836
0.56852
0.421248
0.445286
0.464405
0.480276
0.4548
0.381368
0.32004
0.647058
0.474796
0.417482
0.387668
0.459473
0.465304
0.47359
0.48818
0.291839
0.534676
0.596143
0.511738
0.486699
0.472334
0.36051
0.68027
0.355844
0.657667
0.547475
0.632611
0.547534
0.545118
0.521991
0.356779
0.455367
0.469101
0.60569
0.650896
0.54506
0.506896
0.472889
0.526315
0.651154
0.407227
0.613147
0.673521
0.446458
0.636728
0.591697
0.493436
0.412813
0.416062
0.502343
0.353755
0.542556
0.311975
0.345729
0.46199
0.575833
0.521096
0.379126
0.553947
0.429682
0.425834
0.472204
0.378338
0.700621
0.522246
0.666501
0.515339
0.423212
0.714292
0.374617
0.598851
0.542901
0.538407
0.468408
0.419335
0.412176
0.426876
0.493769
0.566047
0.544881
0.437999
0.612846
0.4246
0.464317
0.57559
0.412828
0.477747
0.556528
0.589875
0.533718
0.564366
0.290945
0.396383
0.555801
0.43362
0.396363
0.468958
0.45077
0.388316
0.480996
0.557555
0.438786
0.643504
0.761124
0.551
0.407002
0.633422
0.813653
0.449454
0.533383
0.681858
0.493677
0.430816
0.622923
0.508118
0.558897
0.489854
0.601641
0.472738
0.418566
0.498389
0.527032
0.674172
0.475383
0.579368
0.56191
0.48967
0.554553
0.607205
0.521887
0.510642
0.515004
0.541304
0.544978
0.45478
0.413544
0.569202
0.64515
0.444287
0.443511
0.380304
0.399863
0.521574
0.295257
0.610708
0.384977
0.430806
0.486583
0.494164
0.408645
0.425737
0.28703
0.52373
0.509127
0.471282
0.610707
0.473204
0.469699
0.588315
0.578119
0.446994
0.367167
0.34821
0.348244
0.521553
0.508714
0.455677
0.397878
0.411086
0.62515
0.465474
0.476066
0.634747
0.376871
0.460608
0.487195
0.38208
0.492137
0.476662
0.45713
0.367987
0.495556
0.388932
0.512543
0.438035
0.197938
0.486076
0.554362
0.529456
0.606972
0.336012
0.432051
0.612716
0.581451
0.406831
0.526237
0.533053
0.390051
0.537533
0.52293
0.54094
0.448973
0.460406
0.413421
0.644929
0.501002
0.45892
0.579673
0.539895
0.561852
0.402023
0.52585
0.558197
0.497918
0.52777
0.392363
0.360833
0.412867
0.556232
0.539629
0.530188
0.508764
0.593685
0.414499
0.445489
0.450694
0.447081
0.613112
0.516639
0.402171
0.399868
0.529684
0.421618
0.61185
0.507231
0.431557
0.437166
0.520378
0.450862
0.62658
0.472012
0.319484
0.350413
0.589711
0.406422
0.333702
0.460803
0.591474
0.511387
0.508379
0.59158
0.621715
0.465302
0.47593
0.366577
0.427863
0.405501
0.535562
0.499143
0.587697
0.44657
0.419982
0.390228
0.312399
0.466878
0.535876
0.563667
0.32643
0.509283
0.553238
0.535024
0.496601
0.561532
0.6819
0.367386
0.683426
0.376389
0.411898
0.499532
0.463682
0.561039
0.607592
0.438935
0.323849
0.409884
0.433746
0.394085
0.449887
0.474353
0.555025
0.477651
0.439616
0.257877
0.588704
0.544025
0.539701
0.693731
0.503594
0.531841
0.560064
0.507962
0.64654
0.464076
0.444314
0.589144
0.341071
0.515368
0.47555
0.681268
0.441107
0.488245
0.572709
0.385551
0.435876
0.54695
0.483372
0.501548
0.290496
0.439612
0.404756
0.357406
0.369951
0.596536
0.565379
0.473701
0.532468
0.524388
0.57568
0.474779
0.591596
0.223141
0.606644
0.406085
0.434546
0.434611
0.581281
0.435466
0.44766
0.288503
0.664573
0.41101
0.138138
0.543868
0.513284
0.617453
0.454441
0.630953
0.597835
0.617778
0.696071
0.580405
0.534185
0.486121
0.366697
0.483865
0.564478
0.432643
0.662908
0.562
0.40098
0.490564
0.404112
0.523049
0.498609
0.480076
0.497421
0.476991
0.447146
0.48339
0.394619
0.627494
0.575013
0.4597
0.536598
0.495806
0.432241
0.498383
0.493937
0.337798
0.571091
0.453274
0.500558
0.497399
0.568516
0.520405
0.440709
0.596688
0.53548
0.516104
0.487755
0.594947
0.533897
0.381907
0.506606
0.555995
0.572747
0.387246
0.519825
0.445188
0.280723
0.520422
0.400782
0.43445
0.35351
0.552891
0.395489
0.425783
0.249609
0.531432
0.68804
0.510699
0.359386
0.597295
0.512839
0.565065
0.497811
0.550955
0.380107
0.535884
0.672122
0.475629
0.519428
0.408556
0.551467
0.602255
0.55937
0.450194
0.516289
0.543137
0.549508
0.50663
0.491094
0.441035
0.494459
0.487728
0.56492
0.474957
0.5078
0.407693
0.279707
0.53349
0.407054
0.554082
0.61746
0.611002
0.459178
0.441249
0.442945
0.5016
0.549288
0.661
0.459404
0.560254
0.583635
0.575244
0.410565
0.570025
0.551115
0.502493
0.313004
0.498865
0.4559
0.332045
0.328701
0.649002
0.397028
0.356777
0.48841
0.396429
0.309101
0.647438
0.252239
0.487587
0.4915
0.498426
0.544631
0.604802
0.541822
0.45702
0.426701
0.531645
0.472514
0.605096
0.56968
0.543843
0.527957
0.594361
0.468996
0.520945
0.632569
0.443212
0.489286
0.418465
0.388711
0.485302
0.556441
0.559745
0.406533
0.61698
0.413548
0.501344
0.586137
0.522773
0.633386
0.495235
0.385709
0.465105
0.530898
0.515691
0.59759
0.50651
0.544862
0.538217
0.417504
0.389591
0.458758
0.452439
0.530452
0.632031
0.606592
0.560402
0.450068
0.500992
0.560259
0.356231
0.436517
0.413256
0.620758
0.402682
0.481273
0.464502
0.536401
0.414585
0.485422
0.523152
0.5469
0.628777
0.471419
0.531236
0.703028
0.584602
0.556469
0.43676
0.537309
0.458607
0.479036
0.439104
0.661987
0.591604
0.708238
0.460996
0.2463
0.415779
0.279149
0.467635
0.375859
0.534067
0.385363
0.435595
0.52274
0.623563
0.423397
0.331129
0.655627
0.429228
0.421833
0.589569
0.595199
0.383728
0.501367
0.594517
0.370654
0.633742
0.400204
0.537561
0.559107
0.672613
0.662532
0.596301
0.490356
0.573763
0.726096
0.400463
0.375279
0.288806
0.558147
0.662948
0.566938
0.518823
0.577348
0.534678
0.489206
0.58682
0.462499
0.599115
0.468568
0.433884
0.487201
0.554404
0.58046
0.431118
0.432883
0.638076
0.572366
0.643941
0.520898
0.531304
0.451607
0.604885
0.567657
0.636735
0.326584
0.545548
0.40506
0.455945
0.465998
0.4079
0.621784
0.49959
0.591348
0.499643
0.469223
0.645383
0.643809
0.477907
0.539214
0.516024
0.567343
0.540042
0.558909
0.681264
0.525711
0.469836
0.361482
0.495312
0.621806
0.631993
0.379601
0.362815
0.513533
0.327268
0.471909
0.483693
0.421216
0.315143
0.43101
0.659106
0.59732
0.380509
0.434769
0.24791
0.480045
0.565307
0.390987
0.44495
0.278123
0.405646
0.488805
0.509576
0.634947
0.509415
0.408483
0.50483
0.495927
0.578974
0.354461
0.414739
0.453763
0.628002
0.364906
0.489207
0.572083
0.561148
0.514217
0.323036
0.588717
0.679625
0.563265
0.407603
0.475606
0.445456
0.525386
0.300799
0.583174
0.381579
0.504474
0.742823
0.522737
0.504572
0.424762
0.502487
0.441337
0.581283
0.510186
0.470699
0.519126
0.570173
0.384492
0.524831
0.570263
0.452724
0.451539
0.569719
0.354014
0.479792
0.278532
0.718048
0.303562
0.552311
0.44318
0.704933
0.455801
0.425284
0.419089
0.438525
0.616166
0.468542
0.461953
0.670496
0.418354
0.537271
0.422396
0.627317
0.539533
0.499834
0.549613
0.475225
0.507456
0.439962
0.463212
0.598863
0.486668
0.494909
0.35896
0.455558
0.456744
0.510695
0.577422
0.524275
0.596337
0.590099
0.50274
0.400274
0.462531
0.578596
0.472101
0.493582
0.505835
0.477952
0.564719
0.571355
0.586878
0.596731
0.602429
0.441309
0.461705
0.441513
0.632284
0.30537
0.278295
0.422108
0.474822
0.419759
0.577765
0.488651
0.409948
0.579751
0.51944
0.43792
0.435662
0.50437
0.549823
0.420813
0.573147
0.628328
0.411199
0.552405
0.504999
0.415532
0.636466
0.470573
0.421688
0.490522
0.502514
0.608681
0.514591
0.541239
0.415274
0.442359
0.592236
0.478541
0.475342
0.539953
0.509678
0.444932
0.623861
0.590725
0.489202
0.546978
0.694115
0.504449
0.573835
0.542938
0.5951
0.470548
0.493422
0.449168
0.429073
0.634472
0.536314
0.535852
0.495912
0.493529
0.507989
0.664701
0.562855
0.533935
0.421214
0.578253
0.478998
0.525357
0.60062
0.482437
0.38971
0.458762
0.397884
0.57113
0.556879
0.557933
0.601931
0.423424
0.516719
0.514516
0.49192
0.461381
0.607632
0.391011
0.418996
0.58808
0.676386
0.405651
0.516124
0.53277
0.521689
0.457638
0.42356
0.612018
0.359982
0.570739
0.480821
0.672715
0.699073
0.527773
0.474294
0.51489
0.581022
0.538066
0.642889
0.599277
0.606449
0.424451
0.432449
0.626619
0.478237
0.535961
0.452885
0.432737
0.403367
0.486866
0.530299
0.475405
0.567425
0.692235
0.559645
0.296119
0.447067
0.314765
0.451738
0.621868
0.551556
0.45711
0.431727
0.42905
0.685223
0.428506
0.484413
0.623713
0.498504
0.384006
0.555077
0.39932
0.546005
0.379166
0.602768
0.415283
0.495777
0.502568
0.466287
0.496527
0.434828
0.543079
0.441363
0.486386
0.591626
0.518299
0.480828
0.492172
0.447162
0.535161
0.517857
0.444756
0.531909
0.573184
0.375627
0.550587
0.506791
0.775424
0.465029
0.64654
0.302078
0.501676
0.585362
0.475072
0.538873
0.543029
0.631191
0.57917
0.583669
0.41641
0.471859
0.573599
0.387205
0.352259
0.508405
0.381011
0.53467
0.658041
0.42595
0.52849
0.385038
0.484806
0.447841
0.582145
0.40314
0.543559
0.461191
0.354405
0.48884
0.512715
0.521678
0.550671
0.383455
0.347465
0.458784
0.529053
0.484372
0.446388
0.490909
0.428909
0.524556
0.450193
0.623107
0.480972
0.574454
0.542007
0.438432
0.543855
0.499574
0.488131
0.507211
0.418765
0.35779
0.602757
0.426795
0.576293
0.44621
0.539635
0.467661
0.486171
0.40824
0.308225
0.539981
0.572918
0.587232
0.681407
0.708099
0.527338
0.563902
0.50634
0.368592
0.485851
0.340488
0.749601
0.470905
0.446676
0.535385
0.502251
0.497825
0.323923
0.527787
0.440047
0.536323
0.347664
0.442646
0.378487
0.557601
0.500104
0.392032
0.581963
0.288439
0.534991
0.489766
0.580803
0.39423
0.359444
0.531981
0.519515
0.507376
0.464398
0.48704
0.504073
0.522981
0.671912
0.464017
0.435635
0.447085
0.624602
0.52976
0.512599
0.420938
0.4745
0.520281
0.452429
0.458109
0.635674
0.443057
0.429231
0.519511
0.446968
0.492568
0.442585
0.414687
0.64825
0.602189
0.42765
0.55599
0.305611
0.431349
0.486136
0.605589
0.427944
0.537634
0.362206
0.543488
0.599416
0.409289
0.606965
0.448035
0.309339
0.634383
0.569677
0.51869
0.592985
0.458646
0.623412
0.584092
0.503941
0.434792
0.477331
0.526742
0.420602
0.391923
0.547379
0.418916
0.546455
0.554372
0.551655
0.602683
0.395821
0.415146
0.366285
0.56021
0.36377
0.519897
0.422137
0.308783
0.560939
0.543139
0.542265
0.718288
0.651023
0.439199
0.514475
0.687161
0.460744
0.326186
0.262979
0.526093
0.439119
0.412031
0.427577
0.487067
0.524902
0.497436
0.478404
0.638581
0.73808
0.491362
0.388742
0.526193
0.643362
0.550439
0.557993
0.470807
0.5406
0.604499
0.521385
0.445392
0.519152
0.356184
0.402562
0.53412
0.470179
0.543381
0.359689
0.516183
0.382948
0.529009
0.445297
0.629823
0.558212
0.333457
0.444553
0.560412
0.453778
0.650776
0.376242
0.359676
0.534411
0.590486
0.535217
0.641449
0.330249
0.462652
0.524653
0.51263
0.514929
0.474663
0.670935
0.386288
0.496667
0.433917
0.533579
0.387142
0.572563
0.551431
0.417067
0.497933
0.428419
0.517124
0.561066
0.408474
0.473416
0.368355
0.429979
0.517448
0.381002
0.399033
0.542342
0.700329
0.564387
0.357439
0.475107
0.495028
0.447072
0.456653
0.547358
0.370214
0.495866
0.672256
0.532578
0.529488
0.465879
0.527802
0.468077
0.667894
0.564008
0.369266
0.624751
0.435533
0.569472
0.605533
0.469863
0.376317
0.356965
0.642701
0.400055
0.598185
0.550053
0.565816
0.341364
0.494389
0.489446
0.522388
0.607504
0.47374
0.432835
0.537849
0.477252
0.570965
0.609981
0.443887
0.596261
0.496643
0.538809
0.326365
0.428202
0.549437
0.565269
0.400319
0.574623
0.551635
0.421763
0.495322
0.552481
0.482295
0.505975
0.485256
0.362808
0.470564
0.563956
0.422344
0.403523
0.575029
0.618368
0.436054
0.473913
0.51323
0.414803
0.633283
0.487865
0.318758
0.566145
0.686995
0.457424
0.291636
0.45695
0.52629
0.527824
0.270951
0.426861
0.541629
0.439644
0.397021
0.584127
0.394763
0.763276
0.443613
0.507286
0.673664
0.49543
0.589055
0.575133
0.45854
0.526932
0.458332
0.322117
0.665815
0.585592
0.606566
0.348343
0.512724
0.527466
0.527531
0.520378
0.295949
0.294348
0.45917
0.381109
0.403513
0.574885
0.521323
0.543909
0.479933
0.501205
0.659194
0.378425
0.640399
0.582513
0.379338
0.402305
0.58054
0.621628
0.653247
0.475237
0.554124
0.379948
0.42689
0.548689
0.491795
0.550896
0.412834
0.556771
0.409765
0.571398
0.654874
0.540688
0.508136
0.4455
0.343368
0.281252
0.284314
0.573742
0.522746
0.57099
0.587766
0.576462
0.370973
0.589388
0.518142
0.368703
0.443985
0.651853
0.519568
0.48896
0.566444
0.485006
0.54971
0.403512
0.513395
0.437952
0.602959
0.502623
0.365735
0.571195
0.442911
0.47443
0.63563
0.471918
0.550058
0.486871
0.446363
0.526346
0.516411
0.427508
0.414311
0.636974
0.419548
0.645689
0.419087
0.60446
0.484366
0.410955
0.56112
0.401007
0.591593
0.446189
0.494255
0.5441
0.517895
0.513497
0.384234
0.53649
0.393207
0.325354
0.482174
0.470355
0.436679
0.523095
0.515482
0.500589
0.383427
0.609325
0.586891
0.474204
0.540055
0.640398
0.435598
0.45987
0.30768
0.479613
0.452768
0.553641
0.287001
0.681312
0.456945
0.543943
0.430714
0.720617
0.523195
0.500945
0.534357
0.403047
0.42308
0.412448
0.457467
0.582802
0.470856
0.420472
0.642685
0.388034
0.584551
0.519744
0.551255
0.49594
0.45889
0.56133
0.559124
0.420074
0.510274
0.461672
0.458641
0.466766
0.392342
0.349332
0.586627
0.487101
0.393896
0.38878
0.45038
0.595434
0.519269
0.502582
0.548946
0.544925
0.414491
0.570378
0.38779
0.445151
0.540881
0.515088
0.660745
0.576343
0.410988
0.49379
0.423949
0.399355
0.490087
0.59276
0.612214
0.579986
0.629685
0.483197
0.449078
0.540821
0.43783
0.526178
0.477567
0.423273
0.504238
0.422427
0.489482
0.587061
0.586576
0.384505
0.456779
0.693855
0.527499
0.466077
0.669441
0.516401
0.510335
0.514913
0.459962
0.783915
0.574569
0.523345
0.545408
0.419109
0.500595
0.531907
0.343736
0.641717
0.436447
0.498935
0.621899
0.607942
0.477534
0.580913
0.508981
0.624749
0.523656
0.475419
0.658447
0.322492
0.525893
0.460506
0.569334
0.388865
0.399206
0.421434
0.376997
0.461714
0.314886
0.587664
0.499827
0.347784
0.500286
0.410078
0.479112
0.678988
0.361508
0.290406
0.575008
0.337327
0.508046
0.531887
0.582371
0.574123
0.596634
0.412201
0.605958
0.51876
0.524849
0.586771
0.485333
0.316642
0.493278
0.612523
0.485542
0.455632
0.418376
0.439276
0.470437
0.534754
0.616378
0.447915
0.451304
0.398467
0.491945
0.521555
0.454218
0.504369
0.353493
0.617955
0.475349
0.411695
0.540425
0.468413
0.59421
0.572536
0.385785
0.360484
0.590615
0.477196
0.451126
0.468813
0.361921
0.449685
0.558656
0.480477
0.662883
0.408826
0.609032
0.518208
0.491239
0.505035
0.611421
0.396934
0.317931
0.512311
0.465755
0.556084
0.611654
0.39956
0.525384
0.592161
0.533173
0.524867
0.531582
0.673075
0.575676
0.590871
0.749704
0.64782
0.503184
0.368946
0.449997
0.472038
0.589809
0.444401
0.564418
0.452121
0.388479
0.454453
0.514047
0.567458
0.358469
0.485261
0.339989
0.562532
0.456912
0.463833
0.683927
0.507556
0.550214
0.52515
0.652775
0.408383
0.527081
0.554395
0.565164
0.60348
0.695669
0.498683
0.61577
0.317732
0.323112
0.512244
0.606769
0.549947
0.426508
0.443521
0.48401
0.552882
0.550186
0.492196
0.678737
0.521721
0.464879
0.458672
0.494012
0.438906
0.400207
0.578067
0.388261
0.330288
0.572647
0.575347
0.496615
0.369577
0.39696
0.597683
0.594057
0.425121
0.469817
0.474733
0.542612
0.475051
0.690149
0.527008
0.478139
0.423888
0.631531
0.587067
0.680533
0.435704
0.40769
0.217766
0.534457
0.456003
0.373002
0.306386
0.525971
0.62648
0.675632
0.482908
0.333748
0.603872
0.531756
0.555324
0.461804
0.476137
0.415069
0.57433
0.323983
0.526226
0.656575
0.434332
0.528709
0.425756
0.625446
0.587193
0.525785
0.547903
0.512493
0.489699
0.565332
0.470892
0.563602
0.525238
0.482196
0.500464
0.411239
0.334745
0.457489
0.37175
0.427946
0.461451
0.522156
0.598013
0.37649
0.558563
0.45578
0.515741
0.45714
0.428474
0.497094
0.632601
0.353319
0.556688
0.420978
0.616821
0.452648
0.573125
0.349966
0.573573
0.5712
0.418058
0.456588
0.635959
0.534545
0.509399
0.476165
0.455263
0.469959
0.502656
0.387927
0.507128
0.439951
0.60434
0.53563
0.437376
0.398035
0.544199
0.747118
0.553194
0.473467
0.531139
0.475562
0.622467
0.492434
0.412245
0.523373
0.476059
0.518985
0.52385
0.423109
0.514858
0.549744
0.468108
0.43792
0.305463
0.522257
0.368092
0.607398
0.605399
0.497592
0.548939
0.502977
0.490789
0.653582
0.56211
0.570279
0.566429
0.575913
0.514363
0.724126
0.420271
0.360001
0.482571
0.525177
0.541314
0.337415
0.390032
0.405473
0.451964
0.51637
0.489476
0.423408
0.712944
0.476597
0.442482
0.516969
0.540857
0.384679
0.504557
0.48734
0.43556
0.396718
0.619666
0.483256
0.546508
0.491001
0.397529
0.569777
0.514286
0.524071
0.391526
0.55343
0.605564
0.529446
0.514589
0.39894
0.316736
0.478955
0.425001
0.511082
0.553555
0.602489
0.483519
0.468414
0.401084
0.512706
0.527825
0.483999
0.380331
0.407048
0.529776
0.431444
0.544961
0.420168
0.495506
0.412901
0.503509
0.375691
0.537944
0.458954
0.459551
0.536977
0.395841
0.438577
0.54432
0.582349
0.492927
0.520654
0.37328
0.431043
0.525375
0.666816
0.590222
0.421897
0.435244
0.44863
0.569446
0.497585
0.372138
0.470487
0.428654
0.472995
0.464819
0.542763
0.46219
0.567111
0.619071
0.488159
0.536307
0.453553
0.427626
0.377385
0.395164
0.435713
0.522492
0.378623
0.608291
0.478196
0.319575
0.568521
0.647288
0.627054
0.499991
0.290702
0.511566
0.42711
0.64201
0.461106
0.629951
0.495407
0.562119
0.507717
0.547018
0.735635
0.443184
0.495544
0.460052
0.679152
0.522258
0.525985
0.504551
0.313993
0.480107
0.412991
0.593241
0.514071
0.519031
0.626731
0.495573
0.506506
0.435126
0.358733
0.501739
0.615845
0.485642
0.600773
0.547246
0.399701
0.421613
0.443033
0.481121
0.441103
0.600512
0.485376
0.542885
0.588665
0.413144
0.518825
0.470414
0.636424
0.553594
0.472634
0.592871
0.511023
0.630534
0.435631
0.469919
0.584643
0.462726
0.548759
0.420452
0.557923
0.521118
0.529068
0.641098
0.557849
0.374422
0.623653
0.54682
0.471392
0.364632
0.505332
0.572921
0.486452
0.583446
0.610145
0.559827
0.43745
0.340087
0.380022
0.699047
0.453684
0.705576
0.612253
0.550716
0.48435
0.488003
0.33069
0.650204
0.524917
0.437905
0.681858
0.703248
0.395312
0.502378
0.622482
0.626153
0.421168
0.54107
0.603161
0.519593
0.445149
0.58677
0.566254
0.571605
0.546175
0.477781
0.464295
0.567372
0.470127
0.308866
0.46853
0.540469
0.576402
0.542021
0.475479
0.632205
0.58047
0.487909
0.632681
0.532807
0.32337
0.513297
0.593068
0.560157
0.624852
0.449365
0.670705
0.388863
0.477666
0.370315
0.508898
0.474456
0.516273
0.481198
0.484971
0.524555
0.444028
0.398452
0.364278
0.450847
0.32869
0.426135
0.679311
0.492791
0.47686
0.425403
0.348027
0.435963
0.373765
0.444288
0.358833
0.454993
0.425563
0.319376
0.437905
0.593097
0.467127
0.680517
0.477832
0.447201
0.599065
0.584215
0.444845
0.459732
0.593499
0.470902
0.395169
0.42513
0.458901
0.485811
0.419326
0.501219
0.480088
0.522698
0.496492
0.37256
0.450241
0.444202
0.479289
0.344971
0.387594
0.502159
0.542687
0.457426
0.280235
0.52571
0.51896
0.47955
0.628224
0.364591
0.603919
0.419999
0.453036
0.369505
0.557953
0.50302
0.520084
0.461022
0.438641
0.477508
0.470903
0.382972
0.490036
0.504946
0.587319
0.455851
0.376956
0.6296
0.410729
0.440246
0.490925
0.566408
0.415387
0.68987
0.56769
0.449008
0.585392
0.618296
0.244489
0.462406
0.370825
0.423008
0.548575
0.441788
0.399294
0.504942
0.54674
0.351037
0.594903
0.691199
0.398886
0.361526
0.507463
0.313157
0.546974
0.533813
0.480522
0.611728
0.633937
0.461862
0.387594
0.536053
0.685459
0.671491
0.541738
0.571442
0.400788
0.471724
0.534408
0.576912
0.387013
0.539807
0.4853
0.632198
0.434557
0.377645
0.485693
0.388643
0.469881
0.209465
0.593546
0.687919
0.634696
0.497531
0.389422
0.557033
0.529261
0.434779
0.428071
0.307639
0.320613
0.630261
0.621296
0.462177
0.454869
0.535325
0.563504
0.59891
0.526018
0.46549
0.462113
0.552456
0.541904
0.454992
0.5608
0.425941
0.291364
0.638036
0.444318
0.365435
0.654807
0.682792
0.489406
0.616854
0.413754
0.311217
0.577124
0.530064
0.303171
0.619823
0.407669
0.494422
0.513702
0.573524
0.65957
0.484553
0.589183
0.476743
0.610889
0.46467
0.378107
0.532992
0.49089
0.44429
0.485983
0.386138
0.556356
0.497714
0.538828
0.493658
0.487578
0.454193
0.606294
0.514155
0.474776
0.435208
0.646226
0.598472
0.416513
0.359848
0.520721
0.455783
0.477445
0.558778
0.597052
0.323031
0.453523
0.431834
0.485076
0.49815
0.368548
0.55382
0.47606
0.40453
0.476767
0.477586
0.536115
0.436207
0.371964
0.403033
0.470713
0.590288
0.504303
0.575189
0.515059
0.425187
0.581943
0.44406
0.618355
0.390221
0.385225
0.363466
0.578269
0.654204
0.44704
0.425622
0.445236
0.517662
0.553729
0.422745
0.454455
0.325365
0.496674
0.496506
0.356757
0.402867
0.555511
0.480669
0.407799
0.622786
0.719686
0.461796
0.538302
0.463618
0.455836
0.377433
0.566354
0.555859
0.50428
0.540709
0.426056
0.317272
0.438682
0.524822
0.575105
0.461178
0.348709
0.560423
0.50715
0.418637
0.506323
0.493418
0.633062
0.647472
0.352095
0.320264
0.408545
0.508064
0.488724
0.562358
0.473763
0.467935
0.594743
0.560628
0.533998
0.554109
0.672124
0.466017
0.448557
0.504323
0.517343
0.571014
0.408508
0.575155
0.356187
0.471988
0.572046
0.447191
0.70841
0.671549
0.489599
0.524364
0.349092
0.524739
0.489064
0.456653
0.609365
0.602366
0.504833
0.422332
0.509933
0.389313
0.722562
0.488027
0.546604
0.555225
0.474911
0.521825
0.447817
0.429457
0.461769
0.566757
0.59996
0.581743
0.481749
0.58897
0.487017
0.354548
0.550028
0.496966
0.516899
0.612608
0.440898
0.585279
0.507569
0.569694
0.631645
0.488041
0.481861
0.522159
0.437687
0.634872
0.470687
0.463379
0.417163
0.483594
0.550085
0.472697
0.486456
0.761284
0.538358
0.567042
0.526409
0.577207
0.555328
0.572913
0.372269
0.47823
0.596514
0.520942
0.568703
0.599305
0.500824
0.484798
0.434462
0.418691
0.39113
0.480707
0.319602
0.359559
0.542874
0.513416
0.45142
0.486717
0.486647
0.498928
0.453548
0.429171
0.376439
0.613912
0.485947
0.516298
0.456078
0.416173
0.5918
0.347435
0.432108
0.450135
0.650604
0.521701
0.612184
0.495809
0.425029
0.336935
0.493818
0.639243
0.452399
0.523626
0.389085
0.636992
0.569939
0.611765
0.546706
0.616672
0.476189
0.43558
0.583684
0.500201
0.519302
0.363136
0.464453
0.455839
0.366186
0.494819
0.566289
0.479706
0.344773
0.306756
0.445513
0.476957
0.56493
0.522251
0.469787
0.457332
0.511866
0.27635
0.507594
0.379344
0.469107
0.495671
0.566772
0.471887
0.366458
0.447696
0.649759
0.431575
0.561587
0.420695
0.543972
0.538656
0.652207
0.67756
0.591538
0.353892
0.479064
0.58378
0.483378
0.553302
0.518253
0.441889
0.398409
0.32721
0.474657
0.371693
0.559432
0.414578
0.676569
0.557654
0.503037
0.563115
0.534865
0.441818
0.561652
0.400207
0.368356
0.472711
0.531633
0.469224
0.510239
0.527662
0.352078
0.43031
0.598841
0.508044
0.544828
0.444277
0.519148
0.56394
0.666903
0.552763
0.599857
0.636794
0.502404
0.437349
0.48402
0.415623
0.571669
0.484849
0.379583
0.58441
0.561298
0.505536
0.659428
0.495306
0.779401
0.54558
0.418818
0.534334
0.516218
0.404515
0.411391
0.653288
0.44106
0.413081
0.673164
0.62357
0.392267
0.44633
0.507278
0.424731
0.617684
0.341382
0.640485
0.612522
0.498943
0.358797
0.475678
0.318272
0.443586
0.671016
0.453034
0.413476
0.454892
0.480888
0.595621
0.530466
0.490005
0.467798
0.45361
0.562101
0.592787
0.428486
0.47451
0.570435
0.63856
0.524135
0.615117
0.316336
0.553708
0.364865
0.574161
0.379095
0.473896
0.457282
0.562916
0.467053
0.680401
0.410291
0.544303
0.527343
0.604901
0.338874
0.559327
0.544856
0.518784
0.425102
0.622931
0.577565
0.423855
0.490153
0.509672
0.507401
0.537092
0.600658
0.562874
0.49286
0.512893
0.477227
0.549215
0.49161
0.472007
0.492516
0.443965
0.678335
0.507166
0.640763
0.670401
0.515145
0.411179
0.430224
0.530176
0.638859
0.524055
0.494475
0.449735
0.411537
0.521491
0.538102
0.431103
0.537651
0.567836
0.526788
0.533712
0.483319
0.632456
0.501382
0.627165
0.540063
0.519149
0.440044
0.443139
0.457563
0.584111
0.512081
0.51791
0.626952
0.418664
0.461645
0.555255
0.428174
0.448795
0.628989
0.552781
0.362005
0.454307
0.46148
0.622996
0.56934
0.436167
0.586147
0.503732
0.597392
0.461427
0.610036
0.490802
0.304484
0.590865
0.58418
0.439065
0.602124
0.545281
0.511554
0.466332
0.415122
0.492159
0.498866
0.457864
0.497494
0.535199
0.446611
0.407454
0.673979
0.56498
0.441323
0.544395
0.583972
0.379826
0.658496
0.583904
0.486756
0.511705
0.704176
0.301857
0.643926
0.69279
0.517765
0.472971
0.526906
0.574068
0.428089
0.424849
0.504555
0.258199
0.599344
0.548591
0.447807
0.434571
0.42303
0.469937
0.445399
0.505312
0.606551
0.523227
0.556706
0.666771
0.678651
0.38369
0.534799
0.561788
0.476426
0.601908
0.634798
0.343828
0.498152
0.447558
0.479698
0.494867
0.500724
0.407795
0.487827
0.514664
0.690007
0.598979
0.373137
0.449865
0.596965
0.43866
0.611581
0.457141
0.551926
0.488074
0.523834
0.395366
0.563906
0.613649
0.456652
0.417604
0.581429
0.529316
0.552222
0.384466
0.455808
0.5697
0.576836
0.446178
0.447405
0.607543
0.737312
0.641469
0.409882
0.366996
0.54556
0.437198
0.457035
0.597697
0.698767
0.283389
0.56128
0.462828
0.524687
0.484137
0.552447
0.557648
0.498545
0.485647
0.480012
0.513235
0.470107
0.558407
0.471487
0.353504
0.54651
0.601327
0.464163
0.46181
0.658449
0.321416
0.506975
0.476749
0.494367
0.643376
0.623777
0.475033
0.619333
0.579257
0.598819
0.512618
0.502301
0.339117
0.689801
0.383518
0.557497
0.389388
0.393367
0.619056
0.462697
0.566451
0.582443
0.588536
0.449199
0.528697
0.404376
0.475654
0.565317
0.581123
0.373332
0.593203
0.597263
0.632315
0.509959
0.46193
0.588305
0.644427
0.575855
0.517696
0.529137
0.512561
0.319898
0.624327
0.599399
0.360732
0.498039
0.557883
0.422353
0.567381
0.547689
0.591309
0.55172
0.534183
0.392355
0.34673
0.54174
0.587671
0.621709
0.395933
0.458519
0.353987
0.636829
0.477868
0.472796
0.57285
0.469852
0.465256
0.531253
0.517615
0.481819
0.450699
0.335564
0.364057
0.512045
0.435969
0.365366
0.501339
0.496842
0.496399
0.463411
0.504353
0.294987
0.655631
0.458151
0.387447
0.35183
0.344216
0.531065
0.435301
0.503503
0.328864
0.443062
0.457524
0.467177
0.587418
0.516304
0.439295
0.482889
0.5679
0.324869
0.661177
0.466966
0.508276
0.579654
0.537014
0.506611
0.606846
0.599999
0.469568
0.469745
0.42146
0.446487
0.549388
0.623745
0.339048
0.646476
0.32314
0.45122
0.495211
0.67588
0.433427
0.520528
0.436924
0.467803
0.58291
0.513254
0.509676
0.500623
0.601314
0.530394
0.513639
0.575181
0.494696
0.593538
0.511773
0.622739
0.432117
0.326869
0.586007
0.192427
0.475661
0.450309
0.52597
0.548898
0.485506
0.33371
0.397984
0.26798
0.632548
0.456491
0.580339
0.350103
0.42685
0.486648
0.564135
0.678357
0.420978
0.53764
0.607274
0.430013
0.373059
0.481119
0.592444
0.507437
0.455185
0.388061
0.578242
0.586284
0.468558
0.540358
0.545846
0.585958
0.477569
0.499464
0.631938
0.449307
0.500762
0.438228
0.301854
0.575584
0.49744
0.436564
0.455228
0.482709
0.464429
0.411163
0.469659
0.581935
0.408319
0.493957
0.476247
0.630001
0.58426
0.493591
0.524073
0.580945
0.393188
0.568688
0.529035
0.491735
0.405133
0.511225
0.415692
0.542922
0.427045
0.38286
0.649071
0.417566
0.559336
0.46659
0.616659
0.538692
0.486157
0.590663
0.459102
0.597574
0.42017
0.451154
0.461393
0.612195
0.473372
0.604211
0.504624
0.437225
0.45132
0.518452
0.541667
0.603917
0.568871
0.472548
0.498398
0.400358
0.361336
0.652574
0.515406
0.609514
0.515737
0.5482
0.533368
0.504562
0.472626
0.666378
0.488577
0.458035
0.449712
0.475656
0.523377
0.553317
0.414324
0.563828
0.429558
0.494082
0.582517
0.536144
0.531023
0.489279
0.548408
0.600808
0.475342
0.448312
0.348115
0.683086
0.442063
0.453088
0.438447
0.578801
0.388971
0.480638
0.421283
0.502594
0.445716
0.532058
0.370347
0.405806
0.527561
0.480514
0.417879
0.333399
0.380253
0.583146
0.534479
0.558863
0.480299
0.50867
0.586173
0.480567
0.503245
0.414557
0.478556
0.682568
0.635784
0.464684
0.498612
0.557404
0.445846
0.510366
0.540633
0.457947
0.33809
0.564751
0.553403
0.589896
0.510478
0.582536
0.371619
0.376063
0.390929
0.514043
0.39529
0.61808
0.471306
0.434701
0.556653
0.650745
0.469275
0.458009
0.564887
0.228713
0.536867
0.322094
0.544747
0.50479
0.697841
0.597019
0.585956
0.453613
0.334236
0.591991
0.596038
0.564034
0.555777
0.648707
0.499996
0.468051
0.474094
0.589046
0.556063
0.393662
0.566959
0.642394
0.557527
0.523565
0.356087
0.509897
0.666389
0.511121
0.435253
0.429967
0.675431
0.449575
0.473837
0.391413
0.621013
0.410023
0.48412
0.497585
0.369739
0.358167
0.478989
0.316957
0.477878
0.629416
0.559951
0.562599
0.67323
0.586436
0.463667
0.425044
0.534897
0.502778
0.558483
0.440041
0.547214
0.610737
0.420709
0.504768
0.479848
0.521134
0.533702
0.663074
0.296893
0.467251
0.441066
0.562364
0.52353
0.544655
0.648578
0.341773
0.499645
0.513216
0.607728
0.443298
0.425533
0.397116
0.52703
0.344606
0.655637
0.463207
0.345566
0.39424
0.322025
0.677593
0.466481
0.587002
0.470116
0.434843
0.386449
0.549312
0.664904
0.423775
0.570389
0.311368
0.476772
0.63829
0.409023
0.424976
0.381706
0.461251
0.560115
0.342939
0.61154
0.543941
0.612528
0.407935
0.465642
0.473173
0.525525
0.405833
0.446208
0.362641
0.48401
0.320437
0.405136
0.624643
0.373674
0.383684
0.491227
0.572838
0.518331
0.647333
0.362235
0.576219
0.534967
0.709234
0.577076
0.629034
0.55033
0.509291
0.70928
0.420901
0.586171
0.367252
0.42357
0.585906
0.558515
0.566518
0.433197
0.578988
0.649635
0.395157
0.506486
0.37248
0.499668
0.537379
0.416792
0.285159
0.428117
0.465726
0.430867
0.450728
0.533732
0.616285
0.30642
0.502174
0.434578
0.436252
0.720406
0.49296
0.598353
0.575214
0.475415
0.495562
0.376317
0.548534
0.532255
0.612394
0.292461
0.433267
0.592638
0.503662
0.452837
0.564072
0.40666
0.381274
0.328253
0.578596
0.505527
0.537408
0.526796
0.418846
0.560777
0.570913
0.510965
0.427117
0.44703
0.444224
0.627435
0.482039
0.53606
0.448027
0.505796
0.502358
0.475789
0.570402
0.54585
0.503105
0.508577
0.561757
0.251372
0.520819
0.458941
0.656345
0.481485
0.63153
0.371657
0.655727
0.579111
0.46724
0.306938
0.599045
0.299219
0.393678
0.600209
0.539531
0.497879
0.544117
0.569726
0.616171
0.356427
0.611093
0.606119
0.554019
0.503297
0.57988
0.503691
0.446144
0.459387
0.644629
0.394081
0.464758
0.371087
0.480074
0.618721
0.418578
0.608397
0.448785
0.527237
0.518037
0.593819
0.405937
0.61478
0.429448
0.591008
0.420623
0.41202
0.293802
0.420452
0.464753
0.517345
0.355378
0.382706
0.527636
0.611548
0.489886
0.458021
0.596334
0.521113
0.641409
0.414456
0.498952
0.596964
0.47191
0.59487
0.54003
0.451317
0.396635
0.366457
0.364238
0.54609
0.523244
0.504777
0.466628
0.552058
0.532067
0.647498
0.424688
0.598771
0.429375
0.491381
0.359519
0.411004
0.475117
0.519282
0.54046
0.578282
0.531092
0.432252
0.529508
0.629848
0.595061
0.525095
0.318954
0.48817
0.580829
0.682003
0.447637
0.549891
0.373868
0.482202
0.588282
0.393923
0.53657
0.393803
0.58041
0.642122
0.556765
0.397327
0.740331
0.398815
0.327664
0.418682
0.611779
0.571183
0.716908
0.564617
0.527767
0.623324
0.526955
0.541989
0.43627
0.442579
0.468549
0.505441
0.399383
0.497485
0.563569
0.616381
0.607634
0.54252
0.463054
0.509418
0.258143
0.475559
0.510766
0.450724
0.527385
0.479762
0.502164
0.53603
0.426307
0.482392
0.5832
0.514278
0.557609
0.538828
0.402868
0.436221
0.402018
0.600841
0.577993
0.715537
0.442414
0.653973
0.448254
0.453326
0.591709
0.609628
0.59397
0.615104
0.422395
0.513289
0.458732
0.462734
0.502723
0.481028
0.463453
0.431973
0.726497
0.502299
0.617988
0.509633
0.380508
0.547726
0.530969
0.502596
0.525643
0.496438
0.388047
0.504241
0.474771
0.548251
0.413267
0.352105
0.6325
0.411778
0.547827
0.53387
0.518959
0.560349
0.575002
0.437075
0.431774
0.623386
0.489553
0.451217
0.507449
0.431664
0.554468
0.519182
0.525384
0.46068
0.307405
0.398249
0.454809
0.317113
0.573759
0.529159
0.676914
0.489164
0.412781
0.425061
0.521529
0.532325
0.567726
0.480396
0.339701
0.487916
0.510541
0.263074
0.390567
0.432518
0.466107
0.591587
0.452946
0.532197
0.670621
0.511963
0.47911
0.526195
0.763207
0.577774
0.290214
0.690572
0.429374
0.499668
0.369911
0.433021
0.409503
0.569181
0.4447
0.645899
0.455027
0.574889
0.446581
0.395273
0.459548
0.517201
0.435643
0.449572
0.511626
0.491417
0.417212
0.652222
0.710542
0.646922
0.420253
0.518396
0.455836
0.543692
0.610707
0.486839
0.365966
0.515558
0.395533
0.483457
0.400985
0.612952
0.530186
0.554181
0.458621
0.536161
0.474367
0.500373
0.582715
0.583355
0.547848
0.500843
0.367485
0.525995
0.520252
0.430296
0.560618
0.487445
0.625669
0.384857
0.362728
0.438944
0.525045
0.401043
0.590238
0.640344
0.446293
0.605397
0.51329
0.541322
0.414108
0.557722
0.499806
0.522033
0.438519
0.351677
0.391366
0.490474
0.463213
0.512247
0.406084
0.467105
0.581726
0.680412
0.708208
0.475529
0.511597
0.40109
0.503703
0.521369
0.573644
0.531222
0.515587
0.47969
0.355529
0.460673
0.462355
0.524668
0.445816
0.489346
0.607312
0.623429
0.606771
0.429758
0.466224
0.479298
0.311152
0.505047
0.455167
0.34797
0.400312
0.588206
0.430031
0.463392
0.527929
0.379083
0.613651
0.498425
0.535734
0.441502
0.426057
0.448655
0.564627
0.623616
0.62789
0.565967
0.236606
0.660395
0.356539
0.48182
0.449967
0.407935
0.479101
0.448408
0.212262
0.585047
0.505793
0.689192
0.39253
0.498372
0.401972
0.588562
0.506356
0.503054
0.506453
0.663672
0.454333
0.501773
0.508351
0.549769
0.616548
0.610725
0.554194
0.393623
0.462728
0.421925
0.551599
0.587945
0.56972
0.466982
0.305317
0.492954
0.545019
0.538277
0.466001
0.379548
0.637073
0.549263
0.491573
0.491805
0.570142
0.516369
0.615594
0.364823
0.3735
0.420807
0.586592
0.447197
0.481819
0.459314
0.386796
0.565702
0.665599
0.718687
0.558307
0.533034
0.707526
0.509722
0.459211
0.537748
0.3727
0.471965
0.44173
0.468818
0.427673
0.511443
0.488979
0.315495
0.545291
0.559361
0.566474
0.54647
0.389366
0.44049
0.539051
0.310578
0.705207
0.415787
0.473375
0.514609
0.549121
0.61454
0.490768
0.422021
0.571963
0.397143
0.554612
0.579688
0.428908
0.490359
0.471104
0.418053
0.519603
0.512729
0.55168
0.483346
0.469902
0.358555
0.429965
0.448842
0.648444
0.334671
0.445605
0.415354
0.368311
0.44501
0.701914
0.349502
0.45609
0.593715
0.573763
0.421532
0.577663
0.528385
0.486683
0.592764
0.392079
0.670773
0.407694
0.46602
0.561919
0.583059
0.482875
0.550677
0.580558
0.693606
0.426272
0.507254
0.583796
0.656882
0.309201
0.624724
0.495343
0.547996
0.518612
0.447053
0.512665
0.593122
0.647646
0.403707
0.571756
0.512804
0.45109
0.61217
0.536408
0.505976
0.642941
0.508811
0.339591
0.528273
0.632846
0.627686
0.461599
0.41901
0.492692
0.685178
0.461611
0.406967
0.414155
0.641628
0.686402
0.575931
0.462577
0.499411
0.361926
0.2967
0.452024
0.460187
0.630535
0.533036
0.460952
0.402342
0.52865
0.604857
0.47741
0.452896
0.506699
0.542724
0.607262
0.616473
0.575192
0.39345
0.49842
0.487165
0.517831
0.637462
0.52863
0.407443
0.544567
0.454316
0.573874
0.451527
0.36457
0.423545
0.518983
0.298904
0.6411
0.473805
0.591598
0.42699
0.647291
0.394063
0.495115
0.490181
0.573899
0.596356
0.48584
0.465848
0.547105
0.470424
0.584039
0.536089
0.396467
0.596315
0.428164
0.437347
0.570185
0.481817
0.47602
0.548285
0.526836
0.567386
0.726203
0.399569
0.439798
0.49199
0.277648
0.577529
0.53259
0.439083
0.664659
0.456908
0.52041
0.482719
0.499348
0.436223
0.465155
0.329557
0.522903
0.462523
0.758262
0.503341
0.511674
0.420616
0.427738
0.444176
0.503567
0.525131
0.422759
0.495724
0.504788
0.692034
0.461275
0.329232
0.606499
0.679526
0.533072
0.604055
0.385484
0.476524
0.532776
0.390154
0.48245
0.380189
0.554323
0.678812
0.54613
0.342281
0.51044
0.383586
0.500871
0.677369
0.447721
0.48431
0.439924
0.414227
0.809907
0.592734
0.366207
0.335015
0.459023
0.519175
0.396806
0.485134
0.69603
0.595324
0.417039
0.549923
0.529715
0.459143
0.51443
0.482643
0.524543
0.533572
0.442467
0.43148
0.415254
0.331538
0.558557
0.551577
0.607989
0.59553
0.550112
0.501382
0.494785
0.630825
0.407248
0.510903
0.4903
0.517175
0.420091
0.572692
0.456667
0.584594
0.473227
0.344735
0.614385
0.414638
0.579364
0.467624
0.544225
0.579364
0.638797
0.286742
0.467119
0.555928
0.430812
0.63342
0.546066
0.455574
0.437679
0.657336
0.586093
0.481531
0.27143
0.515697
0.415359
0.681136
0.518145
0.513024
0.412511
0.483264
0.633998
0.448644
0.602439
0.512934
0.421835
0.567287
0.574601
0.350757
0.486627
0.621433
0.285125
0.455633
0.512613
0.442376
0.585925
0.494937
0.324531
0.380231
0.481105
0.427174
0.389848
0.511382
0.342945
0.557882
0.48841
0.425183
0.526792
0.440343
0.420504
0.489967
0.506245
0.518439
0.643825
0.561734
0.506993
0.609773
0.624388
0.437133
0.549762
0.502958
0.655934
0.565681
0.519799
0.493756
0.64696
0.424393
0.762411
0.410532
0.593958
0.421315
0.461043
0.680259
0.454062
0.432727
0.586479
0.462119
0.499764
0.392034
0.512719
0.526488
0.382941
0.736699
0.577162
0.482906
0.654932
0.5828
0.519731
0.5614
0.483957
0.535104
0.467617
0.627307
0.480687
0.453826
0.439345
0.460533
0.487327
0.587524
0.523908
0.455963
0.505061
0.644847
0.547722
0.402515
0.529305
0.516167
0.474221
0.474114
0.431671
0.469367
0.587907
0.516647
0.57215
0.632367
0.696722
0.640729
0.544482
0.338252
0.543645
0.430918
0.452276
0.447112
0.550425
0.457757
0.48293
0.372043
0.423409
0.329844
0.490947
0.524983
0.533465
0.648885
0.421786
0.461368
0.538998
0.631483
0.401895
0.64088
0.453127
0.437172
0.490125
0.534814
0.563096
0.493028
0.43024
0.598898
0.492026
0.630929
0.563785
0.49366
0.350166
0.454332
0.457083
0.672743
0.454801
0.427236
0.465689
0.572818
0.505038
0.528746
0.604142
0.627055
0.379698
0.542456
0.508395
0.587377
0.383583
0.550654
0.472825
0.37901
0.599428
0.679119
0.513273
0.424115
0.509847
0.489064
0.452084
0.559585
0.435664
0.438572
0.640647
0.437354
0.594002
0.436643
0.529462
0.433854
0.411555
0.588746
0.46532
0.408543
0.435516
0.383569
0.439671
0.439694
0.466629
0.496426
0.53182
0.528931
0.495894
0.485565
0.485108
0.504271
0.458475
0.433402
0.423765
0.364711
0.425381
0.435502
0.462661
0.597688
0.535554
0.365869
0.481708
0.464012
0.427984
0.447945
0.431191
0.483162
0.465538
0.536451
0.503853
0.365109
0.549212
0.366005
0.354068
0.623113
0.403534
0.448237
0.563997
0.565231
0.57089
0.599888
0.551121
0.500535
0.484581
0.560181
0.581093
0.609342
0.397426
0.606504
0.494395
0.415025
0.524788
0.503264
0.474787
0.458259
0.517911
0.619515
0.582081
0.512842
0.415487
0.526777
0.541329
0.795499
0.428425
0.439206
0.524988
0.610381
0.394783
0.284111
0.684215
0.532222
0.598919
0.49153
0.279946
0.370427
0.480868
0.467418
0.533938
0.469635
0.56906
0.465734
0.46451
0.390563
0.451477
0.50053
0.491228
0.578256
0.457393
0.63991
0.387324
0.463117
0.553869
0.3995
0.528153
0.553385
0.368222
0.503874
0.628552
0.566015
0.529689
0.410146
0.381458
0.406181
0.380563
0.488721
0.704719
0.443918
0.639106
0.431978
0.572512
0.749702
0.503554
0.412456
0.35236
0.539017
0.468593
0.437866
0.588242
0.439297
0.482693
0.551058
0.464832
0.630855
0.60672
0.598844
0.557431
0.326717
0.541288
0.344357
0.416689
0.444574
0.672343
0.423412
0.45675
0.587316
0.341479
0.34611
0.409969
0.486921
0.47956
0.620718
0.580902
0.479731
0.449215
0.427628
0.576784
0.469438
0.623812
0.396984
0.511251
0.497403
0.587574
0.344352
0.472587
0.578163
0.473494
0.594573
0.417316
0.471321
0.462767
0.474745
0.494482
0.249252
0.451467
0.583041
0.625497
0.383358
0.447243
0.44086
0.258962
0.409883
0.590835
0.511581
0.489413
0.549582
0.504235
0.519991
0.573444
0.643813
0.349361
0.63221
0.596232
0.432911
0.438139
0.456748
0.235979
0.640975
0.566905
0.503084
0.543353
0.344489
0.655105
0.484956
0.497509
0.490474
0.450254
0.581322
0.619831
0.593152
0.518199
0.468739
0.421049
0.776377
0.469715
0.414693
0.326914
0.54238
0.581525
0.372168
0.47217
0.535654
0.551858
0.54157
0.47206
0.634075
0.487677
0.466852
0.575152
0.537654
0.652771
0.608504
0.470819
0.338575
0.512894
0.386841
0.469187
0.544488
0.496209
0.414795
0.490957
0.590256
0.544294
0.440217
0.599005
0.511701
0.36101
0.593452
0.47318
0.568108
0.57357
0.486756
0.474305
0.488592
0.402158
0.637893
0.662852
0.380654
0.291509
0.491019
0.43235
0.577578
0.589856
0.583778
0.587073
0.514591
0.467717
0.360266
0.538118
0.511959
0.550997
0.555347
0.511492
0.50653
0.599928
0.476558
0.356375
0.411466
0.597401
0.485627
0.611235
0.497201
0.617263
0.63242
0.430044
0.474974
0.525197
0.519895
0.490312
0.627507
0.521825
0.479445
0.399255
0.669742
0.569716
0.511769
0.483892
0.435795
0.552992
0.599216
0.495432
0.576562
0.400285
0.521302
0.477812
0.615732
0.558797
0.305912
0.544817
0.550194
0.63928
0.624447
0.579699
0.694141
0.458756
0.489983
0.415786
0.354454
0.389833
0.44328
0.476074
0.388188
0.382535
0.512259
0.644337
0.531343
0.556542
0.406348
0.609822
0.501289
0.568814
0.557881
0.572128
0.463579
0.443585
0.548516
0.612394
0.417111
0.408734
0.559413
0.631448
0.489908
0.414598
0.459698
0.625128
0.551049
0.518299
0.598527
0.411471
0.732586
0.598695
0.391832
0.444045
0.518542
0.524109
0.595621
0.540194
0.39638
0.527004
0.533487
0.722516
0.579612
0.4468
0.496753
0.516424
0.598487
0.6841
0.561471
0.466161
0.419002
0.366556
0.567267
0.426185
0.488731
0.558704
0.478814
0.454359
0.42128
0.555085
0.60148
0.477925
0.519422
0.678019
0.548505
0.722749
0.400292
0.458421
0.257811
0.490897
0.524245
0.510092
0.432358
0.541082
0.542333
0.514932
0.328723
0.571092
0.665558
0.418566
0.34437
0.520824
0.622417
0.492906
0.554853
0.509087
0.509474
0.554192
0.427974
0.586856
0.653015
0.532096
0.592715
0.434205
0.488102
0.4675
0.466524
0.447671
0.424638
0.573593
0.445326
0.459334
0.608318
0.426966
0.336419
0.498425
0.497645
0.5624
0.565166
0.450809
0.566448
0.627094
0.51223
0.491229
0.504643
0.207096
0.338811
0.557706
0.428233
0.570746
0.433193
0.40705
0.522857
0.480945
0.462638
0.534943
0.333447
0.61013
0.440469
0.463602
0.47585
0.448839
0.418973
0.494553
0.484559
0.530793
0.594515
0.493589
0.723959
0.50445
0.462046
0.519498
0.678794
0.463018
0.481972
0.527696
0.602831
0.501954
0.623136
0.574422
0.442981
0.504979
0.521418
0.416686
0.569424
0.566717
0.444288
0.54769
0.430556
0.342044
0.477379
0.72698
0.514861
0.369309
0.549962
0.659104
0.440105
0.446595
0.291969
0.644104
0.603499
0.247221
0.465999
0.467672
0.414806
0.542737
0.543523
0.618369
0.497594
0.558662
0.495276
0.513795
0.582165
0.520281
0.641618
0.287165
0.526943
0.452819
0.459426
0.430257
0.493399
0.382365
0.467839
0.508237
0.362862
0.340933
0.315999
0.556389
0.521859
0.51109
0.471672
0.438328
0.455892
0.552595
0.560434
0.389777
0.47986
0.635556
0.430901
0.491552
0.396599
0.461608
0.522221
0.5099
0.713297
0.286662
0.385884
0.511886
0.458842
0.265818
0.564631
0.508061
0.533408
0.623043
0.557076
0.394139
0.484892
0.405263
0.497383
0.557998
0.345088
0.512538
0.355182
0.38779
0.571766
0.403036
0.511624
0.761538
0.531095
0.453534
0.393313
0.518061
0.418158
0.41322
0.5466
0.503679
0.451546
0.620592
0.510515
0.458596
0.491346
0.560287
0.397394
0.551468
0.618075
0.518706
0.416051
0.490134
0.473437
0.354319
0.573097
0.431057
0.502016
0.530585
0.463818
0.479538
0.34634
0.466438
0.414801
0.517299
0.436002
0.341325
0.466252
0.413561
0.574826
0.648819
0.382775
0.47028
0.468337
0.424851
0.457118
0.621727
0.547068
0.38365
0.52221
0.453139
0.529542
0.576496
0.312558
0.522692
0.43202
0.54543
0.416901
0.465572
0.570416
0.276104
0.539749
0.528474
0.513022
0.460966
0.640246
0.42737
0.631021
0.466024
0.542581
0.440912
0.556994
0.451456
0.612929
0.546401
0.49994
0.628368
0.473701
0.474741
0.478607
0.541024
0.476672
0.60537
0.523195
0.545918
0.482309
0.441651
0.658797
0.51608
0.49343
0.501771
0.622204
0.43104
0.467091
0.629709
0.476999
0.519898
0.57939
0.375371
0.480137
0.607006
0.543639
0.512517
0.61648
0.56676
0.483168
0.557636
0.456066
0.526067
0.535762
0.622479
0.602138
0.660062
0.417568
0.577438
0.386262
0.408682
0.500038
0.52256
0.430148
0.298754
0.554282
0.557448
0.432033
0.288257
0.593001
0.410897
0.448833
0.556475
0.490899
0.435573
0.433468
0.445776
0.490325
0.392657
0.450127
0.517777
0.599609
0.545818
0.528461
0.518709
0.567388
0.553498
0.531007
0.5558
0.566971
0.492945
0.696403
0.568548
0.550584
0.569022
0.684273
0.535775
0.334117
0.65531
0.48589
0.591375
0.248768
0.384584
0.678052
0.528738
0.546775
0.350244
0.585861
0.35581
0.474195
0.599842
0.483391
0.419822
0.424476
0.39636
0.499499
0.552738
0.562346
0.492418
0.609324
0.595497
0.558332
0.60716
0.480302
0.641168
0.599995
0.41504
0.504787
0.494153
0.546747
0.350314
0.489685
0.674621
0.370911
0.500551
0.486748
0.604376
0.478446
0.40699
0.535489
0.592397
0.628559
0.409154
0.653941
0.595312
0.372194
0.665601
0.450773
0.560121
0.705179
0.552266
0.44556
0.563482
0.482579
0.684364
0.472265
0.44393
0.566614
0.427358
0.504309
0.380428
0.381231
0.457019
0.477846
0.402667
0.422269
0.598156
0.403167
0.525567
0.62286
0.516103
0.542441
0.482484
0.499569
0.454587
0.395248
0.488619
0.505481
0.508153
0.371696
0.498198
0.392296
0.486819
0.446136
0.525995
0.634206
0.475195
0.672814
0.485801
0.392176
0.507807
0.308062
0.655514
0.497971
0.576921
0.621914
0.510478
0.413096
0.358682
0.495305
0.373825
0.468581
0.387902
0.587315
0.414522
0.317316
0.431393
0.420182
0.480908
0.531444
0.404237
0.568088
0.48952
0.55307
0.542948
0.54902
0.496032
0.457369
0.493989
0.507274
0.557176
0.412904
0.495647
0.637461
0.349539
0.524802
0.625805
0.439137
0.443152
0.622157
0.457673
0.504499
0.53484
0.601879
0.510077
0.429816
0.528306
0.466926
0.498427
0.504603
0.504985
0.397669
0.587034
0.670771
0.561694
0.470929
0.612961
0.557318
0.598189
0.491976
0.496125
0.584377
0.319713
0.530598
0.569912
0.49371
0.476694
0.653086
0.561083
0.401063
0.495768
0.617816
0.417287
0.579025
0.563325
0.452828
0.425033
0.367348
0.404823
0.559648
0.380488
0.570957
0.560135
0.488321
0.470025
0.544165
0.487229
0.40445
0.386948
0.472873
0.433507
0.519789
0.35537
0.554845
0.296185
0.48373
0.451754
0.541394
0.550074
0.333812
0.609141
0.342132
0.453224
0.479137
0.558632
0.407689
0.447857
0.641397
0.607232
0.493604
0.35609
0.603952
0.470665
0.471869
0.626974
0.620231
0.574336
0.494881
0.423377
0.608455
0.705123
0.429853
0.644312
0.510507
0.34122
0.469993
0.460318
0.418541
0.606785
0.392076
0.596523
0.473679
0.392681
0.468273
0.430089
0.616973
0.554116
0.453419
0.375723
0.523542
0.540542
0.657165
0.415004
0.576622
0.43268
0.473735
0.582284
0.538995
0.55608
0.580315
0.651979
0.4551
0.410171
0.528346
0.579062
0.56787
0.396247
0.340317
0.426637
0.660132
0.447422
0.687886
0.571474
0.631201
0.558064
0.365495
0.510436
0.395059
0.479784
0.486864
0.697764
0.337306
0.595575
0.720091
0.32518
0.393849
0.503231
0.640319
0.513862
0.415064
0.533705
0.617238
0.419307
0.454976
0.499587
0.467957
0.45719
0.475745
0.413439
0.494089
0.540313
0.483556
0.435231
0.38512
0.373799
0.512791
0.502658
0.408483
0.587697
0.35111
0.467669
0.519982
0.493215
0.548907
0.507032
0.516516
0.630801
0.382324
0.694338
0.616345
0.535364
0.43984
0.515332
0.390395
0.67591
0.578195
0.478025
0.381399
0.533946
0.644223
0.613549
0.435952
0.466998
0.684918
0.38327
0.437827
0.460647
0.468862
0.602177
0.469191
0.404499
0.417912
0.45813
0.639638
0.334554
0.398832
0.55105
0.511241
0.466456
0.550335
0.495683
0.511091
0.701145
0.221768
0.426103
0.561097
0.516454
0.475488
0.509637
0.568086
0.565243
0.555714
0.522433
0.605513
0.482679
0.552461
0.458432
0.48141
0.462292
0.489917
0.538025
0.625433
0.492508
0.444415
0.452199
0.441196
0.55234
0.447936
0.722542
0.458327
0.446986
0.458857
0.476957
0.68198
0.421107
0.482433
0.435524
0.375813
0.61957
0.499299
0.47042
0.427729
0.572502
0.511038
0.548396
0.635937
0.363514
0.637666
0.483793
0.616216
0.596974
0.502645
0.524644
0.569482
0.512279
0.51683
0.663925
0.462112
0.500063
0.423529
0.612543
0.55969
0.357329
0.392648
0.390204
0.318179
0.57554
0.652651
0.484806
0.574767
0.387694
0.424878
0.600559
0.593929
0.507491
0.375521
0.559538
0.51254
0.57568
0.326341
0.540948
0.491128
0.485743
0.566011
0.536853
0.41666
0.493094
0.579718
0.472712
0.315529
0.318983
0.565475
0.585552
0.523695
0.442362
0.531342
0.472161
0.52419
0.529966
0.568561
0.514214
0.600526
0.586915
0.471373
0.556768
0.56777
0.417173
0.325086
0.461095
0.531383
0.365216
0.409719
0.472364
0.487164
0.467306
0.467353
0.437196
0.413931
0.672806
0.357088
0.475674
0.523872
0.502976
0.472281
0.356878
0.423749
0.596745
0.420543
0.446605
0.403444
0.449983
0.367723
0.590405
0.506601
0.586813
0.322926
0.36464
0.351413
0.508547
0.49235
0.572784
0.457867
0.347864
0.455548
0.583715
0.601066
0.512864
0.618477
0.403282
0.4485
0.437686
0.27349
0.439965
0.552437
0.463376
0.547197
0.569981
0.656893
0.554765
0.542917
0.626697
0.341891
0.516112
0.485211
0.433775
0.366037
0.500309
0.449768
0.470983
0.681691
0.513494
0.712717
0.506146
0.485325
0.598917
0.479189
0.346233
0.428896
0.440964
0.451747
0.355129
0.556399
0.262264
0.475106
0.655135
0.54299
0.593821
0.644303
0.573819
0.4024
0.480181
0.689291
0.417324
0.391603
0.438634
0.449702
0.645803
0.280005
0.423505
0.429306
0.49617
0.563702
0.45362
0.570469
0.441889
0.493615
0.44306
0.614703
0.399047
0.549628
0.532337
0.516179
0.582512
0.331088
0.449173
0.650847
0.585466
0.547359
0.335095
0.514607
0.600189
0.480366
0.556066
0.529739
0.417443
0.454358
0.47244
0.679577
0.536394
0.5864
0.575526
0.467227
0.58648
0.5044
0.405098
0.544863
0.507234
0.407719
0.544215
0.485954
0.451528
0.508745
0.444742
0.473539
0.472301
0.532045
0.568995
0.453444
0.422319
0.561026
0.539972
0.452139
0.34107
0.310303
0.37465
0.584683
0.422426
0.565238
0.431871
0.479009
0.551221
0.568431
0.53837
0.418583
0.466441
0.446194
0.563514
0.456223
0.453258
0.75633
0.395383
0.477694
0.485634
0.501829
0.527813
0.594432
0.335811
0.493359
0.500103
0.620545
0.336477
0.556724
0.438062
0.44004
0.525972
0.469735
0.527167
0.495981
0.426403
0.476226
0.505564
0.43406
0.499072
0.463218
0.496745
0.508888
0.591177
0.600538
0.608711
0.512034
0.532237
0.530449
0.50849
0.406663
0.558252
0.358157
0.537902
0.354399
0.436137
0.632327
0.568503
0.395805
0.430487
0.418026
0.700651
0.396663
0.599274
0.452789
0.493696
0.598025
0.524603
0.539792
0.671294
0.508772
0.579191
0.470382
0.377918
0.555214
0.598747
0.381526
0.369631
0.453037
0.574989
0.64198
0.504229
0.492677
0.303543
0.524294
0.352918
0.430009
0.515509
0.558045
0.587681
0.449984
0.491009
0.372944
0.505547
0.421661
0.39757
0.528793
0.433005
0.388833
0.415705
0.392494
0.610818
0.441263
0.408625
0.460642
0.491556
0.487281
0.562493
0.439485
0.489159
0.599321
0.56822
0.48232
0.501905
0.529728
0.435285
0.547688
0.287178
0.494952
0.522625
0.480003
0.498446
0.402037
0.541154
0.52752
0.501924
0.342082
0.527012
0.700864
0.472397
0.501143
0.504174
0.538567
0.624722
0.439821
0.549563
0.584408
0.469569
0.468551
0.543382
0.49457
0.488967
0.596417
0.531867
0.380957
0.409278
0.457074
0.549218
0.560262
0.306245
0.416136
0.440002
0.316678
0.408771
0.540208
0.392829
0.59942
0.575163
0.558463
0.540658
0.364507
0.697549
0.373506
0.502608
0.433521
0.547259
0.578996
0.736684
0.580373
0.505956
0.417326
0.44235
0.470357
0.534358
0.561395
0.49644
0.564062
0.512407
0.530332
0.525386
0.562008
0.441774
0.549777
0.411317
0.504128
0.433642
0.543127
0.499084
0.551528
0.511702
0.590928
0.515807
0.566206
0.342364
0.42138
0.334083
0.567729
0.661197
0.595695
0.504498
0.584108
0.496647
0.527836
0.552645
0.627434
0.399113
0.62895
0.480368
0.51308
0.565494
0.592575
0.630481
0.604581
0.606358
0.537496
0.568751
0.604588
0.434896
0.6009
0.606452
0.425539
0.56387
0.525273
0.531353
0.462019
0.478803
0.608225
0.434496
0.550027
0.412662
0.685274
0.514693
0.436658
0.47935
0.691338
0.512172
0.497003
0.530326
0.497507
0.567341
0.323328
0.480726
0.445424
0.620189
0.374895
0.308367
0.602409
0.560331
0.515059
0.561068
0.436207
0.507295
0.375553
0.414742
0.559067
0.54512
0.47617
0.506741
0.416595
0.454905
0.591303
0.425981
0.497634
0.383474
0.493132
0.473388
0.417205
0.555835
0.514464
0.513257
0.575302
0.583657
0.262587
0.618122
0.52014
0.44153
0.578712
0.466794
0.345225
0.377279
0.475905
0.487235
0.52539
0.392147
0.401672
0.442973
0.347744
0.471211
0.459644
0.443802
0.519233
0.363879
0.288095
0.418525
0.233315
0.308912
0.531297
0.519551
0.554024
0.367883
0.553013
0.336171
0.526488
0.575559
0.529695
0.675374
0.448722
0.535205
0.62424
0.426101
0.540337
0.581348
0.479447
0.554858
0.519551
0.502058
0.483587
0.587649
0.550695
0.45735
0.548781
0.415207
0.450166
0.449838
0.506178
0.515556
0.539586
0.598283
0.460175
0.519934
0.510687
0.534253
0.357239
0.555183
0.717219
0.586587
0.513143
0.777693
0.534995
0.437939
0.605726
0.571059
0.531915
0.332175
0.478557
0.711627
0.465646
0.580936
0.414178
0.513124
0.477362
0.462227
0.32387
0.643616
0.575793
0.523396
0.764166
0.465065
0.506545
0.495415
0.428635
0.377782
0.577485
0.494912
0.676711
0.459101
0.66175
0.434916
0.649666
0.367649
0.525709
0.384824
0.487047
0.441593
0.330005
0.414615
0.495247
0.551304
0.527575
0.427893
0.633106
0.47387
0.433335
0.532839
0.267741
0.638972
0.565988
0.519708
0.517102
0.652624
0.563204
0.50803
0.533984
0.437336
0.347202
0.396202
0.499578
0.63427
0.368527
0.490703
0.482837
0.495019
0.481631
0.411662
0.485306
0.647629
0.506615
0.366093
0.52927
0.453569
0.507281
0.34959
0.460404
0.479318
0.466442
0.381837
0.424361
0.388346
0.365184
0.600812
0.540047
0.416221
0.673593
0.535089
0.430567
0.523673
0.536211
0.643187
0.486157
0.329417
0.586283
0.353427
0.521664
0.606628
0.448639
0.55731
0.554427
0.583932
0.391814
0.503942
0.366709
0.423858
0.465839
0.512575
0.530074
0.458701
0.512844
0.564867
0.457425
0.345779
0.563474
0.65797
0.511684
0.661111
0.632845
0.394135
0.538355
0.482553
0.505564
0.451989
0.402534
0.520493
0.450132
0.429238
0.599179
0.636196
0.428812
0.566026
0.468746
0.544953
0.469826
0.65275
0.488572
0.333215
0.444552
0.695634
0.523679
0.625899
0.543129
0.357914
0.608953
0.522128
0.467701
0.614018
0.397903
0.574652
0.563294
0.548637
0.65154
0.620261
0.582088
0.50214
0.454149
0.475517
0.52766
0.508294
0.431038
0.694176
0.45153
0.489807
0.406607
0.439674
0.375119
0.371704
0.579384
0.458128
0.586044
0.542129
0.50394
0.444282
0.508405
0.534651
0.657881
0.474907
0.372555
0.425704
0.535398
0.541159
0.41057
0.435334
0.54713
0.343452
0.579478
0.48892
0.419397
0.519422
0.565022
0.442113
0.474107
0.457603
0.444564
0.290738
0.633953
0.606449
0.488505
0.38193
0.435785
0.520378
0.455355
0.412345
0.448324
0.491554
0.586397
0.443773
0.678657
0.498132
0.53166
0.586035
0.41526
0.556738
0.639689
0.491577
0.393544
0.498993
0.519393
0.475704
0.483219
0.598895
0.533032
0.52091
0.585062
0.459937
0.60517
0.443333
0.387922
0.527849
0.633229
0.59384
0.57512
0.526881
0.461034
0.435832
0.382641
0.524598
0.427536
0.38635
0.299832
0.412165
0.728678
0.526618
0.366575
0.444135
0.631148
0.482676
0.559202
0.313808
0.552544
0.446304
0.370694
0.447223
0.573261
0.450943
0.578979
0.480904
0.471184
0.436881
0.460442
0.445506
0.471066
0.534477
0.544034
0.50953
0.476232
0.463751
0.51464
0.344318
0.301054
0.393166
0.562656
0.553558
0.448392
0.520007
0.340008
0.367579
0.477021
0.52924
0.521122
0.334723
0.579796
0.557314
0.480637
0.449138
0.444129
0.431857
0.487931
0.436342
0.592114
0.477785
0.48182
0.574956
0.49841
0.574855
0.327066
0.465043
0.459796
0.421214
0.467599
0.460483
0.54108
0.402063
0.579673
0.464897
0.447809
0.582045
0.491409
0.547624
0.477051
0.634524
0.473513
0.568306
0.573253
0.590453
0.519188
0.405659
0.466998
0.434027
0.519578
0.568043
0.700236
0.591914
0.504342
0.620484
0.442374
0.357305
0.555241
0.494801
0.677365
0.559632
0.51392
0.55657
0.492733
0.635286
0.59331
0.684643
0.427246
0.574207
0.565396
0.475996
0.534742
0.611772
0.336366
0.420715
0.497359
0.504908
0.533409
0.498933
0.472265
0.575905
0.315766
0.433601
0.481685
0.626937
0.48586
0.389965
0.356881
0.422817
0.514668
0.444697
0.52246
0.609056
0.308723
0.454612
0.558213
0.476827
0.434474
0.43698
0.701431
0.505947
0.478956
0.330434
0.453456
0.611558
0.364052
0.537538
0.429988
0.489679
0.444877
0.457086
0.645459
0.501357
0.511113
0.496249
0.347551
0.454674
0.573392
0.309713
0.618754
0.538387
0.455128
0.344977
0.337581
0.630522
0.52344
0.480036
0.5429
0.449766
0.581149
0.421655
0.57059
0.537036
0.505035
0.489532
0.432505
0.449133
0.453914
0.443639
0.483538
0.615924
0.583277
0.51906
0.47333
0.357015
0.59161
0.51471
0.504973
0.673438
0.586712
0.539318
0.623817
0.424358
0.398671
0.350085
0.435297
0.568392
0.579408
0.22651
0.601441
0.393618
0.51698
0.503823
0.591545
0.479912
0.556133
0.34759
0.563246
0.531769
0.554859
0.583002
0.626026
0.389298
0.619997
0.499459
0.38995
0.369614
0.553213
0.533035
0.528229
0.410376
0.401944
0.686494
0.482983
0.481765
0.448213
0.678506
0.619346
0.502703
0.481464
0.320786
0.483851
0.441676
0.489879
0.603894
0.548807
0.30202
0.467898
0.529449
0.425172
0.586099
0.475955
0.558574
0.60218
0.502303
0.50172
0.553394
0.522797
0.523338
0.560433
0.470449
0.429834
0.523816
0.335158
0.521924
0.51835
0.519676
0.596121
0.452608
0.405723
0.401506
0.451536
0.487545
0.5816
0.398353
0.570608
0.487371
0.625669
0.628156
0.482719
0.505342
0.68201
0.485465
0.495021
0.672108
0.554536
0.486627
0.38402
0.541326
0.438858
0.437167
0.504934
0.411196
0.531634
0.505609
0.42596
0.4941
0.459294
0.382542
0.532816
0.53849
0.443773
0.573213
0.46224
0.614237
0.373711
0.416527
0.511381
0.554697
0.5753
0.442812
0.333319
0.505731
0.477808
0.477259
0.567226
0.564008
0.444526
0.56549
0.464953
0.593908
0.390717
0.642214
0.364126
0.594379
0.535896
0.483475
0.42109
0.644168
0.538563
0.477533
0.55536
0.385822
0.637293
0.518937
0.470473
0.715931
0.472854
0.574887
0.60445
0.531099
0.49184
0.29252
0.326351
0.536157
0.333039
0.410267
0.433675
0.553173
0.473578
0.505985
0.718654
0.676831
0.46265
0.459075
0.559755
0.603809
0.496402
0.723342
0.458013
0.520773
0.488374
0.601888
0.476054
0.567692
0.365615
0.384839
0.351005
0.500152
0.471436
0.455271
0.640707
0.55643
0.581489
0.388194
0.425992
0.392081
0.340683
0.562016
0.530013
0.676837
0.504208
0.571427
0.628927
0.555669
0.516721
0.67517
0.516503
0.557845
0.289549
0.531696
0.348513
0.594902
0.436499
0.370255
0.43103
0.420445
0.504708
0.414473
0.530074
0.531729
0.487699
0.420016
0.46827
0.575017
0.433609
0.507474
0.437532
0.573726
0.662331
0.466112
0.495007
0.430419
0.581108
0.373693
0.622842
0.660717
0.438874
0.622087
0.520578
0.399237
0.585434
0.557919
0.362287
0.274727
0.502366
0.442036
0.588845
0.583533
0.448267
0.501123
0.418981
0.397638
0.611812
0.389297
0.451084
0.425496
0.491811
0.397072
0.490974
0.500924
0.424273
0.439588
0.479151
0.507364
0.552251
0.425564
0.504329
0.55184
0.485024
0.652926
0.678306
0.484975
0.518955
0.596637
0.410541
0.42045
0.593151
0.548732
0.459073
0.439352
0.42881
0.540155
0.54768
0.571845
0.551962
0.618475
0.327508
0.430667
0.52505
0.575114
0.624623
0.527958
0.513591
0.610249
0.553251
0.438982
0.589972
0.493073
0.487767
0.383317
0.427155
0.519643
0.574729
0.376125
0.6609
0.590062
0.32958
0.559145
0.699869
0.521284
0.400902
0.453091
0.438768
0.381355
0.298376
0.58015
0.480454
0.475435
0.568914
0.587329
0.39872
0.533482
0.468682
0.458406
0.474257
0.44401
0.417024
0.5343
0.612073
0.547847
0.431583
0.568681
0.499415
0.450391
0.432196
0.42768
0.389042
0.330334
0.564403
0.499605
0.49347
0.317419
0.631727
0.612574
0.551583
0.681276
0.539117
0.365031
0.579799
0.517937
0.638278
0.556126
0.545749
0.340163
0.528847
0.359984
0.603225
0.472244
0.507689
0.519901
0.402909
0.61945
0.471844
0.445565
0.544202
0.526868
0.568958
0.4784
0.559235
0.461868
0.552299
0.447182
0.520935
0.548994
0.53574
0.468103
0.6428
0.55558
0.557386
0.650487
0.488809
0.370953
0.548772
0.451395
0.537689
0.441586
0.569897
0.379392
0.546522
0.519127
0.508564
0.279767
0.534486
0.447729
0.55585
0.540546
0.458268
0.46166
0.457761
0.640656
0.476505
0.583698
0.406436
0.518634
0.501363
0.609337
0.372531
0.472303
0.511157
0.531382
0.493697
0.506883
0.548694
0.604015
0.422364
0.431004
0.655813
0.464971
0.49929
0.657156
0.395347
0.528977
0.457655
0.495126
0.287551
0.435152
0.575728
0.633988
0.538802
0.575581
0.38444
0.390275
0.666144
0.451815
0.499462
0.656964
0.422072
0.400594
0.385673
0.419965
0.399685
0.499595
0.475191
0.515794
0.549152
0.408559
0.448406
0.486197
0.562208
0.52067
0.550758
0.542471
0.482159
0.293601
0.456253
0.484293
0.472692
0.599161
0.502026
0.624886
0.529534
0.475021
0.606512
0.656381
0.544807
0.481518
0.54709
0.446271
0.63469
0.561069
0.511323
0.487889
0.416799
0.56727
0.449222
0.534846
0.474465
0.475264
0.642229
0.531441
0.370867
0.504514
0.467898
0.508046
0.476775
0.37964
0.477528
0.642515
0.451423
0.524507
0.517307
0.395709
0.566822
0.429288
0.411772
0.311242
0.5916
0.649753
0.2917
0.326587
0.551245
0.492573
0.386811
0.474729
0.557391
0.509946
0.616959
0.562562
0.54959
0.671401
0.503739
0.494267
0.618785
0.400152
0.487767
0.564949
0.482463
0.455909
0.475121
0.381814
0.657286
0.415599
0.449743
0.377247
0.425747
0.447951
0.376884
0.560114
0.519179
0.49746
0.485925
0.508724
0.440266
0.587763
0.659238
0.540838
0.623923
0.523988
0.466975
0.503207
0.486257
0.518175
0.576007
0.405115
0.437051
0.481397
0.524477
0.277447
0.632033
0.520743
0.491738
0.470833
0.516941
0.348846
0.506708
0.513448
0.466208
0.558185
0.525976
0.731081
0.544841
0.331913
0.376254
0.489117
0.422871
0.657489
0.494066
0.348107
0.447525
0.578935
0.608844
0.631628
0.429059
0.468067
0.603867
0.487174
0.521944
0.514573
0.552787
0.577854
0.483934
0.529341
0.267746
0.574675
0.571258
0.424999
0.208372
0.326269
0.579017
0.482115
0.489235
0.464901
0.561619
0.529067
0.486614
0.464669
0.468863
0.458133
0.383713
0.599816
0.509085
0.369838
0.70673
0.458101
0.601547
0.382181
0.492506
0.546233
0.506024
0.460851
0.591698
0.381372
0.518348
0.621108
0.549764
0.594754
0.396414
0.521501
0.421294
0.580518
0.63199
0.514158
0.461498
0.604851
0.509375
0.435901
0.601977
0.547593
0.492823
0.51896
0.356147
0.480469
0.660341
0.469612
0.612986
0.393173
0.552324
0.507583
0.46606
0.460517
0.529229
0.378602
0.588043
0.400936
0.533279
0.447002
0.499258
0.50863
0.524987
0.544821
0.492017
0.548692
0.516039
0.398368
0.360847
0.486569
0.545894
0.572759
0.451941
0.580255
0.550206
0.469456
0.383479
0.395647
0.444981
0.481372
0.501745
0.512508
0.50114
0.554652
0.526208
0.270538
0.509964
0.425733
0.500089
0.562056
0.440654
0.496873
0.401133
0.50986
0.567046
0.482806
0.480662
0.57583
0.491273
0.605781
0.587206
0.527897
0.517976
0.4357
0.394333
0.650022
0.53343
0.466672
0.490561
0.411843
0.519731
0.390782
0.502512
0.521727
0.684982
0.374415
0.610763
0.468931
0.516199
0.462036
0.38112
0.417664
0.46241
0.526811
0.472331
0.447838
0.431248
0.457023
0.494521
0.544348
0.333084
0.711755
0.480928
0.618729
0.432536
0.598833
0.398799
0.4041
0.567976
0.522573
0.563571
0.496313
0.475452
0.718395
0.433763
0.521255
0.504173
0.535899
0.352269
0.290305
0.436563
0.551529
0.463042
0.362954
0.52659
0.486488
0.670421
0.367642
0.545931
0.3751
0.521649
0.53889
0.478246
0.573319
0.581394
0.510847
0.527687
0.41667
0.430398
0.464383
0.508476
0.531374
0.358616
0.656915
0.358232
0.672
0.436534
0.571163
0.36846
0.603469
0.636593
0.501082
0.451433
0.564799
0.539966
0.350229
0.663441
0.446503
0.502193
0.449871
0.580206
0.58307
0.564461
0.511166
0.471006
0.406511
0.385606
0.607774
0.443846
0.526462
0.433195
0.642293
0.33481
0.496891
0.51032
0.481954
0.490481
0.498964
0.608017
0.456012
0.443113
0.514173
0.661518
0.389342
0.404033
0.381349
0.45181
0.603741
0.5015
0.325721
0.332253
0.550497
0.565055
0.617719
0.373324
0.4448
0.509177
0.563726
0.406779
0.55461
0.494818
0.550548
0.513858
0.453626
0.3482
0.459879
0.440419
0.580028
0.492023
0.638575
0.435152
0.6497
0.495014
0.655089
0.495341
0.55467
0.271525
0.391939
0.467888
0.534541
0.263694
0.418625
0.691617
0.440704
0.61442
0.458925
0.480152
0.720171
0.490236
0.511059
0.632936
0.527881
0.538893
0.298697
0.525247
0.533395
0.467299
0.525381
0.566355
0.319869
0.501193
0.374388
0.428223
0.580298
0.638755
0.540664
0.53546
0.397992
0.536104
0.400932
0.370507
0.555315
0.563431
0.522652
0.486303
0.446733
0.5463
0.382005
0.531997
0.579257
0.557413
0.505645
0.385501
0.52538
0.549945
0.37045
0.450012
0.550672
0.624294
0.390065
0.709873
0.470187
0.395927
0.586566
0.454451
0.694903
0.38273
0.39006
0.366974
0.511428
0.35609
0.628635
0.538557
0.595233
0.600695
0.36554
0.605926
0.389725
0.403841
0.610056
0.324645
0.590482
0.445788
0.473011
0.477895
0.456012
0.488514
0.357466
0.384183
0.623436
0.560989
0.669577
0.505607
0.639514
0.614857
0.704227
0.471586
0.324475
0.375228
0.4045
0.621272
0.568128
0.337023
0.413645
0.631108
0.614791
0.558138
0.332675
0.532293
0.525565
0.476436
0.5663
0.336211
0.513555
0.428382
0.48441
0.474126
0.429635
0.372913
0.645865
0.520769
0.433411
0.524907
0.525875
0.509682
0.51605
0.478407
0.457784
0.461503
0.348683
0.450526
0.644606
0.434631
0.412123
0.502757
0.415191
0.471003
0.620657
0.597176
0.394427
0.447993
0.484727
0.620813
0.626429
0.560727
0.364317
0.462254
0.534171
0.547385
0.346909
0.350312
0.518572
0.433344
0.540917
0.565381
0.69458
0.508302
0.407504
0.509883
0.531294
0.563794
0.560751
0.374986
0.50775
0.406805
0.44816
0.466554
0.415479
0.52845
0.480509
0.45408
0.633501
0.444995
0.412116
0.58213
0.570948
0.441745
0.579582
0.434592
0.517041
0.638641
0.489134
0.467836
0.457662
0.45965
0.399706
0.529645
0.612315
0.626348
0.680938
0.356571
0.614794
0.509365
0.432297
0.593147
0.505391
0.559624
0.231554
0.702175
0.522037
0.504619
0.437886
0.436073
0.272276
0.333238
0.606913
0.315072
0.537516
0.505922
0.581986
0.608808
0.50553
0.415232
0.608099
0.543658
0.546699
0.585181
0.471811
0.458932
0.444053
0.535968
0.302612
0.410825
0.456653
0.454026
0.578182
0.373817
0.340423
0.595584
0.458027
0.514978
0.570055
0.615232
0.327026
0.517421
0.700152
0.449228
0.562417
0.504939
0.573295
0.396618
0.744824
0.570631
0.527251
0.62946
0.515921
0.538093
0.473085
0.526786
0.542388
0.584565
0.610457
0.365173
0.277827
0.631167
0.415911
0.612084
0.521347
0.356171
0.484516
0.356441
0.553554
0.613009
0.524731
0.374159
0.587714
0.435527
0.600893
0.464631
0.405892
0.588747
0.38729
0.507489
0.556897
0.374202
0.442269
0.377184
0.474892
0.624691
0.530403
0.516257
0.53456
0.624052
0.615225
0.506431
0.590769
0.563377
0.514622
0.589942
0.457666
0.395839
0.555465
0.381808
0.564205
0.478096
0.483618
0.477011
0.580122
0.487029
0.479969
0.394863
0.438407
0.376313
0.402691
0.416081
0.487359
0.588167
0.520441
0.356417
0.487321
0.361332
0.520758
0.483923
0.324261
0.577181
0.372436
0.525257
0.544353
0.461588
0.690201
0.519688
0.420782
0.411004
0.494525
0.367743
0.54599
0.436943
0.478959
0.584737
0.499655
0.523886
0.5919
0.50769
0.474684
0.571359
0.409223
0.517424
0.350554
0.44177
0.418761
0.525915
0.38538
0.461318
0.557121
0.542246
0.555078
0.52211
0.433889
0.568814
0.600065
0.709379
0.347768
0.492692
0.546951
0.328496
0.443764
0.525349
0.454701
0.532225
0.380042
0.40721
0.591796
0.549478
0.467603
0.631817
0.582935
0.592596
0.515485
0.657625
0.470865
0.570948
0.558702
0.463773
0.520945
0.564469
0.565678
0.469413
0.253098
0.611463
0.516452
0.274499
0.417809
0.340869
0.512486
0.393197
0.439893
0.529883
0.523399
0.639364
0.43576
0.393678
0.595533
0.28683
0.466946
0.6147
0.441731
0.465483
0.524715
0.494823
0.601293
0.567461
0.447555
0.464425
0.603564
0.426021
0.555442
0.308213
0.488166
0.392933
0.44175
0.268426
0.429403
0.478541
0.595748
0.461811
0.281912
0.531912
0.435628
0.497567
0.409146
0.426755
0.414057
0.609199
0.575827
0.482111
0.61527
0.614049
0.480021
0.285056
0.394756
0.490021
0.470029
0.495974
0.519612
0.409803
0.535814
0.605212
0.549686
0.598685
0.484222
0.573224
0.556645
0.482835
0.401771
0.624596
0.510147
0.370687
0.378336
0.379612
0.567322
0.460876
0.609559
0.595313
0.483797
0.495932
0.515391
0.451276
0.421542
0.481726
0.406636
0.553625
0.46082
0.468445
0.700978
0.544067
0.430594
0.53966
0.534429
0.489023
0.453735
0.681817
0.633725
0.387215
0.560429
0.507277
0.509687
0.672335
0.455222
0.379798
0.501126
0.400723
0.530133
0.542159
0.443377
0.402246
0.698345
0.47137
0.555102
0.435855
0.479985
0.587724
0.731506
0.629596
0.703535
0.519717
0.501677
0.498091
0.593469
0.477639
0.452245
0.218842
0.49672
0.414432
0.339142
0.511932
0.557617
0.553176
0.603722
0.506044
0.582977
0.536361
0.479074
0.386923
0.346052
0.602879
0.416866
0.412772
0.660067
0.424442
0.384598
0.344274
0.409119
0.433926
0.377678
0.475282
0.456243
0.453924
0.360257
0.363448
0.355462
0.584548
0.393295
0.648365
0.676702
0.43534
0.527866
0.6081
0.509443
0.486894
0.33623
0.443215
0.443053
0.343604
0.622735
0.390733
0.42875
0.389708
0.701163