0.49069
0.559608
0.540393
0.519946
0.553638
0.561651
0.486171
0.497058
0.424807
0.419875
0.511892
0.493581
0.50258
0.487358
0.496262
0.484109
0.488679
0.477791
0.471393
0.514931
0.490447
0.447874
0.51619
0.524937
0.491434
0.475333
0.485216
0.524349
0.53464
0.506956
0.507409
0.495651
0.522801
0.481012
0.549035
0.49109
0.490092
0.538427
0.515235
0.561126
0.529623
0.497097
0.544558
0.488198
0.491095
0.443711
0.490842
0.530197
0.543004
0.52746
0.486825
0.508002
0.513757
0.469997
0.503864
0.511471
0.506079
0.476048
0.492128
0.528248
0.529085
0.519015
0.495643
0.529771
0.502401
0.49598
0.49657
0.45885
0.476689
0.516452
0.493084
0.503197
0.49497
0.449268
0.555232
0.489269
0.519112
0.481984
0.543144
0.49082
0.515864
0.537165
0.441975
0.506516
0.476791
0.519932
0.477946
0.490998
0.486518
0.501136
0.509867
0.453777
0.493631
0.480552
0.520514
0.470312
0.498614
0.484452
0.52223
0.499671
0.483217
0.56194
0.541137
0.553135
0.505597
0.504418
0.464317
0.498124
0.575642
0.472568
0.454357
0.491823
0.544822
0.485213
0.485611
0.578875
0.464965
0.494441
0.506577
0.477527
0.500321
0.431365
0.552747
0.528598
0.51729
0.506886
0.464305
0.511638
0.496196
0.511849
0.493067
0.532664
0.479473
0.480954
0.49301
0.497846
0.490641
0.544804
0.508792
0.45751
0.548453
0.454461
0.476614
0.494839
0.470579
0.512886
0.501821
0.463649
0.461208
0.487643
0.517599
0.48961
0.476938
0.529233
0.499156
0.499292
0.495337
0.469441
0.467751
0.471403
0.48054
0.454067
0.468956
0.484606
0.510264
0.494413
0.489518
0.506277
0.528619
0.501913
0.457205
0.456589
0.469072
0.540263
0.557997
0.522294
0.491969
0.499446
0.525016
0.504573
0.510956
0.526005
0.513549
0.505338
0.522707
0.543964
0.456556
0.536353
0.474305
0.480745
0.505033
0.495555
0.532671
0.492482
0.487594
0.524941
0.450409
0.463089
0.513671
0.524414
0.502436
0.521458
0.474678
0.515939
0.517789
0.511179
0.537536
0.552404
0.50096
0.527134
0.50493
0.535549
0.517156
0.483354
0.50666
0.557345
0.475848
0.466512
0.536479
0.529194
0.506986
0.519428
0.548776
0.513328
0.534252
0.488951
0.499501
0.480777
0.509732
0.512607
0.515678
0.540286
0.534382
0.508383
0.547904
0.512555
0.478652
0.492016
0.530207
0.504177
0.497657
0.476169
0.471619
0.495643
0.485265
0.525864
0.473866
0.527803
0.53147
0.48456
0.519529
0.501141
0.577435
0.485225
0.555058
0.522253
0.522578
0.480804
0.513019
0.491891
0.538072
0.508446
0.467943
0.518963
0.55113
0.49186
0.500151
0.494847
0.474468
0.466185
0.451933
0.49241
0.505299
0.519747
0.49046
0.494089
0.48825
0.497068
0.511795
0.473428
0.466561
0.477519
0.490384
0.514438
0.465962
0.493973
0.498399
0.493146
0.505582
0.455855
0.519312
0.485722
0.520273
0.480939
0.490071
0.557554
0.498737
0.510288
0.556256
0.547643
0.521804
0.490701
0.504585
0.522694
0.495259
0.529046
0.517154
0.475286
0.521586
0.50285
0.491774
0.450477
0.534999
0.481527
0.522794
0.445245
0.524142
0.422614
0.51677
0.505119
0.506828
0.477394
0.517366
0.542379
0.521193
0.520272
0.50386
0.520212
0.497649
0.506296
0.517629
0.487183
0.465988
0.531182
0.480981
0.496409
0.472044
0.478219
0.482723
0.563799
0.508259
0.476447
0.474827
0.469745
0.492544
0.524453
0.434581
0.478637
0.549806
0.514193
0.486587
0.500572
0.480517
0.449188
0.488989
0.509634
0.480697
0.511483
0.488309
0.513128
0.537692
0.471742
0.457255
0.486127
0.556107
0.496849
0.529887
0.515726
0.468299
0.4994
0.498511
0.479359
0.523766
0.50345
0.566673
0.521571
0.521841
0.550893
0.442638
0.443606
0.502045
0.452858
0.527714
0.520197
0.496485
0.450487
0.533813
0.527928
0.508661
0.499467
0.454611
0.499537
0.483079
0.492711
0.494688
0.50855
0.510008
0.455528
0.461016
0.548608
0.4998
0.517701
0.471187
0.461865
0.501112
0.516804
0.502733
0.500834
0.447421
0.487172
0.457931
0.498058
0.506213
0.508861
0.488462
0.507977
0.465201
0.501014
0.484291
0.515364
0.539971
0.50397
0.49116
0.474712
0.467408
0.494516
0.491055
0.474942
0.469298
0.578647
0.510027
0.483809
0.500461
0.55621
0.477739
0.486379
0.465811
0.471809
0.49312
0.501954
0.490698
0.526343
0.4505
0.493819
0.518919
0.533557
0.48059
0.456187
0.552771
0.505975
0.490697
0.472715
0.47952
0.484592
0.478543
0.520969
0.498661
0.506702
0.504057
0.467209
0.464342
0.476239
0.523527
0.445872
0.487328
0.450997
0.490478
0.51813
0.50089
0.471114
0.477649
0.493891
0.554973
0.473188
0.484456
0.501626
0.533035
0.534406
0.454304
0.500391
0.515934
0.541053
0.496131
0.498418
0.507215
0.495786
0.504547
0.512666
0.504206
0.528038
0.542965
0.493674
0.499267
0.511938
0.524072
0.470133
0.495584
0.476109
0.492039
0.507514
0.511883
0.539726
0.500828
0.475149
0.510429
0.519219
0.54298
0.516137
0.522693
0.53997
0.493257
0.474445
0.457064
0.477408
0.501511
0.463577
0.46297
0.461859
0.539156
0.511198
0.545794
0.461525
0.443623
0.454076
0.526958
0.527985
0.465162
0.53772
0.473545
0.508571
0.440377
0.485092
0.481834
0.470004
0.476865
0.488769
0.499136
0.447673
0.50333
0.460922
0.508283
0.504914
0.48955
0.515496
0.469172
0.476681
0.47058
0.50696
0.501709
0.491972
0.499551
0.490005
0.484562
0.489391
0.523448
0.464569
0.484062
0.520223
0.516246
0.480548
0.497662
0.513387
0.503771
0.506591
0.476298
0.546659
0.444665
0.507336
0.500047
0.548518
0.471831
0.523469
0.481456
0.465009
0.498729
0.518982
0.510899
0.56599
0.524903
0.520002
0.498367
0.535139
0.51511
0.519567
0.50603
0.538093
0.466429
0.462724
0.445984
0.533096
0.467722
0.446328
0.557523
0.468541
0.485822
0.467906
0.508339
0.491759
0.50283
0.517975
0.504003
0.51345
0.478885
0.460182
0.520121
0.452127
0.46479
0.493633
0.481527
0.522932
0.478865
0.491806
0.512887
0.515229
0.482408
0.472404
0.445106
0.523315
0.508127
0.512528
0.471889
0.414656
0.495932
0.523558
0.520848
0.499993
0.500452
0.510094
0.48353
0.549721
0.514658
0.497353
0.438725
0.510894
0.533964
0.51138
0.573449
0.499244
0.485175
0.456469
0.515967
0.470582
0.464677
0.524139
0.495224
0.485961
0.460219
0.468077
0.52108
0.514972
0.470675
0.499383
0.519701
0.501555
0.538167
0.49653
0.468493
0.496683
0.516906
0.524383
0.494956
0.492319
0.523147
0.546675
0.553823
0.511003
0.510611
0.5463
0.506871
0.465442
0.445773
0.4978
0.489768
0.482494
0.457369
0.486434
0.45034
0.49591
0.514511
0.468189
0.482628
0.482206
0.527779
0.475108
0.471106
0.48405
0.497666
0.480324
0.539449
0.455528
0.544753
0.517163
0.50821
0.48368
0.515989
0.466691
0.445789
0.510658
0.521444
0.488092
0.487074
0.500903
0.455921
0.456228
0.534113
0.497701
0.529795
0.500791
0.52321
0.513506
0.563453
0.461384
0.51281
0.528388
0.529716
0.472937
0.546549
0.431001
0.488613
0.465813
0.465841
0.466427
0.508881
0.484991
0.506394
0.525284
0.560575
0.55269
0.463002
0.55847
0.553151
0.558824
0.467009
0.471914
0.493403
0.503648
0.52082
0.475713
0.497631
0.476975
0.543816
0.522028
0.492409
0.458347
0.464072
0.496117
0.528337
0.432522
0.510232
0.484873
0.501141
0.494662
0.477929
0.567253
0.474502
0.509591
0.515123
0.510963
0.438994
0.509501
0.520723
0.449776
0.491494
0.464481
0.540885
0.445866
0.529451
0.490242
0.517341
0.48152
0.484374
0.497417
0.472151
0.464614
0.478941
0.456802
0.503243
0.552221
0.482064
0.494929
0.555121
0.466732
0.47633
0.464324
0.519109
0.508861
0.512151
0.452853
0.517518
0.511905
0.483031
0.506496
0.546101
0.521644
0.506307
0.479962
0.519171
0.496253
0.503742
0.509487
0.451764
0.50059
0.486346
0.532215
0.473217
0.52925
0.497807
0.506518
0.486539
0.472756
0.510892
0.48764
0.527939
0.48125
0.491207
0.513046
0.490909
0.500083
0.462684
0.471831
0.529212
0.56165
0.489169
0.502587
0.503167
0.44787
0.486495
0.504082
0.503595
0.447673
0.499402
0.503148
0.50781
0.473869
0.507688
0.514133
0.512028
0.493781
0.495964
0.4743
0.484558
0.498007
0.511388
0.479555
0.474169
0.521701
0.503747
0.464864
0.517994
0.492729
0.492279
0.523749
0.513347
0.501092
0.583587
0.521227
0.497838
0.493978
0.515036
0.444573
0.502145
0.540827
0.518005
0.516283
0.499837
0.472783
0.515366
0.4636
0.508604
0.5509
0.507566
0.488999
0.487285
0.467487
0.47169
0.485988
0.593055
0.494962
0.467871
0.484606
0.463164
0.486589
0.537439
0.510992
0.525576
0.513479
0.497163
0.49541
0.462916
0.54222
0.49398
0.523084
0.494071
0.487519
0.48457
0.522239
0.517836
0.494235
0.514166
0.513711
0.442978
0.503158
0.468964
0.516504
0.529088
0.494939
0.59651
0.493671
0.5726
0.556515
0.538448
0.48289
0.482352
0.524431
0.469985
0.516115
0.529059
0.459412
0.530472
0.512672
0.523087
0.476577
0.47945
0.510178
0.54488
0.505658
0.462566
0.517657
0.522434
0.465607
0.471698
0.525229
0.520192
0.517958
0.533704
0.494745
0.533723
0.543333
0.532132
0.455749
0.534567
0.475446
0.536294
0.521126
0.489627
0.507001
0.452064
0.516837
0.419469
0.481846
0.498784
0.530089
0.499923
0.49776
0.526642
0.500334
0.521339
0.444255
0.518906
0.507465
0.519891
0.529759
0.543394
0.50158
0.545297
0.542555
0.487534
0.528695
0.509327
0.539867
0.521412
0.536786
0.469479
0.489441
0.483173
0.506516
0.522193
0.548023
0.531144
0.521044
0.519987
0.471087
0.54707
0.499278
0.496879
0.508206
0.544821
0.49695
0.516476
0.518426
0.498954
0.539887
0.467103
0.45003
0.457508
0.513858
0.468354
0.47906
0.413395
0.485366
0.513424
0.550969
0.518779
0.51776
0.511617
0.509794
0.536795
0.48705
0.495388
0.529202
0.435014
0.511787
0.516304
0.509799
0.494995
0.541397
0.534297
0.507082
0.512327
0.497335
0.504578
0.504389
0.511518
0.461433
0.516602
0.505239
0.490115
0.455823
0.529433
0.539435
0.546428
0.518812
0.477921
0.527296
0.505231
0.541067
0.474024
0.5064
0.505818
0.496512
0.517684
0.535218
0.496786
0.472284
0.50162
0.467996
0.481923
0.472146
0.5144
0.445283
0.471573
0.457719
0.516193
0.494466
0.433855
0.491907
0.501552
0.464681
0.460115
0.478901
0.523617
0.460498
0.49897
0.505127
0.534112
0.508731
0.463343
0.505517
0.513501
0.502758
0.594848
0.509475
0.525691
0.478732
0.519896
0.500918
0.471647
0.488046
0.491915
0.486765
0.486301
0.490434
0.524041
0.508245
0.523127
0.512083
0.456669
0.509404
0.480753
0.483131
0.464227
0.527183
0.515995
0.56892
0.475554
0.497448
0.487674
0.509388
0.47226
0.491337
0.485611
0.51097
0.529437
0.516304
0.50915
0.535384
0.5131
0.49624
0.419604
0.509672
0.518728
0.495036
0.510994
0.491885
0.555288
0.477973
0.503447
0.576769
0.459111
0.525308
0.523642
0.475841
0.491996
0.502426
0.486667
0.546223
0.527913
0.550952
0.51367
0.442607
0.522698
0.515171
0.489675
0.496743
0.541085
0.518156
0.525938
0.49879
0.485477
0.561964
0.481222
0.53495
0.490818
0.49628
0.516358
0.495719
0.419943
0.499879
0.516478
0.509158
0.50378
0.529296
0.505286
0.553545
0.490785
0.479055
0.505743
0.473785
0.509976
0.527855
0.521547
0.51596
0.531948
0.535076
0.463774
0.504385
0.472239
0.461976
0.497068
0.515546
0.491429
0.471973
0.49974
0.453308
0.496339
0.494361
0.492158
0.459744
0.436706
0.495855
0.477808
0.495985
0.521721
0.474336
0.501392
0.507451
0.480783
0.499159
0.468344
0.507838
0.532869
0.552418
0.450136
0.476245
0.548871
0.525528
0.469749
0.46181
0.491293
0.525503
0.461687
0.460227
0.475679
0.545314
0.520909
0.486529
0.448138
0.562683
0.525043
0.498497
0.48335
0.471709
0.474281
0.53509
0.557426
0.501686
0.503298
0.514248
0.55
0.517494
0.489599
0.494465
0.519916
0.47594
0.542655
0.514488
0.4489
0.522417
0.4582
0.505534
0.497589
0.492266
0.472076
0.510386
0.498274
0.531201
0.527987
0.48375
0.508765
0.539192
0.533549
0.498247
0.51172
0.452165
0.519004
0.500417
0.503837
0.515895
0.462977
0.441104
0.519267
0.566481
0.449646
0.504604
0.491636
0.441761
0.511704
0.490945
0.459044
0.458052
0.483489
0.495678
0.476415
0.576584
0.528652
0.521554
0.49958
0.554013
0.466744
0.496459
0.485462
0.471375
0.583092
0.551986
0.502734
0.445862
0.506342
0.517012
0.437341
0.519803
0.49804
0.550665
0.507239
0.491208
0.498636
0.519048
0.470749
0.480264
0.494271
0.540101
0.522879
0.466154
0.508735
0.500965
0.474008
0.528569
0.474965
0.522241
0.51529
0.498297
0.520459
0.493501
0.475172
0.491258
0.490977
0.484439
0.481382
0.550357
0.516919
0.526026
0.442772
0.529543
0.506729
0.476054
0.505393
0.474429
0.511726
0.463441
0.507169
0.503872
0.506725
0.495667
0.515558
0.446863
0.540818
0.543722
0.51255
0.459122
0.482702
0.488935
0.421415
0.423764
0.51492
0.486073
0.489534
0.50041
0.481393
0.467058
0.451725
0.447122
0.502622
0.549712
0.548412
0.529536
0.532922
0.555874
0.493026
0.531564
0.524086
0.533281
0.49301
0.482049
0.539823
0.485586
0.518803
0.501734
0.555379
0.544879
0.475174
0.504936
0.546684
0.511105
0.50929
0.500291
0.513426
0.442723
0.449884
0.49494
0.510412
0.473022
0.431899
0.506544
0.551594
0.456428
0.530991
0.427495
0.521134
0.469206
0.532261
0.475698
0.475894
0.508921
0.52758
0.496299
0.473706
0.467026
0.455909
0.538737
0.471816
0.478972
0.480956
0.463496
0.479865
0.526194
0.460574
0.492923
0.521786
0.514356
0.472255
0.420499
0.470993
0.512241
0.439108
0.542928
0.503239
0.455635
0.500686
0.529427
0.481511
0.450611
0.50304
0.512584
0.497337
0.540565
0.512388
0.495168
0.492898
0.491386
0.466745
0.45726
0.48829
0.449137
0.499921
0.508076
0.538337
0.494627
0.442244
0.52687
0.483316
0.51923
0.482378
0.467279
0.507977
0.506351
0.494633
0.469494
0.533224
0.522897
0.496119
0.474625
0.464836
0.485127
0.51813
0.515638
0.533615
0.463274
0.506137
0.449244
0.49131
0.489292
0.50275
0.483106
0.506719
0.472116
0.558043
0.492742
0.506323
0.454807
0.511603
0.532506
0.483846
0.497955
0.450681
0.475011
0.493093
0.50372
0.488825
0.553378
0.46847
0.474882
0.499362
0.510676
0.557527
0.463269
0.508118
0.480945
0.489934
0.441959
0.519729
0.506155
0.497236
0.5256
0.541936
0.523494
0.467781
0.513254
0.492241
0.517351
0.511184
0.488114
0.531276
0.450375
0.476712
0.488495
0.44729
0.51797
0.469953
0.524442
0.486106
0.480632
0.522162
0.504361
0.520934
0.528459
0.476635
0.476035
0.516415
0.532255
0.486512
0.496387
0.541262
0.505569
0.508356
0.504394
0.513889
0.512058
0.495917
0.491497
0.505381
0.552552
0.568415
0.493909
0.444208
0.526183
0.507761
0.511169
0.487026
0.46997
0.509053
0.465338
0.519972
0.511223
0.438743
0.53521
0.4748
0.50714
0.514849
0.489897
0.504252
0.505983
0.533576
0.476177
0.481034
0.484197
0.476735
0.543984
0.524764
0.473851
0.494323
0.5144
0.481279
0.504783
0.486644
0.47453
0.518667
0.525805
0.470352
0.483647
0.52441
0.449367
0.462775
0.514962
0.537991
0.524037
0.518917
0.497408
0.463372
0.539181
0.535488
0.511807
0.465685
0.516212
0.476363
0.505802
0.536538
0.510789
0.473821
0.521913
0.472291
0.480339
0.459958
0.503115
0.449694
0.481274
0.522636
0.460292
0.513246
0.53028
0.50035
0.485954
0.528658
0.514056
0.480387
0.518592
0.476804
0.481873
0.524646
0.462035
0.512512
0.515331
0.50751
0.504198
0.47259
0.499689
0.48012
0.48959
0.507463
0.501138
0.525448
0.52995
0.530771
0.504406
0.468541
0.437403
0.491337
0.535047
0.44629
0.454491
0.481856
0.480815
0.471133
0.495469
0.468686
0.506476
0.493038
0.433237
0.537123
0.426448
0.524154
0.536277
0.496525
0.459633
0.440506
0.549977
0.449668
0.470828
0.445103
0.426719
0.490699
0.483077
0.526836
0.499092
0.506078
0.495349
0.519548
0.500625
0.502863
0.499913
0.495638
0.498401
0.498733
0.493781
0.468586
0.441924
0.478104
0.538605
0.488765
0.522635
0.448732
0.533393
0.496923
0.548424
0.473168
0.454418
0.479702
0.497534
0.439438
0.456709
0.491578
0.546224
0.495329
0.441479
0.477587
0.494565
0.500657
0.423886
0.431217
0.504748
0.501876
0.495476
0.48185
0.496273
0.523436
0.535716
0.506106
0.462404
0.490221
0.546963
0.53749
0.462251
0.465488
0.507256
0.478695
0.512868
0.528641
0.48531
0.530959
0.485734
0.517245
0.492077
0.504822
0.461992
0.497638
0.563261
0.496689
0.520825
0.488526
0.527146
0.525546
0.50534
0.541926
0.522129
0.524229
0.53034
0.485842
0.498325
0.519599
0.506348
0.573044
0.487611
0.526016
0.494278
0.490322
0.496503
0.526473
0.525105
0.462595
0.516224
0.475772
0.478922
0.476255
0.454346
0.460121
0.507763
0.516104
0.512378
0.497516
0.516554
0.460276
0.513677
0.513291
0.486575
0.467511
0.476059
0.485211
0.455808
0.551156
0.483476
0.53248
0.510548
0.514276
0.531149
0.533036
0.52264
0.490233
0.528512
0.473518
0.466734
0.473125
0.474366
0.536271
0.461921
0.492457
0.508593
0.507769
0.472132
0.466405
0.494827
0.512824
0.429664
0.46807
0.498442
0.458969
0.506228
0.499075
0.53424
0.495371
0.515868
0.464901
0.568207
0.510675
0.514151
0.496318
0.457721
0.484123
0.537988
0.491296
0.484581
0.494351
0.470459
0.551775
0.465232
0.550222
0.475035
0.45966
0.462561
0.468072
0.483546
0.516415
0.503646
0.499758
0.502297
0.430642
0.487821
0.465856
0.53068
0.498012
0.529441
0.458415
0.506684
0.487924
0.559719
0.517619
0.493656
0.471267
0.512011
0.506738
0.5327
0.523656
0.484922
0.539755
0.475086
0.468537
0.48761
0.516023
0.479042
0.474498
0.521661
0.466346
0.485307
0.491205
0.483915
0.584844
0.48582
0.498299
0.524608
0.46099
0.489913
0.521661
0.455219
0.496186
0.482401
0.551394
0.530379
0.479256
0.487915
0.475918
0.508242
0.525225
0.525886
0.486533
0.463662
0.45177
0.490526
0.556848
0.468578
0.547711
0.470203
0.471426
0.553969
0.517915
0.53057
0.468044
0.487754
0.518993
0.55583
0.537921
0.533016
0.510165
0.462515
0.468309
0.530923
0.503661
0.530142
0.411803
0.512723
0.539043
0.463136
0.506765
0.495182
0.505814
0.508381
0.503217
0.483846
0.478697
0.522792
0.528594
0.478507
0.519953
0.515254
0.527721
0.525227
0.513113
0.487342
0.501399
0.529323
0.532503
0.477155
0.46796
0.53367
0.432938
0.510677
0.472189
0.486694
0.533951
0.56501
0.535963
0.56445
0.512942
0.517878
0.494996
0.521135
0.541618
0.497752
0.44607
0.462435
0.530098
0.539
0.489107
0.486056
0.493055
0.506412
0.508483
0.543842
0.542285
0.533485
0.497932
0.519826
0.560055
0.478848
0.533439
0.498615
0.437624
0.485191
0.478484
0.508463
0.563302
0.515085
0.50601
0.463426
0.524429
0.508054
0.541499
0.498951
0.477638
0.453291
0.541527
0.495304
0.501791
0.502373
0.482169
0.473179
0.527955
0.516371
0.541633
0.485889
0.530785
0.471715
0.491504
0.472505
0.515716
0.469192
0.530955
0.506309
0.516298
0.510456
0.528322
0.512953
0.536097
0.496425
0.424402
0.512683
0.469487
0.471933
0.551858
0.491018
0.475756
0.471021
0.505097
0.452246
0.530859
0.517233
0.545005
0.460116
0.521226
0.503305
0.532917
0.530109
0.513978
0.474601
0.458173
0.527645
0.457936
0.450698
0.453676
0.456629
0.439797
0.519472
0.493779
0.502675
0.50985
0.438068
0.498921
0.415419
0.51161
0.525134
0.511355
0.474266
0.41974
0.508692
0.546357
0.501969
0.46064
0.484009
0.483291
0.500403
0.520077
0.505864
0.510899
0.532906
0.502236
0.559564
0.501195
0.457571
0.494551
0.555107
0.496342
0.505865
0.492713
0.478844
0.502878
0.500936
0.450213
0.457029
0.497667
0.539998
0.506802
0.505632
0.529968
0.545164
0.490245
0.520784
0.523961
0.557098
0.485734
0.474232
0.526149
0.515864
0.477352
0.498178
0.501969
0.473353
0.475944
0.453881
0.516021
0.521649
0.487783
0.538387
0.500268
0.521725
0.518403
0.52378
0.484589
0.43683
0.535972
0.493303
0.474067
0.474951
0.498577
0.508753
0.487373
0.494727
0.489808
0.443504
0.520633
0.479173
0.487001
0.455536
0.491147
0.511615
0.516528
0.564858
0.515338
0.508189
0.490494
0.499681
0.525302
0.471287
0.539236
0.475735
0.498338
0.458332
0.453981
0.52309
0.503831
0.480242
0.514046
0.484862
0.571867
0.543974
0.522956
0.52218
0.497944
0.473505
0.487851
0.519789
0.548168
0.48365
0.48656
0.496661
0.529302
0.511063
0.446717
0.495989
0.528039
0.466817
0.511289
0.528946
0.523884
0.484933
0.5449
0.536577
0.530009
0.461226
0.53532
0.464191
0.516469
0.506852
0.514491
0.442659
0.530136
0.540928
0.483473
0.500947
0.475751
0.486593
0.525683
0.524303
0.502436
0.514902
0.452791
0.512446
0.560078
0.480905
0.507668
0.492137
0.539928
0.486307
0.528742
0.478514
0.483811
0.513075
0.53015
0.499565
0.466312
0.502361
0.482054
0.498101
0.494314
0.533126
0.505496
0.505622
0.458267
0.504842
0.536171
0.462441
0.479562
0.488626
0.501495
0.45844
0.568378
0.481217
0.525331
0.528839
0.546385
0.46613
0.494762
0.499346
0.518682
0.506396
0.513276
0.545074
0.479325
0.503246
0.504747
0.447584
0.454848
0.45511
0.502578
0.464442
0.500126
0.531325
0.468386
0.515661
0.510972
0.454909
0.504602
0.471406
0.487842
0.53878
0.535365
0.555321
0.455006
0.489799
0.54008
0.437887
0.509582
0.495018
0.504016
0.494139
0.504801
0.464486
0.530322
0.56017
0.521865
0.495015
0.457834
0.502743
0.534792
0.559259
0.479045
0.516438
0.492612
0.514499
0.512621
0.512662
0.503289
0.485491
0.484828
0.524934
0.503754
0.485771
0.524255
0.494797
0.490406
0.46177
0.464196
0.502742
0.534474
0.55414
0.517083
0.488518
0.526608
0.460645
0.515324
0.475197
0.525067
0.534995
0.49294
0.471383
0.461891
0.466012
0.542367
0.52592
0.511426
0.521488
0.490794
0.519491
0.495575
0.531114
0.470421
0.527477
0.490157
0.492857
0.52701
0.488447
0.506735
0.477164
0.491097
0.512662
0.534314
0.453358
0.486248
0.514961
0.525247
0.532607
0.448732
0.466408
0.469763
0.46184
0.49298
0.519072
0.503463
0.49299
0.527219
0.48832
0.492169
0.511927
0.503635
0.476992
0.478512
0.521469
0.507463
0.525835
0.484607
0.442837
0.529362
0.514577
0.535225
0.509936
0.53546
0.528004
0.535801
0.520825
0.509433
0.521427
0.509685
0.520772
0.551008
0.469905
0.548985
0.511244
0.475253
0.565606
0.553399
0.519226
0.457032
0.547674
0.471391
0.551237
0.485007
0.498986
0.528101
0.496414
0.439545
0.554164
0.49436
0.513052
0.508928
0.523224
0.471177
0.482953
0.528224
0.555233
0.534084
0.497985
0.445194
0.486353
0.511711
0.483207
0.507624
0.496647
0.47296
0.520943
0.496441
0.53001
0.477163
0.480173
0.449
0.471621
0.501586
0.525633
0.456908
0.457276
0.480669
0.450975
0.502768
0.528974
0.481367
0.490382
0.460209
0.461152
0.478965
0.473
0.461586
0.521913
0.517756
0.504572
0.467722
0.483654
0.510936
0.450644
0.47406
0.507444
0.474113
0.525712
0.487613
0.495538
0.48679
0.452698
0.499074
0.446405
0.486198
0.497121
0.504472
0.49664
0.517863
0.500341
0.530743
0.494127
0.497276
0.496248
0.539589
0.486853
0.497037
0.485777
0.474003
0.511715
0.523859
0.493613
0.501843
0.467724
0.489794
0.461482
0.500808
0.517961
0.492067
0.50237
0.449222
0.554672
0.485889
0.510084
0.506966
0.411873
0.484618
0.458497
0.480967
0.519836
0.491653
0.494868
0.459592
0.44584
0.528433
0.501615
0.520339
0.45555
0.542911
0.450901
0.495192
0.529413
0.502882
0.506425
0.488016
0.478435
0.508541
0.496783
0.498369
0.473715
0.558642
0.544775
0.506106
0.434122
0.51464
0.457032
0.471149
0.446474
0.487182
0.528349
0.532795
0.502602
0.48933
0.47508
0.522944
0.517682
0.480882
0.531986
0.487615
0.474192
0.498179
0.506904
0.52113
0.525884
0.543762
0.527615
0.477337
0.476137
0.540254
0.49528
0.532251
0.505079
0.522853
0.528826
0.482487
0.509829
0.524794
0.464656
0.503853
0.422262
0.510176
0.536055
0.484494
0.508652
0.478508
0.506663
0.48694
0.505577
0.515362
0.452405
0.463457
0.506458
0.523504
0.466235
0.509053
0.523107
0.488882
0.490083
0.496535
0.516661
0.515836
0.548367
0.477976
0.542277
0.455915
0.517464
0.446973
0.451958
0.534677
0.475489
0.516071
0.509894
0.480833
0.516785
0.453736
0.484679
0.462126
0.485473
0.48523
0.482801
0.502312
0.51246
0.511788
0.467754
0.523623
0.540259
0.512457
0.469166
0.469073
0.520018
0.482976
0.506313
0.469007
0.495108
0.536074
0.490388
0.48624
0.46567
0.467555
0.499908
0.504186
0.528478
0.472554
0.523631
0.552331
0.516499
0.516329
0.495356
0.44344
0.47253
0.483974
0.514985
0.476867
0.481277
0.523419
0.510216
0.542343
0.524257
0.476098
0.49325
0.508613
0.501902
0.479659
0.546881
0.581313
0.50723
0.517084
0.464344
0.514437
0.465467
0.466611
0.497302
0.52979
0.503986
0.496811
0.536337
0.468797
0.476949
0.541213
0.498334
0.471033
0.52902
0.516841
0.535113
0.513859
0.492523
0.471044
0.497708
0.497544
0.552423
0.520993
0.510649
0.510227
0.523506
0.530217
0.450629
0.557121
0.484129
0.486556
0.533931
0.49831
0.480918
0.475902
0.556993
0.48953
0.478793
0.466115
0.554481
0.470306
0.480677
0.495466
0.519241
0.553807
0.481296
0.53001
0.478521
0.462818
0.459409
0.504241
0.480823
0.55618
0.532873
0.579416
0.517758
0.520089
0.510894
0.47392
0.5153
0.548621
0.467864
0.440048
0.498787
0.547864
0.493129
0.511575
0.536064
0.478021
0.531094
0.496495
0.563132
0.457878
0.456017
0.489299
0.546685
0.495989
0.495875
0.507171
0.537902
0.52297
0.509684
0.534475
0.53188
0.499275
0.472633
0.499903
0.497074
0.452817
0.42342
0.530672
0.529116
0.490824
0.478162
0.468131
0.463406
0.480298
0.545244
0.509161
0.470824
0.461448
0.485502
0.497741
0.520967
0.518482
0.482093
0.521057
0.477252
0.522125
0.524443
0.534523
0.478298
0.48824
0.500639
0.550094
0.469931
0.496926
0.482649
0.522249
0.502199
0.526479
0.538729
0.496011
0.515778
0.446565
0.467415
0.561382
0.552133
0.505011
0.497451
0.448575
0.581813
0.53257
0.448044
0.538404
0.515262
0.490034
0.463822
0.472223
0.500507
0.502087
0.498849
0.545774
0.542109
0.462248
0.494107
0.521331
0.505753
0.503304
0.522781
0.462509
0.492839
0.51759
0.477757
0.51611
0.549465
0.501499
0.505682
0.48539
0.504168
0.518598
0.491976
0.509118
0.538797
0.485716
0.481164
0.520793
0.496901
0.506397
0.476909
0.50241
0.523993
0.526066
0.526111
0.477142
0.524085
0.543314
0.50146
0.445305
0.456852
0.441649
0.566806
0.507997
0.489801
0.49611
0.529731
0.472777
0.489834
0.489105
0.545687
0.475754
0.478565
0.49985
0.498088
0.514476
0.495773
0.571791
0.498721
0.435977
0.515367
0.502381
0.492852
0.484371
0.518231
0.479578
0.49341
0.512357
0.496332
0.469453
0.528612
0.521018
0.502464
0.479275
0.497417
0.502289
0.469998
0.50045
0.457169
0.428455
0.49702
0.475684
0.48782
0.523081
0.499229
0.494757
0.517098
0.467719
0.505965
0.503269
0.540991
0.478786
0.493751
0.458744
0.54394
0.518989
0.501722
0.488458
0.503095
0.487654
0.433307
0.543378
0.56102
0.504358
0.488551
0.54257
0.501222
0.470216
0.501445
0.482465
0.540881
0.471222
0.506639
0.475359
0.465139
0.50799
0.499922
0.491507
0.487355
0.486302
0.556825
0.509198
0.509666
0.502809
0.483744
0.51719
0.468253
0.480285
0.435945
0.463867
0.507681
0.496784
0.516824
0.527501
0.468678
0.503097
0.512807
0.49199
0.533747
0.532875
0.498261
0.502459
0.464966
0.509789
0.484783
0.495076
0.498365
0.456107
0.509256
0.495482
0.509252
0.507064
0.495035
0.480196
0.522853
0.505395
0.520643
0.425372
0.474662
0.520414
0.450357
0.517286
0.504848
0.466002
0.501047
0.488928
0.541124
0.491892
0.439652
0.477068
0.494431
0.522618
0.48567
0.474182
0.511816
0.478504
0.493025
0.509601
0.470887
0.513071
0.5257
0.464265
0.530221
0.49123
0.481505
0.463457
0.470077
0.532652
0.538346
0.541889
0.517827
0.484664
0.507393
0.485519
0.512442
0.499076
0.487495
0.514464
0.532437
0.457285
0.485235
0.521406
0.511632
0.498059
0.524996
0.539833
0.507112
0.482349
0.473413
0.466525
0.49376
0.489528
0.482574
0.532634
0.479735
0.49941
0.486373
0.497744
0.517277
0.524448
0.454357
0.481288
0.513202
0.536461
0.437468
0.525691
0.473476
0.562283
0.510041
0.515613
0.476235
0.512703
0.532433
0.547679
0.497623
0.509071
0.488671
0.495057
0.524829
0.47194
0.513476
0.47126
0.510704
0.496135
0.543052
0.427565
0.51431
0.486597
0.504006
0.508394
0.471808
0.459412
0.464781
0.509063
0.50203
0.462362
0.463975
0.48025
0.521129
0.489409
0.459911
0.463572
0.530679
0.473457
0.495853
0.482636
0.533592
0.491786
0.435226
0.543946
0.522231
0.468529
0.441222
0.47204
0.473105
0.488558
0.565162
0.47323
0.502502
0.457171
0.537999
0.522315
0.497444
0.509931
0.48933
0.516654
0.536346
0.457063
0.538284
0.421968
0.443745
0.486752
0.540684
0.46424
0.513471
0.501744
0.556829
0.462095
0.544643
0.483599
0.564299
0.50404
0.504872
0.539001
0.520135
0.524922
0.545017
0.522475
0.466785
0.446001
0.429906
0.489894
0.516177
0.522988
0.48937
0.537153
0.546316
0.486451
0.443977
0.488391
0.514746
0.488937
0.489835
0.528118
0.573293
0.473209
0.486851
0.551643
0.508425
0.435949
0.494799
0.50816
0.56163
0.521326
0.511599
0.490878
0.474181
0.498785
0.468157
0.488572
0.490656
0.509445
0.504161
0.442915
0.475592
0.505467
0.469192
0.485985
0.537655
0.436788
0.483538
0.542309
0.475689
0.509572
0.553075
0.539822
0.491026
0.440771
0.522604
0.534122
0.520432
0.493162
0.521995
0.530383
0.474062
0.535239
0.469549
0.517316
0.492801
0.51033
0.436911
0.487544
0.499363
0.529326
0.529946
0.458767
0.487525
0.521377
0.559929
0.480094
0.50387
0.51695
0.419437
0.487916
0.48642
0.497611
0.497308
0.505691
0.504522
0.496916
0.507053
0.492031
0.52437
0.526772
0.503085
0.501439
0.484543
0.52366
0.539151
0.492104
0.485917
0.469081
0.443329
0.475096
0.500349
0.418608
0.52398
0.509368
0.492484
0.493916
0.501018
0.516908
0.499083
0.522165
0.486874
0.512444
0.490224
0.527113
0.481543
0.51206
0.466775
0.526327
0.496065
0.515104
0.508489
0.458886
0.478838
0.50376
0.487123
0.547917
0.529123
0.504667
0.518928
0.502382
0.512127
0.476946
0.480908
0.482449
0.500024
0.491021
0.555209
0.502854
0.473308
0.492613
0.496022
0.498613
0.546838
0.456261
0.483365
0.507459
0.514954
0.512774
0.498131
0.50339
0.500045
0.504962
0.462765
0.495686
0.488937
0.516038
0.491957
0.487789
0.511477
0.565067
0.467713
0.470403
0.545689
0.453817
0.53319
0.493206
0.46388
0.519413
0.469666
0.499533
0.49407
0.447155
0.521019
0.468416
0.54111
0.53787
0.490086
0.498355
0.501881
0.484189
0.541292
0.457183
0.488941
0.510109
0.483905
0.522426
0.526985
0.468224
0.480303
0.546496
0.506513
0.518997
0.453628
0.531133
0.549062
0.496444
0.489197
0.495433
0.518391
0.524617
0.50405
0.471868
0.491987
0.499241
0.479007
0.494649
0.477261
0.488907
0.507606
0.484826
0.486832
0.510169
0.466311
0.506485
0.457241
0.470935
0.500342
0.50843
0.535498
0.496529
0.499521
0.515711
0.497824
0.462787
0.498507
0.495385
0.494962
0.480574
0.455784
0.460882
0.448441
0.476088
0.505784
0.539345
0.492158
0.481336
0.528524
0.486329
0.523656
0.499145
0.491127
0.47222
0.52948
0.507089
0.535597
0.474771
0.508975
0.474715
0.527239
0.512098
0.490909
0.478424
0.498076
0.470551
0.497293
0.528402
0.489666
0.501793
0.448769
0.461959
0.459662
0.5135
0.485954
0.477669
0.47652
0.508024
0.501099
0.484667
0.516713
0.473423
0.494446
0.531489
0.478825
0.49121
0.499662
0.538834
0.50891
0.445211
0.512713
0.530607
0.531487
0.485899
0.498568
0.50764
0.470538
0.534581
0.510095
0.488439
0.524896
0.521816
0.53353
0.541364
0.512392
0.484434
0.504897
0.542586
0.517139
0.435536
0.521743
0.514218
0.524318
0.491845
0.544579
0.536981
0.546857
0.482788
0.522383
0.531797
0.508366
0.495677
0.466565
0.494656
0.476708
0.471376
0.437738
0.519166
0.482577
0.514814
0.529694
0.471134
0.477467
0.444731
0.504958
0.459564
0.485393
0.487026
0.506276
0.558451
0.512751
0.506085
0.498438
0.493735
0.500688
0.498457
0.454788
0.499798
0.524358
0.503269
0.512815
0.499882
0.423432
0.543735
0.523186
0.524789
0.478247
0.534144
0.496601
0.474253
0.515969
0.48671
0.482848
0.475354
0.51113
0.492641
0.466431
0.442342
0.514933
0.501818
0.42314
0.432259
0.477691
0.505446
0.511947
0.470723
0.448775
0.436067
0.536602
0.472251
0.488442
0.499292
0.501294
0.459504
0.51593
0.511648
0.564768
0.535821
0.518184
0.478889
0.467254
0.505411
0.493593
0.519175
0.524604
0.515603
0.475111
0.49547
0.473995
0.525492
0.497136
0.481546
0.495577
0.525392
0.500528
0.475968
0.47445
0.531447
0.500135
0.518429
0.507338
0.489784
0.4292
0.522816
0.558323
0.504586
0.495035
0.491377
0.538045
0.484448
0.530322
0.544371
0.49071
0.51141
0.454431
0.519564
0.493301
0.487019
0.499117
0.535963
0.481359
0.469817
0.482979
0.536145
0.525717
0.438614
0.539055
0.481571
0.454544
0.495931
0.499926
0.525248
0.545105
0.475979
0.474703
0.486123
0.47957
0.521561
0.482276
0.529582
0.529293
0.514256
0.515197
0.498421
0.511898
0.472279
0.488569
0.518678
0.505567
0.480375
0.478333
0.544689
0.454901
0.49613
0.503292
0.477748
0.492731
0.517076
0.485295
0.512748
0.472241
0.50296
0.521912
0.467173
0.503803
0.507551
0.496001
0.536819
0.520871
0.534371
0.416536
0.512618
0.509329
0.47071
0.455069
0.452944
0.514663
0.454307
0.552197
0.495766
0.521323
0.547078
0.468421
0.525038
0.498664
0.510254
0.49376
0.525683
0.507831
0.495314
0.470501
0.571563
0.483968
0.485077
0.483458
0.510802
0.438123
0.529349
0.482119
0.492829
0.503226
0.54947
0.49905
0.481538
0.48851
0.506163
0.518931
0.498915
0.476766
0.505043
0.482607
0.493525
0.498781
0.504171
0.480525
0.578224
0.449356
0.488023
0.47992
0.511478
0.46927
0.562246
0.510152
0.536655
0.48757
0.473587
0.490534
0.493679
0.518548
0.509359
0.475066
0.477402
0.477801
0.490821
0.498408
0.487091
0.531735
0.484853
0.527501
0.481382
0.464885
0.488296
0.503196
0.483097
0.539443
0.449331
0.486264
0.508281
0.481352
0.480277
0.482164
0.483855
0.507343
0.486177
0.518956
0.548232
0.467306
0.513553
0.532714
0.449296
0.466349
0.4937
0.514825
0.484111
0.520931
0.454895
0.525551
0.504727
0.503442
0.527902
0.528228
0.484467
0.489612
0.539134
0.478464
0.499073
0.463103
0.52587
0.582736
0.577068
0.531693
0.50787
0.500735
0.503738
0.549384
0.509797
0.465852
0.463076
0.478854
0.448799
0.528174
0.452093
0.458592
0.491626
0.464359
0.491849
0.499113
0.525675
0.498778
0.489589
0.472613
0.528315
0.550288
0.546362
0.540456
0.488886
0.509014
0.504491
0.532846
0.467734
0.48752
0.549263
0.505085
0.496663
0.480732
0.509243
0.544769
0.53518
0.479005
0.509542
0.514304
0.486907
0.498694
0.512456
0.503131
0.490527
0.54461
0.499831
0.474013
0.509652
0.478737
0.481519
0.43777
0.495986
0.539586
0.564333
0.500842
0.49014
0.496554
0.495835
0.510046
0.574505
0.443671
0.48737
0.428903
0.482528
0.447107
0.460687
0.499915
0.498785
0.50081
0.502555
0.537165
0.514221
0.484658
0.481719
0.553613
0.500925
0.469497
0.482595
0.487461
0.520829
0.573431
0.500058
0.461974
0.502689
0.523755
0.459716
0.543112
0.481743
0.588893
0.51804
0.489371
0.486399
0.514724
0.486711
0.488184
0.486346
0.489664
0.505582
0.503281
0.506456
0.572888
0.528614
0.547362
0.480843
0.480054
0.547163
0.494473
0.531481
0.490921
0.445002
0.506455
0.475716
0.483219
0.52944
0.457829
0.477086
0.507158
0.472922
0.523523
0.553803
0.494946
0.539483
0.453778
0.479267
0.489691
0.480433
0.510634
0.53901
0.488063
0.493639
0.550365
0.49842
0.481091
0.560789
0.456234
0.515636
0.497472
0.507016
0.495942
0.513986
0.483757
0.477235
0.468156
0.478334
0.545809
0.503601
0.502481
0.479724
0.485885
0.468432
0.527248
0.522687
0.52973
0.476993
0.499515
0.509595
0.528063
0.494506
0.511623
0.476419
0.516814
0.561765
0.478708
0.474291
0.520499
0.483725
0.501537
0.521222
0.453106
0.475454
0.539037
0.48837
0.490862
0.519799
0.474895
0.525215
0.481267
0.541171
0.492613
0.478031
0.472755
0.4598
0.553376
0.466023
0.539366
0.500842
0.521123
0.469503
0.514812
0.53272
0.489188
0.494485
0.530285
0.469064
0.482891
0.468067
0.460421
0.518636
0.462444
0.528983
0.461754
0.497599
0.530568
0.457695
0.468069
0.51852
0.469166
0.450399
0.477009
0.46048
0.489454
0.501324
0.522315
0.504654
0.539913
0.517697
0.44608
0.479753
0.556432
0.511747
0.485384
0.461688
0.479033
0.514128
0.477695
0.49184
0.549535
0.48313
0.489393
0.47831
0.494543
0.51406
0.511818
0.474521
0.528138
0.483158
0.509192
0.509548
0.47863
0.480437
0.512807
0.464551
0.443771
0.485803
0.545842
0.559692
0.478779
0.512856
0.493198
0.445895
0.551564
0.524716
0.500708
0.525847
0.439526
0.486278
0.548115
0.478591
0.512305
0.507249
0.49018
0.472107
0.534839
0.470355
0.550302
0.508239
0.525137
0.529093
0.501021
0.504354
0.511114
0.549388
0.535784
0.486109
0.450873
0.519553
0.496341
0.515684
0.430812
0.482906
0.520153
0.489883
0.51593
0.517436
0.492188
0.502453
0.476703
0.506876
0.465472
0.515014
0.506903
0.517575
0.544776
0.510959
0.47675
0.49553
0.467815
0.506716
0.50575
0.477966
0.508327
0.494734
0.539611
0.503823
0.49542
0.472573
0.505608
0.477542
0.503544
0.522474
0.480765
0.480514
0.51748
0.51578
0.487236
0.464566
0.506709
0.496588
0.509263
0.531871
0.483547
0.489002
0.466077
0.495645
0.509404
0.55237
0.485115
0.506005
0.493568
0.528864
0.49995
0.475379
0.518857
0.527802
0.447281
0.477821
0.548545
0.521061
0.477369
0.506627
0.488913
0.483978
0.462307
0.464605
0.461817
0.496098
0.476475
0.4514
0.521633
0.496153
0.503576
0.562223
0.490971
0.555647
0.49461
0.522381
0.519515
0.495417
0.501184
0.481961
0.540377
0.509543
0.498503
0.515069
0.508338
0.470998
0.482447
0.507973
0.484344
0.503388
0.515086
0.540545
0.510638
0.503184
0.523023
0.445365
0.510906
0.516793
0.512934
0.448867
0.499801
0.436872
0.518672
0.508902
0.466233
0.482237
0.504332
0.52309
0.504787
0.485749
0.527627
0.462339
0.529661
0.504559
0.517965
0.523907
0.465476
0.497082
0.533601
0.528376
0.509356
0.491066
0.492232
0.49492
0.508638
0.49715
0.509416
0.519239
0.508594
0.532271
0.469188
0.478531
0.464533
0.537294
0.531252
0.487886
0.492672
0.483258
0.47911
0.492463
0.45413
0.520587
0.553527
0.509839
0.516442
0.515666
0.525683
0.5269
0.496954
0.529137
0.494401
0.535641
0.462473
0.500303
0.521821
0.502262
0.51956
0.472011
0.511902
0.493933
0.469828
0.510384
0.476107
0.477591
0.524626
0.473787
0.51068
0.435164
0.493481
0.535392
0.469853
0.499575
0.480678
0.533724
0.499385
0.485922
0.504347
0.475564
0.504795
0.472189
0.512435
0.495568
0.498668
0.453886
0.45994
0.487007
0.491409
0.526964
0.50178
0.49797
0.529814
0.433412
0.455663
0.527432
0.477848
0.493881
0.499358
0.535542
0.553987
0.471736
0.486709
0.532519
0.509511
0.522889
0.506798
0.480527
0.542117
0.485806
0.510604
0.482902
0.509231
0.486049
0.549559
0.485103
0.485393
0.479739
0.590357
0.461781
0.50809
0.520304
0.490401
0.484305
0.546402
0.4929
0.468254
0.513162
0.476862
0.480868
0.503483
0.499573
0.550872
0.488608
0.470257
0.490718
0.528077
0.515249
0.459082
0.492934
0.500055
0.543472
0.511046
0.517275
0.48871
0.507892
0.538946
0.571793
0.553731
0.567339
0.489677
0.514926
0.503501
0.555444
0.502257
0.474364
0.473831
0.523882
0.52586
0.465767
0.508888
0.492655
0.522234
0.525717
0.518696
0.501801
0.506878
0.463262
0.517581
0.498885
0.523353
0.454454
0.447949
0.506659
0.505111
0.524226
0.493745
0.535261
0.529194
0.500008
0.508002
0.553334
0.536204
0.48144
0.48882
0.522434
0.550909
0.500568
0.478183
0.489102
0.467846
0.48689
0.49796
0.508979
0.436325
0.49163
0.577489
0.487341
0.52918
0.475624
0.507098
0.490414
0.489662
0.49517
0.471961
0.461866
0.480838
0.500245
0.470638
0.458838
0.541878
0.489443
0.492693
0.471882
0.5056
0.55602
0.529767
0.493204
0.461646
0.459412
0.454455
0.487564
0.539678
0.526618
0.4814
0.530215
0.496945
0.477795
0.474945
0.516267
0.524625
0.500472
0.487742
0.485834
0.497286
0.516737
0.494674
0.519353
0.46987
0.487769
0.516481
0.517436
0.506555
0.530115
0.477459
0.46965
0.505876
0.508057
0.4916
0.506574
0.496487
0.496462
0.48156
0.529532
0.497925
0.518487
0.554821
0.562368
0.520764
0.522513
0.511427
0.529625
0.440527
0.522674
0.457668
0.505531
0.539734
0.487382
0.500082
0.508137
0.452455
0.490183
0.504159
0.493007
0.485756
0.497363
0.552117
0.510816
0.4924
0.506643
0.474121
0.543243
0.489179
0.471355
0.467328
0.49153
0.535263
0.504482
0.497129
0.51208
0.45493
0.496909
0.534962
0.483473
0.489056
0.514293
0.467073
0.499273
0.519741
0.466904
0.518599
0.490997
0.502442
0.526819
0.567349
0.475634
0.489995
0.526848
0.551654
0.482067
0.492892
0.485563
0.496672
0.5308
0.500196
0.492803
0.473504
0.531341
0.455467
0.510032
0.485519
0.471629
0.462068
0.499931
0.506242
0.483879
0.512233
0.50959
0.493193
0.461215
0.494273
0.491675
0.482053
0.479472
0.442287
0.487955
0.465515
0.498536
0.532762
0.489553
0.51122
0.4876
0.502425
0.518304
0.513135
0.528716
0.511744
0.503587
0.48075
0.513008
0.47842
0.529014
0.470478
0.503926
0.575283
0.523349
0.523626
0.501919
0.516933
0.470023
0.505308
0.544897
0.509522
0.449639
0.518688
0.50886
0.458047
0.519818
0.508915
0.473067
0.505525
0.496784
0.441133
0.484121
0.518428
0.493047
0.486934
0.493347
0.492753
0.485563
0.553643
0.541833
0.545105
0.508754
0.510785
0.497516
0.513159
0.516753
0.488141
0.538679
0.469885
0.499248
0.499737
0.508241
0.48591
0.525312
0.448165
0.483218
0.504382
0.509582
0.453598
0.493716
0.482732
0.475169
0.501875
0.515847
0.545679
0.50767
0.496035
0.452934
0.523885
0.444658
0.555676
0.499381
0.50261
0.525025
0.448508
0.521582
0.524757
0.482559
0.468476
0.500256
0.502673
0.458118
0.504839
0.488556
0.533086
0.504782
0.506561
0.470363
0.519558
0.490367
0.546404
0.483106
0.516809
0.581658
0.499096
0.489504
0.481314
0.474751
0.517943
0.462604
0.522529
0.475871
0.47426
0.518472
0.459127
0.497045
0.514007
0.500939
0.454618
0.471003
0.48599
0.462755
0.526731
0.499682
0.526017
0.507536
0.484931
0.50071
0.451367
0.516874
0.510442
0.526242
0.519962
0.516995
0.443161
0.508524
0.498612
0.499329
0.469821
0.496563
0.514705
0.529366
0.507804
0.508275
0.505719
0.528189
0.49895
0.522481
0.480932
0.451038
0.437759
0.475142
0.519706
0.477294
0.508349
0.484188
0.490714
0.526258
0.50455
0.537329
0.486493
0.473086
0.487507
0.447221
0.447694
0.499277
0.50517
0.498361
0.501403
0.532066
0.47804
0.520078
0.517909
0.507117
0.475555
0.490013
0.490295
0.548874
0.517478
0.472448
0.491227
0.432963
0.494679
0.505859
0.491313
0.454997
0.483671
0.494081
0.503411
0.490185
0.489279
0.485444
0.507262
0.508098
0.459827
0.494269
0.488813
0.476979
0.489198
0.529086
0.478617
0.521972
0.480167
0.501962
0.483685
0.461636
0.523357
0.543302
0.477146
0.497129
0.476212
0.526506
0.500124
0.558435
0.456353
0.556856
0.520166
0.542
0.483693
0.519002
0.490635
0.494165
0.525683
0.517432
0.495416
0.464765
0.52008
0.484293
0.533321
0.505263
0.479585
0.428939
0.506567
0.515811
0.442749
0.523583
0.507701
0.495588
0.495514
0.509431
0.519346
0.510815
0.497759
0.477665
0.501146
0.504809
0.509236
0.509658
0.498286
0.444448
0.549264
0.56079
0.52595
0.49743
0.474554
0.512244
0.494111
0.504703
0.51955
0.505153
0.547015
0.552428
0.52365
0.491481
0.471733
0.517859
0.529689
0.466002
0.48017
0.513523
0.498057
0.443759
0.498883
0.494054
0.500826
0.46738
0.48111
0.480075
0.49026
0.498614
0.495362
0.513495
0.536089
0.498483
0.494963
0.538597
0.475914
0.490401
0.54292
0.50329
0.493122
0.530652
0.476478
0.514904
0.506689
0.490596
0.49576
0.4849
0.527242
0.53498
0.460842
0.496876
0.513748
0.490721
0.521663
0.502226
0.465227
0.510553
0.505121
0.497856
0.511837
0.485893
0.513745
0.540307
0.499725
0.473313
0.490322
0.510668
0.494011
0.478997
0.522831
0.46466
0.494284
0.455541
0.464088
0.542258
0.446979
0.52549
0.500459
0.57123
0.479016
0.465973
0.484012
0.508965
0.507075
0.518822
0.502509
0.496972
0.506878
0.500537
0.471575
0.502413
0.526857
0.506487
0.503457
0.491058
0.520582
0.513712
0.496715
0.49603
0.512325
0.456699
0.481248
0.56671
0.460131
0.500521
0.533013
0.492193
0.540773
0.525691
0.522807
0.463652
0.450974
0.479137
0.533513
0.529995
0.489255
0.525639
0.490157
0.481193
0.512797
0.484127
0.517162
0.493638
0.523687
0.493211
0.517181
0.471933
0.508924
0.490307
0.525871
0.471454
0.408562
0.488746
0.516994
0.486095
0.476357
0.487236
0.49221
0.525545
0.487304
0.56605
0.519948
0.52648
0.546433
0.524323
0.487721
0.542055
0.473236
0.502822
0.442261
0.524048
0.506108
0.496569
0.46186
0.502062
0.461175
0.491702
0.515269
0.474124
0.509869
0.470925
0.531562
0.523096
0.539657
0.451949
0.465303
0.51323
0.492263
0.483281
0.471429
0.461284
0.533783
0.47174
0.454191
0.516539
0.51106
0.476081
0.474551
0.464117
0.50869
0.471093
0.520392
0.525959
0.461038
0.476555
0.453939
0.523846
0.553646
0.565418
0.51074
0.498837
0.498388
0.475587
0.454598
0.501496
0.486774
0.479691
0.522829
0.47729
0.525752
0.547197
0.446211
0.491516
0.4704
0.553256
0.488013
0.448162
0.41788
0.528656
0.52646
0.487041
0.457021
0.495248
0.465034
0.503605
0.507916
0.491225
0.534961
0.47579
0.475904
0.460641
0.434275
0.562284
0.524306
0.471514
0.497833
0.496582
0.480306
0.486928
0.49264
0.511209
0.498331
0.463471
0.482888
0.506482
0.505323
0.561415
0.489053
0.528192
0.462269
0.510993
0.505447
0.478569
0.546361
0.489151
0.530589
0.514925
0.478177
0.491166
0.494777
0.520326
0.468231
0.511474
0.519226
0.480688
0.507301
0.478124
0.55116
0.492663
0.494872
0.495187
0.499222
0.526683
0.50011
0.507539
0.453582
0.529558
0.509699
0.452357
0.48512
0.500982
0.536956
0.481732
0.53805
0.438329
0.49657
0.510744
0.490375
0.534118
0.499356
0.53541
0.46653
0.540522
0.511389
0.484844
0.486606
0.515284
0.541904
0.532029
0.546513
0.493433
0.534323
0.507569
0.503474
0.529164
0.544803
0.510783
0.501207
0.492254
0.472652
0.522545
0.519187
0.503396
0.527024
0.554211
0.510351
0.492834
0.494236
0.487036
0.551626
0.446645
0.430095
0.48644
0.491656
0.505081
0.511617
0.495497
0.520098
0.497313
0.512501
0.472044
0.482869
0.486975
0.476737
0.463745
0.587714
0.502869
0.514727
0.515533
0.454468
0.519213
0.436287
0.473761
0.544394
0.509807
0.484912
0.511466
0.49297
0.450481
0.477676
0.489112
0.500491
0.464223
0.505137
0.495183
0.464878
0.473339
0.525632
0.541006
0.521049
0.453028
0.47833
0.504175
0.501244
0.510751
0.509419
0.514962
0.450674
0.495769
0.475803
0.520067
0.512859
0.513217
0.540685
0.508112
0.509046
0.477095
0.51541
0.531229
0.516069
0.526552
0.461937
0.527126
0.467037
0.499832
0.480331
0.496016
0.509214
0.47027
0.515632
0.426761
0.473472
0.518691
0.468484
0.556631
0.439696
0.456612
0.483904
0.509035
0.482504
0.484599
0.482555
0.493608
0.521669
0.52018
0.528908
0.463028
0.471614
0.469655
0.52066
0.51093
0.524351
0.538214
0.453791
0.465308
0.500244
0.55271
0.517628
0.501762
0.50097
0.56148
0.514291
0.490978
0.479048
0.545576
0.426909
0.524814
0.478323
0.525791
0.460957
0.435354
0.479767
0.549852
0.463112
0.491329
0.456974
0.48415
0.521995
0.466259
0.505736
0.484387
0.495162
0.472698
0.482061
0.529519
0.506743
0.506957
0.483011
0.443355
0.520081
0.448691
0.544744
0.50821
0.509763
0.529695
0.492121
0.504962
0.527403
0.466325
0.494265
0.513908
0.535568
0.539879
0.520444
0.510781
0.494205
0.499348
0.540643
0.512312
0.553963
0.530879
0.505216
0.475704
0.450765
0.518355
0.477984
0.486402
0.446022
0.459447
0.487152
0.558525
0.48685
0.48152
0.498426
0.572337
0.53068
0.55177
0.514703
0.493143
0.44862
0.475962
0.536704
0.485967
0.491958
0.470146
0.518933
0.510399
0.466168
0.509732
0.545336
0.469985
0.506809
0.510283
0.469023
0.470527
0.451675
0.514424
0.470446
0.471687
0.453589
0.489221
0.578396
0.496237
0.498196
0.458414
0.478196
0.491371
0.511152
0.513885
0.511472
0.456419
0.479066
0.50072
0.461859
0.471356
0.558577
0.45026
0.481047
0.490479
0.457941
0.505493
0.509504
0.465621
0.485508
0.493188
0.496293
0.463288
0.54945
0.517124
0.552314
0.540077
0.503131
0.456796
0.511389
0.47077
0.560483
0.495986
0.463526
0.54346
0.455769
0.515544
0.564771
0.526102
0.5021
0.534794
0.477996
0.478849
0.513101
0.435899
0.509013
0.496552
0.532064
0.475593
0.482389
0.48581
0.473012
0.498636
0.451327
0.530927
0.488001
0.497371
0.535997
0.483164
0.515066
0.481764
0.484693
0.50766
0.481182
0.504294
0.522177
0.522383
0.484597
0.484073
0.46961
0.533513
0.480937
0.454571
0.530416
0.501603
0.467436
0.499313
0.516477
0.482911
0.479684
0.459939
0.529023
0.460274
0.535255
0.450987
0.498593
0.527895
0.508592
0.505778
0.458445
0.454424
0.471539
0.537784
0.505786
0.518704
0.503863
0.471845
0.455203
0.452556
0.468184
0.499621
0.518665
0.544982
0.513642
0.503639
0.516466
0.512162
0.522717
0.514325
0.5035
0.517608
0.47555
0.534387
0.46523
0.466871
0.516145
0.484928
0.537725
0.501153
0.504844
0.487657
0.476146
0.514217
0.511423
0.517591
0.486061
0.476959
0.533204
0.500594
0.521949
0.534028
0.472553
0.490159
0.527276
0.49685
0.448136
0.497784
0.49053
0.447452
0.504308
0.491331
0.521559
0.527454
0.493013
0.54574
0.452626
0.476594
0.552572
0.540463
0.498521
0.515171
0.537728
0.488015
0.460133
0.454787
0.47532
0.567991
0.495829
0.481743
0.509982
0.520941
0.485048
0.477486
0.454209
0.456479
0.508453
0.470466
0.487194
0.509986
0.489036
0.483787
0.476799
0.512298
0.488546
0.493022
0.53903
0.516746
0.503615
0.49857
0.449404
0.517924
0.505949
0.546929
0.500569
0.496559
0.430978
0.565264
0.480563
0.484862
0.549316
0.44363
0.506081
0.516734
0.545429
0.539248
0.475131
0.487196
0.487868
0.457192
0.463441
0.535424
0.515451
0.471864
0.51901
0.475765
0.453771
0.533641
0.469161
0.471104
0.466394
0.50506
0.504486
0.482961
0.495139
0.550918
0.534047
0.512689
0.463794
0.476664
0.506208
0.468155
0.539663
0.479458
0.439487
0.51027
0.487308
0.53627
0.467782
0.503749
0.548861
0.513397
0.504361
0.506475
0.525285
0.491764
0.46899
0.531844
0.462958
0.502404
0.442568
0.548457
0.489953
0.536463
0.473643
0.501547
0.506389
0.454136
0.531194
0.530507
0.493236
0.416884
0.488046
0.536894
0.473928
0.477321
0.47929
0.517291
0.433193
0.47114
0.530098
0.565396
0.497437
0.475459
0.547286
0.527712
0.441087
0.487955
0.479017
0.497219
0.513248
0.51116
0.467018
0.529397
0.479068
0.456309
0.535677
0.484979
0.520164
0.531094
0.482397
0.513809
0.468498
0.455711
0.483591
0.484173
0.458086
0.511576
0.490684
0.491988
0.558885
0.487082
0.470499
0.484221
0.537269
0.50477
0.474404
0.480906
0.477448
0.574287
0.480595
0.520146
0.498199
0.485521
0.493882
0.500462
0.549311
0.476266
0.48737
0.494875
0.482091
0.49881
0.510395
0.49109
0.528319
0.489811
0.517088
0.452159
0.502026
0.517838
0.519964
0.511997
0.498472
0.492956
0.532878
0.500126
0.504695
0.532727
0.487758
0.520025
0.506
0.468997
0.509458
0.445455
0.462782
0.519856
0.513132
0.45914
0.492042
0.501133
0.478482
0.518176
0.517968
0.461813
0.505281
0.510542
0.525974
0.557739
0.494512
0.537093
0.474554
0.487982
0.509531
0.503404
0.519338
0.508254
0.501611
0.50584
0.503717
0.525739
0.454242
0.526234
0.520415
0.509706
0.43057
0.489546
0.498389
0.502295
0.508345
0.458863
0.489414
0.513848
0.516752
0.522143
0.448756
0.477143
0.489503
0.535053
0.524282
0.474933
0.498563
0.494287
0.538392
0.545142
0.47289
0.465741
0.487154
0.508106
0.50655
0.53191
0.481006
0.470226
0.440604
0.492897
0.481409
0.488419
0.493122
0.475392
0.457822
0.499729
0.521704
0.454011
0.469368
0.47048
0.522896
0.539362
0.505583
0.469347
0.51286
0.487209
0.460603
0.528717
0.503673
0.473125
0.535179
0.498715
0.499647
0.496986
0.490883
0.518273
0.488026
0.501708
0.500897
0.477615
0.498448
0.470571
0.521736
0.536528
0.505532
0.517538
0.470303
0.482807
0.48899
0.494913
0.460639
0.525235
0.505611
0.52274
0.514743
0.525484
0.477506
0.504295
0.461838
0.493297
0.480999
0.542063
0.520468
0.499353
0.500513
0.528567
0.497781
0.490155
0.47185
0.476427
0.540393
0.529344
0.509227
0.442016
0.481192
0.549807
0.46045
0.467103
0.45647
0.500938
0.454593
0.512845
0.467753
0.515454
0.486569
0.490507
0.512694
0.510121
0.542949
0.47329
0.499427
0.494768
0.49343
0.49363
0.508729
0.503972
0.482304
0.520358
0.468392
0.505783
0.444309
0.520083
0.53416
0.491862
0.509251
0.497185
0.541613
0.523416
0.539751
0.516776
0.483375
0.537291
0.476504
0.515027
0.476024
0.506611
0.505423
0.441215
0.521064
0.490337
0.481049
0.445873
0.464353
0.546106
0.550582
0.509427
0.508348
0.470745
0.512936
0.505678
0.491554
0.512825
0.50717
0.494514
0.469534
0.471627
0.504684
0.438229
0.461878
0.516901
0.499542
0.535819
0.559488
0.543795
0.501316
0.479631
0.506561
0.517317
0.514806
0.478737
0.481644
0.500719
0.53102
0.513419
0.48214
0.512173
0.493798
0.525129
0.476628
0.434106
0.496431
0.486297
0.509393
0.539583
0.542679
0.484379
0.541513
0.490104
0.48654
0.514498
0.492906
0.539191
0.505155
0.515068
0.479693
0.486139
0.499229
0.470772
0.54126
0.504315
0.515325
0.487269
0.441392
0.498365
0.504431
0.472001
0.467852
0.494717
0.511152
0.535479
0.484787
0.489748
0.527914
0.52743
0.512328
0.529994
0.458559
0.472162
0.487763
0.488772
0.505689
0.447538
0.512657
0.523599
0.476153
0.571928
0.550292
0.518771
0.499043
0.503516
0.567812
0.487485
0.53057
0.526331
0.487431
0.487881
0.490203
0.527388
0.521095
0.507368
0.492445
0.519297
0.472958
0.499625
0.468614
0.50274
0.474069
0.448629
0.503013
0.513167
0.513617
0.484118
0.527855
0.546092
0.511131
0.562827
0.521327
0.495379
0.484001
0.509899
0.563165
0.488873
0.444696
0.474841
0.512106
0.475764
0.472052
0.496384
0.49961
0.530047
0.521015
0.500645
0.474207
0.534472
0.455192
0.506949
0.460863
0.509338
0.546617
0.535696
0.459722
0.55052
0.447072
0.482639
0.488614
0.4911
0.535372
0.493956
0.523696
0.440972
0.494954
0.526491
0.502602
0.498803
0.496183
0.497532
0.54448
0.460729
0.527711
0.528501
0.531281
0.500143
0.4613
0.496947
0.464698
0.492966
0.514455
0.451194
0.473096
0.55278
0.485262
0.462035
0.482844
0.510172
0.473793
0.51584
0.518396
0.470702
0.524461
0.523456
0.465507
0.46583
0.4637
0.529275
0.521968
0.471211
0.517335
0.474841
0.510214
0.456714
0.512029
0.531368
0.526198
0.522537
0.515178
0.495561
0.528902
0.485815
0.477629
0.473093
0.484852
0.532071
0.473588
0.444122
0.502018
0.475894
0.462108
0.525238
0.477484
0.505232
0.514524
0.48218
0.503237
0.52365
0.452205
0.497739
0.484478
0.534951
0.529005
0.489187
0.544811
0.524524
0.492794
0.499632
0.522696
0.481788
0.51042
0.447658
0.443537
0.518126
0.510512
0.469636
0.491773
0.454663
0.498467
0.529068
0.507361
0.494279
0.478014
0.477359
0.461017
0.482222
0.513725
0.480367
0.502591
0.439699
0.438848
0.515129
0.486951
0.474824
0.492839
0.511123
0.471751
0.465291
0.50296
0.450448
0.551465
0.527153
0.464335
0.481294
0.502047
0.524077
0.492819
0.499077
0.470606
0.501455
0.495066
0.499619
0.464467
0.499743
0.510173
0.478739
0.513985
0.511402
0.527271
0.502639
0.513502
0.515818
0.513429
0.543452
0.514809
0.556576
0.526269
0.544336
0.427494
0.525466
0.515647
0.548482
0.500546
0.507584
0.508776
0.526407
0.529603
0.52192
0.463179
0.485927
0.4542
0.461794
0.521838
0.509154
0.469409
0.499526
0.484913
0.490924
0.486231
0.4797
0.452408
0.483004
0.485132
0.475419
0.542158
0.558475
0.467081
0.501903
0.567524
0.51065
0.476477
0.481824
0.509141
0.520909
0.530335
0.536732
0.495134
0.559825
0.488107
0.508979
0.504139
0.495958
0.476509
0.548474
0.495532
0.486689
0.51374
0.548686
0.441228
0.485468
0.467454
0.466239
0.463424
0.489854
0.460871
0.498487
0.522667
0.514725
0.531394
0.503449
0.510619
0.505022
0.536116
0.516461
0.521895
0.522415
0.488582
0.517946
0.509344
0.550256
0.471188
0.496649
0.497161
0.481202
0.477588
0.502735
0.526184
0.461874
0.47949
0.485108
0.495778
0.488937
0.502205
0.467341
0.50665
0.490967
0.523338
0.46658
0.529
0.520488
0.498983
0.499801
0.470364
0.500544
0.491807
0.491797
0.517525
0.520194
0.475391
0.52927
0.476881
0.483295
0.509205
0.4654
0.507623
0.534949
0.508599
0.539266
0.482124
0.459993
0.504168
0.534496
0.457888
0.467906
0.464888
0.481526
0.485454
0.498505
0.49938
0.457827
0.516618
0.51281
0.429684
0.440497
0.457357
0.553442
0.511922
0.515572
0.549817
0.478951
0.558217
0.498447
0.467759
0.526422
0.524245
0.509771
0.42982
0.48675
0.476804
0.511201
0.474971
0.516965
0.485761
0.525378
0.514552
0.503959
0.464762
0.504508
0.525249
0.514015
0.485073
0.491929
0.4774
0.452496
0.496938
0.531021
0.472988
0.488079
0.472814
0.50585
0.497719
0.505902
0.51687
0.447916
0.461536
0.474
0.495121
0.473376
0.491962
0.497416
0.510571
0.565125
0.464635
0.504344
0.417736
0.524102
0.525426
0.56869
0.470939
0.494202
0.538486
0.443427
0.500722
0.525161
0.484637
0.479113
0.552788
0.477805
0.474439
0.521952
0.483811
0.506017
0.470349
0.495769
0.508514
0.509815
0.49231
0.512279
0.512379
0.483899
0.491174
0.494018
0.53437
0.486067
0.484319
0.46432
0.514038
0.519842
0.507835
0.478705
0.507383
0.485717
0.499659
0.472059
0.50586
0.485368
0.528039
0.505986
0.512883
0.493227
0.529682
0.55069
0.472225
0.499782
0.501988
0.555787
0.492666
0.450977
0.493719
0.494392
0.51329
0.488098
0.518501
0.544886
0.543776
0.512504
0.485516
0.464716
0.544088
0.539591
0.481769
0.490616
0.507914
0.486362
0.510302
0.489611
0.484247
0.536969
0.478732
0.495199
0.521473
0.460613
0.502481
0.543061
0.51834
0.516173
0.467084
0.5407
0.486197
0.537935
0.543943
0.515357
0.546855
0.456803
0.473899
0.524609
0.510466
0.491361
0.473008
0.453991
0.477789
0.523166
0.514884
0.516047
0.531204
0.510643
0.54399
0.425169
0.548874
0.495955
0.514257
0.462598
0.556412
0.449237
0.487389
0.515965
0.450424
0.544544
0.535251
0.507761
0.508331
0.431916
0.490702
0.467079
0.528802
0.459914
0.501243
0.539038
0.527222
0.503009
0.489871
0.506236
0.48052
0.548205
0.527502
0.496632
0.525778
0.44526
0.50134
0.482205
0.52696
0.544889
0.533571
0.452787
0.484158
0.489318
0.514751
0.459438
0.519721
0.45957
0.57627
0.461734
0.475644
0.473848
0.516259
0.463345
0.506591
0.471407
0.503324
0.460281
0.512927
0.516269
0.45247
0.516182
0.458141
0.44517
0.507611
0.479014
0.435017
0.504115
0.525008
0.493572
0.534951
0.527906
0.582048
0.54413
0.484774
0.557025
0.525705
0.561649
0.525454
0.506247
0.475087
0.509891
0.517069
0.519353
0.532417
0.524827
0.464406
0.494328
0.456847
0.531709
0.477572
0.523405
0.485463
0.474189
0.481988
0.542343
0.525866
0.509846
0.502153
0.493304
0.464694
0.496511
0.473523
0.505714
0.536476
0.453752
0.536923
0.539473
0.497177
0.483905
0.479823
0.484895
0.486813
0.497017
0.53889
0.533752
0.495518
0.474083
0.488164
0.475796
0.467436
0.51295
0.497246
0.545133
0.496798
0.511256
0.483878
0.52083
0.480586
0.450791
0.465272
0.486121
0.482136
0.537648
0.54258
0.480592
0.520063
0.512538
0.432874
0.529723
0.496886
0.545644
0.523009
0.486156
0.501727
0.540402
0.529745
0.487063
0.431449
0.500556
0.460506
0.552
0.564628
0.514893
0.509146
0.455612
0.492712
0.464014
0.461104
0.419558
0.482758
0.493521
0.492314
0.518057
0.526115
0.497992
0.506254
0.531392
0.487428
0.520129
0.4835
0.461786
0.578341
0.509442
0.458171
0.505993
0.510273
0.48485
0.495626
0.499
0.510635
0.545572
0.525805
0.523206
0.496878
0.514687
0.49657
0.527451
0.462736
0.499732
0.531438
0.470279
0.501033
0.454718
0.506073
0.491802
0.507452
0.487936
0.517906
0.52854
0.499609
0.53993
0.523276
0.525618
0.515843
0.476008
0.516444
0.490693
0.488061
0.527673
0.524878
0.523977
0.523042
0.497343
0.485161
0.548747
0.496557
0.500739
0.49392
0.576705
0.474691
0.49131
0.508133
0.532563
0.506731
0.471075
0.529195
0.462241
0.524009
0.512262
0.455126
0.48903
0.49906
0.524104
0.515281
0.442123
0.469482
0.499185
0.461945
0.491864
0.500867
0.493692
0.453199
0.526102
0.543179
0.525966
0.491403
0.482032
0.464951
0.497719
0.521703
0.537877
0.509688
0.472285
0.524917
0.538806
0.458835
0.504293
0.499182
0.491458
0.50569
0.465131
0.484732
0.461433
0.56465
0.478575
0.506197
0.518153
0.470142
0.470954
0.446768
0.511436
0.449634
0.470239
0.528642
0.464184
0.515094
0.478423
0.484088
0.495541
0.537262
0.511554
0.501527
0.458917
0.517132
0.451828
0.480999
0.539225
0.548995
0.496083
0.513386
0.513732
0.43944
0.545094
0.497771
0.530889
0.516665
0.518024
0.471311
0.491506
0.514495
0.436426
0.425985
0.486663
0.52547
0.502157
0.506613
0.476725
0.497378
0.513578
0.484503
0.475826
0.497609
0.454431
0.511106
0.496223
0.479714
0.509745
0.516066
0.506858
0.496528
0.543168
0.514016
0.510543
0.484244
0.480083
0.574518
0.524112
0.461806
0.500894
0.489512
0.495928
0.460007
0.468852
0.502646
0.485121
0.494649
0.496795
0.47487
0.536927
0.488161
0.547184
0.51066
0.518512
0.554026
0.479798
0.469256
0.509638
0.508421
0.451478
0.485283
0.512566
0.503416
0.512278
0.523132
0.505565
0.516128
0.472417
0.479475
0.524388
0.54819
0.514388
0.458293
0.486112
0.519932
0.524614
0.512782
0.479705
0.493612
0.479015
0.508527
0.49769
0.520115
0.486875
0.492304
0.513295
0.503464
0.527363
0.500896
0.507454
0.487529
0.473101
0.494293
0.450034
0.529308
0.495154
0.527649
0.50967
0.493159
0.483799
0.496376
0.536574
0.570352
0.489468
0.548752
0.422699
0.518317
0.468229
0.480401
0.483636
0.483963
0.556188
0.50505
0.526608
0.485454
0.467173
0.475906
0.508944
0.50679
0.508091
0.522051
0.501411
0.489604
0.496326
0.46422
0.520768
0.476516
0.533547
0.494335
0.505928
0.520446
0.570317
0.503182
0.4621
0.50424
0.505855
0.530587
0.477276
0.514999
0.517352
0.482488
0.465457
0.467477
0.503194
0.479258
0.480976
0.490931
0.534482
0.509665
0.468301
0.513785
0.51921
0.494846
0.491695
0.560504
0.513496
0.496663
0.529095
0.515023
0.504217
0.454811
0.514606
0.48514
0.517442
0.51708
0.503969
0.482221
0.507031
0.497103
0.467378
0.530607
0.537768
0.51401
0.51403
0.521091
0.507424
0.558324
0.542783
0.482841
0.572092
0.46851
0.47328
0.47815
0.509206
0.522513
0.571939
0.484378
0.522593
0.478701
0.537165
0.477473
0.493934
0.470553
0.498168
0.491429
0.465034
0.499489
0.441756
0.528075
0.505237
0.490208
0.501487
0.501561
0.538402
0.502909
0.533544
0.491909
0.523777
0.516777
0.463718
0.49202
0.495178
0.529098
0.469865
0.502497
0.522826
0.504386
0.424224
0.488667
0.46223
0.487894
0.509952
0.49418
0.544479
0.507889
0.486275
0.535546
0.492332
0.461055
0.526608
0.482001
0.446475
0.46541
0.504033
0.515071
0.476308
0.435107
0.458506
0.522202
0.489663
0.541495
0.470165
0.538846
0.545799
0.544814
0.473116
0.503357
0.536075
0.490901
0.524078
0.449101
0.486657
0.527277
0.500251
0.488122
0.50764
0.443002
0.530786
0.530763
0.482965
0.526654
0.506244
0.495612
0.465505
0.486826
0.520393
0.494138
0.51168
0.499506
0.498748
0.474407
0.490002
0.496713
0.498207
0.438236
0.4479
0.540773
0.462162
0.546179
0.48122
0.538599
0.555477
0.514703
0.500759
0.470365
0.543678
0.499943
0.520217
0.486926
0.470757
0.462394
0.489945
0.500387
0.469955
0.506937
0.500848
0.542172
0.48189
0.442556
0.512844
0.542984
0.474423
0.516125
0.452223
0.499019
0.458623
0.494649
0.522309
0.498816
0.565207
0.470323
0.511785
0.505127
0.475843
0.512785
0.535053
0.496151
0.493673
0.482953
0.55902
0.53055
0.497441
0.472793
0.470666
0.480586
0.503605
0.485422
0.509785
0.47777
0.440796
0.449907
0.531261
0.515399
0.521007
0.505125
0.531265
0.522352
0.49189
0.497086
0.511741
0.512516
0.494525
0.494068
0.487556
0.50423
0.481047
0.483952
0.450695
0.454107
0.506498
0.518129
0.455867
0.539619
0.489288
0.526356
0.511911
0.494813
0.434631
0.49693
0.483355
0.473545
0.495329
0.516566
0.516527
0.494588
0.474297
0.534341
0.484578
0.503007
0.493183
0.514087
0.505794
0.51217
0.521464
0.46961
0.519578
0.480761
0.470404
0.487098
0.454471
0.469184
0.576236
0.459114
0.502588
0.449727
0.586947
0.524519
0.504846
0.494856
0.48704
0.488737
0.501359
0.508024
0.464655
0.528699
0.451374
0.491363
0.545414
0.456874
0.497119
0.484633
0.507372
0.478735
0.505951
0.489808
0.501442
0.498058
0.495157
0.515675
0.47168
0.51441
0.493807
0.50681
0.449795
0.517215
0.49602
0.511324
0.468262
0.53076
0.45002
0.531731
0.506413
0.424537
0.487356
0.48334
0.513887
0.513263
0.486666
0.50452
0.5658
0.50099
0.476358
0.52323
0.464026
0.513653
0.53058
0.444186
0.568952
0.50444
0.472855
0.54103
0.486087
0.496365
0.501759
0.507893
0.481903
0.466407
0.463013
0.514713
0.493275
0.455598
0.54237
0.510686
0.484903
0.49944
0.523665
0.490228
0.479086
0.513004
0.526404
0.475829
0.51222
0.495122
0.457272
0.472155
0.462412
0.526004
0.539934
0.495789
0.482557
0.532699
0.457499
0.534989
0.483282
0.506732
0.47202
0.49382
0.520109
0.518331
0.445423
0.505052
0.489226
0.441593
0.446216
0.476193
0.536236
0.504971
0.536367
0.493027
0.542258
0.461462
0.502723
0.535041
0.48176
0.482867
0.497349
0.477114
0.506491
0.512495
0.471151
0.54183
0.469894
0.500692
0.525171
0.506816
0.516373
0.517568
0.523918
0.501453
0.499788
0.477293
0.49512
0.45735
0.485552
0.508344
0.460263
0.486957
0.490708
0.494073
0.480299
0.484679
0.46636
0.497967
0.490893
0.514885
0.50683
0.507992
0.541587
0.51117
0.539925
0.484371
0.493253
0.481252
0.532671
0.505195
0.478216
0.491882
0.536914
0.474224
0.567415
0.508136
0.509135
0.465265
0.508979
0.501471
0.518887
0.507495
0.5026
0.510907
0.510189
0.496103
0.494061
0.481729
0.460292
0.502639
0.464319
0.526067
0.520162
0.529425
0.497493
0.459738
0.451071
0.472419
0.522147
0.469725
0.53167
0.476898
0.520238
0.496658
0.469903
0.550342
0.478108
0.496692
0.514168
0.486887
0.49389
0.497133
0.498062
0.557726
0.525701
0.510206
0.493121
0.481834
0.485011
0.549328
0.493904
0.49139
0.509541
0.492274
0.559808
0.506264
0.500086
0.515589
0.487985
0.541968
0.505625
0.474648
0.521742
0.465409
0.541099
0.443721
0.498791
0.512854
0.562229
0.520419
0.453725
0.504462
0.521748
0.528905
0.539105
0.519763
0.541428
0.466239
0.529519
0.518458
0.514268
0.526228
0.522994
0.520922
0.531232
0.475169
0.514145
0.502771
0.51689
0.503843
0.483418
0.507887
0.518363
0.510149
0.476814
0.494249
0.431924
0.47675
0.540472
0.476983
0.521645
0.508096
0.52447
0.452962
0.524462
0.461213
0.500243
0.441369
0.476022
0.514625
0.485968
0.494578
0.481709
0.519786
0.534304
0.483729
0.557201
0.549396
0.526872
0.503375
0.522944
0.536977
0.53982
0.489585
0.466924
0.452085
0.494883
0.505859
0.510095
0.545529
0.520288
0.501243
0.488857
0.478981
0.465887
0.395021
0.478946
0.443334
0.526899
0.482351
0.475113
0.480209
0.550627
0.515218
0.470973
0.510961
0.490527
0.463096
0.473392
0.447575
0.542008
0.54767
0.505794
0.50982
0.554338
0.476015
0.534752
0.493039
0.493019
0.466592
0.504254
0.510945
0.507029
0.502439
0.572001
0.517808
0.465282
0.575945
0.522129
0.484399
0.516693
0.519555
0.518715
0.482065
0.448228
0.486815
0.474457
0.519317
0.5153
0.448099
0.488885
0.545307
0.548897
0.495417
0.490496
0.434557
0.503815
0.500669
0.47718
0.517325
0.492363
0.491719
0.519305
0.479986
0.447933
0.480668
0.479848
0.459793
0.542784
0.4887
0.495945
0.518394
0.444442
0.501869
0.516226
0.548495
0.515073
0.532223
0.498318
0.488021
0.468209
0.468604
0.480891
0.50617
0.507203
0.471542
0.524617
0.425722
0.509793
0.476579
0.526423
0.535985
0.523131
0.500427
0.471409
0.550748
0.503684
0.484317
0.526803
0.485627
0.466344
0.498921
0.512341
0.509156
0.517162
0.505222
0.521429
0.51203
0.524038
0.545711
0.497473
0.468843
0.449787
0.470269
0.519759
0.516721
0.511915
0.501138
0.493231
0.475207
0.45351
0.46132
0.476581
0.491788
0.479609
0.53082
0.492988
0.517427
0.523413
0.515065
0.577908
0.516481
0.466737
0.509909
0.478273
0.535378
0.489064
0.527584
0.477491
0.50443
0.469571
0.547966
0.5206
0.487158
0.476514
0.479544
0.543971
0.471495
0.568341
0.524463
0.453925
0.447255
0.500903
0.462008
0.47864
0.514234
0.535156
0.484916
0.467725
0.475325
0.519699
0.52288
0.463836
0.529006
0.432557
0.547631
0.510706
0.545604
0.476559
0.523965
0.491967
0.501683
0.492692
0.511089
0.515135
0.526942
0.465819
0.508667
0.505146
0.508005
0.537113
0.521943
0.461794
0.513462
0.477605
0.480299
0.515469
0.454551
0.477202
0.513649
0.51556
0.505844
0.463568
0.521022
0.545899
0.470328
0.455223
0.465719
0.491616
0.553234
0.483252
0.561418
0.511792
0.529004
0.545993
0.503598
0.482275
0.505777
0.491075
0.500671
0.503036
0.511745
0.529186
0.489167
0.524443
0.487781
0.453944
0.477389
0.476823
0.460692
0.462252
0.481871
0.477696
0.501494
0.489495
0.521044
0.54104
0.513056
0.523975
0.470472
0.552986
0.501519
0.494948
0.514034
0.458289
0.52584
0.468639
0.565428
0.491975
0.519847
0.486605
0.494375
0.550528
0.491185
0.540835
0.491893
0.556987
0.501514
0.51995
0.509018
0.504343
0.482344
0.510881
0.503349
0.511593
0.490885
0.480398
0.507788
0.43684
0.460274
0.540875
0.465855
0.551813
0.468567
0.464649
0.517949
0.502165
0.530864
0.511366
0.482928
0.457952
0.498941
0.512677
0.449394
0.508643
0.492775
0.50866
0.461043
0.397051
0.498319
0.490348
0.530465
0.456551
0.505918
0.502737
0.475766
0.525971
0.523732
0.492647
0.454387
0.496513
0.500546
0.485808
0.528498
0.4451
0.542336
0.497552
0.516336
0.548511
0.506977
0.491484
0.463864
0.492681
0.551449
0.58051
0.461132
0.481538
0.495942
0.504581
0.507707
0.429768
0.519208
0.509558
0.49155
0.473858
0.469556
0.501541
0.465719
0.485812
0.515854
0.451057
0.487265
0.513907
0.542913
0.541481
0.552698
0.554862
0.52564
0.466053
0.534412
0.531805
0.516311
0.547874
0.502418
0.452397
0.479368
0.517265
0.465782
0.541505
0.528094
0.460842
0.568137
0.552784
0.457546
0.506701
0.531635
0.473557
0.528128
0.430084
0.513726
0.507357
0.494172
0.54389
0.511137
0.518506
0.541898
0.488424
0.485418
0.503123
0.481144
0.484745
0.454434
0.450907
0.535224
0.49599
0.484188
0.472097
0.523295
0.531056
0.565332
0.43397
0.519614
0.505008
0.498756
0.481252
0.53405
0.470594
0.454621
0.524827
0.508232
0.545231
0.469216
0.473104
0.511711
0.487855
0.454011
0.49043
0.562498
0.489988
0.511286
0.506917
0.516369
0.505419
0.500699
0.504064
0.489304
0.502857
0.511188
0.530535
0.437432
0.505939
0.482558
0.532493
0.488866
0.454967
0.51115
0.482836
0.541792
0.49475
0.493953
0.493731
0.533196
0.472921
0.505537
0.466814
0.522601
0.45311
0.532184
0.50543
0.485192
0.497347
0.507597
0.453288
0.538688
0.472063
0.484547
0.543905
0.458367
0.492074
0.546848
0.575226
0.444586
0.51692
0.516027
0.513771
0.467193
0.513928
0.467072
0.452709
0.531198
0.49238
0.517615
0.478217
0.438073
0.503161
0.504951
0.478507
0.517074
0.508259
0.495244
0.469896
0.430935
0.484497
0.529312
0.504288
0.510328
0.45586
0.479357
0.482447
0.511458
0.518811
0.491014
0.537444
0.481165
0.434953
0.4951
0.472634
0.513915
0.455424
0.56344
0.518555
0.465046
0.531393
0.503132
0.523118
0.454649
0.505033
0.513637
0.499462
0.476466
0.475354
0.41107
0.55585
0.496163
0.453256
0.474058
0.41198
0.50337
0.520193
0.435551
0.52609
0.50185
0.46481
0.534948
0.477224
0.502183
0.481937
0.494926
0.487047
0.451331
0.48831
0.49734
0.515566
0.503468
0.529394
0.512571
0.485152
0.486435
0.531692
0.506691
0.547219
0.498216
0.474893
0.440833
0.52595
0.487789
0.478265
0.527128
0.493439
0.474748
0.515642
0.45559
0.520618
0.502044
0.493388
0.506328
0.498359
0.526254
0.53572
0.501445
0.483109
0.469719
0.471761
0.481022
0.501446
0.508951
0.558688
0.477539
0.477921
0.553673
0.465363
0.523124
0.520575
0.480867
0.470822
0.513995
0.498488
0.488205
0.501988
0.52648
0.465746
0.491249
0.494983
0.448978
0.526203
0.428771
0.50443
0.564248
0.523405
0.500599
0.475097
0.46639
0.520057
0.502334
0.500279
0.546903
0.551406
0.531334
0.451273
0.484186
0.546912
0.478332
0.432344
0.490862
0.444591
0.509065
0.465535
0.493308
0.512391
0.510281
0.479708
0.517739
0.450993
0.474514
0.53819
0.487258
0.512397
0.48799
0.479396
0.504219
0.428673
0.466041
0.48481
0.502285
0.515259
0.460411
0.478682
0.502566
0.52317
0.502808
0.453847
0.498199
0.514498
0.43911
0.478007
0.51175
0.505584
0.508561
0.544872
0.479815
0.522221
0.512366
0.504534
0.479196
0.451284
0.506038
0.527434
0.479016
0.533141
0.489887
0.496319
0.523165
0.509238
0.522007
0.490547
0.517442
0.46922
0.518163
0.527116
0.49576
0.481969
0.472922
0.512806
0.47981
0.544935
0.546434
0.501794
0.486545
0.506132
0.551208
0.513122
0.467852
0.503175
0.483287
0.522395
0.516808
0.53373
0.50217
0.512083
0.464877
0.481759
0.493878
0.504802
0.534431
0.533933
0.461527
0.503945
0.490967
0.530578
0.497782
0.486045
0.479399
0.495544
0.503575
0.539241
0.548791
0.509364
0.537457
0.50222
0.499923
0.520075
0.499963
0.468018
0.480043
0.476084
0.527349
0.517043
0.499197
0.535452
0.49911
0.473704
0.472508
0.49596
0.493608
0.521022
0.522773
0.510351
0.506235
0.527589
0.497757
0.501108
0.424438
0.471259
0.536564
0.499149
0.484019
0.503941
0.519454
0.500812
0.491065
0.531873
0.525476
0.487509
0.513886
0.485745
0.502305
0.502415
0.469339
0.525053
0.472653
0.498583
0.517913
0.521059
0.501619
0.472837
0.49195
0.502726
0.499366
0.459844
0.541368
0.540008
0.513497
0.470718
0.511279
0.488867
0.495503
0.470544
0.495862
0.512394
0.455652
0.50919
0.502869
0.522413
0.490709
0.559792
0.493141
0.50593
0.508847
0.509268
0.539517
0.50082
0.496131
0.515262
0.519489
0.515108
0.468957
0.513868
0.536004
0.564237
0.486799
0.512524
0.490766
0.550682
0.519667
0.482451
0.504433
0.530302
0.494628
0.485
0.478065
0.479783
0.505781
0.486294
0.480209
0.49957
0.522047
0.464541
0.493997
0.486652
0.487165
0.504379
0.538627
0.521564
0.476252
0.462642
0.4596
0.51401
0.483313
0.539917
0.5321
0.511446
0.45408
0.542265
0.521875
0.505036
0.538535
0.507486
0.498006
0.487319
0.517519
0.520297
0.461941
0.455988
0.457775
0.520804
0.497154
0.518151
0.489829
0.520634
0.463823
0.469434
0.503051
0.521119
0.452886
0.432326
0.532301
0.447884
0.513861
0.478117
0.440518
0.496232
0.520797
0.48682
0.50163
0.471698
0.520741
0.499443
0.478162
0.470135
0.509081
0.476995
0.487919
0.511728
0.486157
0.530589
0.584112
0.473285
0.489503
0.50703
0.52331
0.523208
0.486095
0.504248
0.535585
0.553493
0.468995
0.500969
0.511233
0.513157
0.572741
0.484984
0.438444
0.527445
0.461882
0.524395
0.516287
0.557214
0.497016
0.546222
0.477398
0.512847
0.522721
0.486729
0.524741
0.477092
0.501735
0.507862
0.496809
0.491188
0.43978
0.554157
0.525661
0.508658
0.495391
0.534513
0.522138
0.531141
0.44913
0.483179
0.502667
0.520642
0.486564
0.534358
0.492005
0.482575
0.519369
0.564782
0.456306
0.473966
0.518956
0.518641
0.470887
0.491202
0.496968
0.489244
0.49706
0.521699
0.477049
0.511778
0.482425
0.463847
0.522242
0.461553
0.478969
0.499642
0.522392
0.532094
0.483372
0.444337
0.505947
0.517463
0.503886
0.477529
0.500505
0.533187
0.498154
0.480022
0.536504
0.550163
0.476357
0.520863
0.498418
0.455915
0.50406
0.48892
0.497841
0.517582
0.439121
0.493369
0.512828
0.491008
0.527059
0.517483
0.52787
0.500311
0.529238
0.480075
0.508883
0.532305
0.518243
0.478992
0.517579
0.540151
0.484843
0.481018
0.499594
0.510614
0.500887
0.482575
0.500757
0.519293
0.512527
0.485579
0.505864
0.498206
0.528142
0.492851
0.464338
0.460112
0.505332
0.517433
0.537151
0.49392
0.511353
0.520199
0.479376
0.505596
0.501386
0.490133
0.522753
0.448906
0.478994
0.461649
0.482639
0.510396
0.493155
0.513319
0.513714
0.532981
0.516239
0.512404
0.50883
0.482497
0.537316
0.509543
0.505359
0.491623
0.495149
0.557982
0.533437
0.48552
0.455267
0.471728
0.570455
0.513579
0.525487
0.496984
0.496201
0.511647
0.50425
0.511253
0.492995
0.489105
0.486161
0.454488
0.485218
0.485173
0.479103
0.51665
0.532602
0.498825
0.457289
0.456067
0.481652
0.446675
0.514645
0.482945
0.529573
0.523221
0.492886
0.522435
0.485091
0.547817
0.488669
0.471606
0.480529
0.532746
0.474185
0.544713
0.509514
0.516774
0.54558
0.481129
0.544703
0.488557
0.503572
0.500322
0.499885
0.564278
0.510639
0.518242
0.480849
0.503882
0.509154
0.469505
0.549382
0.510298
0.464846
0.479737
0.444778
0.556006
0.499952
0.542466
0.497237
0.511337
0.500445
0.544925
0.487513
0.48888
0.49171
0.467144
0.48721
0.468358
0.507043
0.468717
0.524076
0.556365
0.513342
0.4876
0.486689
0.44533
0.498375
0.505333
0.462898
0.506086
0.553994
0.443043
0.536405
0.46841
0.489671
0.492628
0.50585
0.533927
0.500733
0.487466
0.530784
0.425736
0.445666
0.537053
0.518904
0.509139
0.566867
0.49992
0.458917
0.507854
0.499224
0.459232
0.503419
0.510077
0.510882
0.465407
0.536156
0.498772
0.470594
0.470171
0.408047
0.520566
0.506008
0.466393
0.546337
0.497626
0.507286
0.468088
0.501268
0.506883
0.51041
0.524961
0.514625
0.460989
0.454573
0.485869
0.444551
0.545375
0.518003
0.465571
0.450988
0.46579
0.506621
0.489148
0.476136
0.500691
0.529892
0.508458
0.464291
0.512865
0.478243
0.545015
0.485445
0.484649
0.506439
0.47365
0.487021
0.521134
0.447272
0.471347
0.498115
0.52572
0.499953
0.545611
0.520629
0.462398
0.47757
0.516761
0.451656
0.48914
0.478003
0.518508
0.511506
0.526764
0.53265
0.4512
0.541738
0.467652
0.477361
0.472109
0.517578
0.488698
0.479934
0.527134
0.499099
0.522861
0.528568
0.508295
0.525529
0.493695
0.515629
0.501394
0.457078
0.49723
0.501122
0.488212
0.488643
0.485584
0.510229
0.497628
0.429775
0.516683
0.519295
0.50003
0.525282
0.484448
0.514642
0.509382
0.530838
0.483849
0.458572
0.547345
0.567979
0.555177
0.516948
0.463804
0.472865
0.501924
0.482719
0.508193
0.483161
0.446641
0.539771
0.495978
0.477446
0.509153
0.521471
0.504693
0.491494
0.511492
0.478286
0.463878
0.465819
0.513948
0.528849
0.503319
0.498856
0.496586
0.508844
0.513949
0.440152
0.550623
0.492098
0.51579
0.517935
0.514033
0.498228
0.457315
0.545455
0.495756
0.451256
0.440593
0.500447
0.512877
0.513528
0.486609
0.522114
0.525176
0.449343
0.51512
0.459987
0.471388
0.422645
0.523427
0.489049
0.511579
0.493173
0.518442
0.475496
0.509992
0.445421
0.536414
0.5375
0.502758
0.554802
0.484702
0.505364
0.48482
0.455387
0.549963
0.515433
0.510473
0.503584
0.51713
0.492144
0.51188
0.532147
0.493554
0.492578
0.479935
0.518871
0.432692
0.507905
0.501862
0.484376
0.461704
0.516084
0.489915
0.48332
0.477351
0.4802
0.515557
0.43345
0.52455
0.466808
0.453488
0.526839
0.461971
0.478664
0.519911
0.487701
0.509056
0.526219
0.469391
0.451151
0.468824
0.492238
0.454699
0.547289
0.510843
0.503938
0.52401
0.494982
0.558743
0.47701
0.489823
0.499712
0.506645
0.495892
0.533995
0.479881
0.498884
0.544691
0.533239
0.535929
0.507391
0.513101
0.449494
0.526656
0.421125
0.461712
0.519505
0.487113
0.521911
0.491084
0.528019
0.532442
0.501079
0.478944
0.508956
0.442034
0.581263
0.5199
0.498931
0.518392
0.527743
0.522042
0.497507
0.505056
0.523698
0.484799
0.508552
0.487988
0.533762
0.482425
0.527072
0.494767
0.510231
0.48751
0.475903
0.495988
0.496325
0.408863
0.49662
0.473233
0.480854
0.538154
0.549066
0.427987
0.518684
0.519704
0.523845
0.495876
0.521363
0.52777
0.562174
0.510607
0.502295
0.485722
0.537468
0.531974
0.430819
0.52148
0.493019
0.532316
0.46959
0.543583
0.580161
0.475793
0.529621
0.522271
0.51129
0.484865
0.557367
0.519948
0.492099
0.488337
0.488222
0.495407
0.487438
0.495355
0.460812
0.506191
0.515132
0.449726
0.496451
0.503459
0.462163
0.478928
0.488139
0.493745
0.477584
0.462201
0.513474
0.551966
0.466524
0.49208
0.495861
0.460076
0.509683
0.543751
0.528376
0.465721
0.512677
0.506604
0.474683
0.445281
0.499606
0.542364
0.451362
0.485676
0.565237
0.504156
0.516022
0.469304
0.510155
0.520909
0.535593
0.536482
0.483269
0.471442
0.499147
0.449787
0.536056
0.452634
0.47964
0.534642
0.572895
0.516035
0.478949
0.470544
0.491888
0.497298
0.530566
0.4673
0.490534
0.492817
0.484338
0.460651
0.500627
0.497923
0.537629
0.451647
0.566764
0.481043
0.457257
0.474171
0.522824
0.488168
0.456617
0.464958
0.50081
0.462031
0.502327
0.490505
0.486406
0.45034
0.494803
0.465246
0.555654
0.477478
0.457117
0.495354
0.507097
0.524012
0.506524
0.472555
0.523777
0.468403
0.483034
0.492327
0.47947
0.505286
0.499389
0.48086
0.493515
0.534706
0.476846
0.485151
0.488624
0.486663
0.511111
0.500607
0.50605
0.525365
0.482824
0.490529
0.522479
0.517549
0.496958
0.501869
0.553024
0.489248
0.515508
0.521604
0.484704
0.525384
0.467842
0.538133
0.494771
0.486555
0.523104
0.502056
0.468267
0.447394
0.479019
0.490707
0.499185
0.46088
0.511501
0.480829
0.509608
0.472967
0.49942
0.423755
0.551204
0.501908
0.488914
0.447473
0.483441
0.546659
0.541612
0.519955
0.472921
0.478724
0.521153
0.558117
0.538176
0.491821
0.492373
0.466787
0.494327
0.503755
0.51752
0.492065
0.451971
0.514851
0.503903
0.453435
0.484667
0.46734
0.467319
0.459019
0.509406
0.510071
0.485652
0.518331
0.45443
0.452913
0.487009
0.436926
0.478783
0.505234
0.466778
0.537303
0.527962
0.472824
0.497968
0.540447
0.560051
0.497647
0.509226
0.502371
0.506703
0.464778
0.484886
0.470056
0.483356
0.560928
0.501436
0.511144
0.503048
0.5689
0.474783
0.491763
0.508215
0.472381
0.492673
0.526866
0.464836
0.515424
0.566658
0.507456
0.423315
0.481001
0.537983
0.519065
0.480459
0.483011
0.421752
0.525876
0.58694
0.486101
0.503774
0.444845
0.494606
0.437689
0.504441
0.494215
0.508021
0.516563
0.494024
0.480788
0.464617
0.502418
0.49376
0.480333
0.457808
0.510721
0.487109
0.545497
0.487476
0.527277
0.515543
0.54561
0.522171
0.526858
0.453261
0.562746
0.527423
0.510287
0.475189
0.508415
0.504527
0.514339
0.492648
0.515271
0.504188
0.458844
0.491061
0.4982
0.469386
0.48536
0.474081
0.549174
0.531855
0.50179
0.498502
0.490229
0.50653
0.477328
0.524346
0.478963
0.508353
0.512098
0.524479
0.450915
0.465808
0.485865
0.468156
0.533205
0.50556
0.550194
0.492848
0.493802
0.522566
0.508432
0.508737
0.520815
0.530049
0.54789
0.500254
0.476153
0.523693
0.538587
0.509032
0.447962
0.504445
0.462956
0.482646
0.476178
0.484297
0.510858
0.513529
0.505606
0.419414
0.534306
0.502418
0.480874
0.475004
0.536249
0.520723
0.477654
0.506275
0.507816
0.476184
0.514505
0.559886
0.498369
0.506194
0.499746
0.540238
0.542764
0.443165
0.447692
0.455006
0.46018
0.52631
0.528666
0.494265
0.458894
0.484212
0.517137
0.497597
0.471381
0.512564
0.542372
0.483557
0.574108
0.491448
0.54597
0.445859
0.466405
0.516527
0.490658
0.520671
0.472779
0.418535
0.504721
0.489386
0.493053
0.465427
0.476438
0.511249
0.504697
0.531572
0.492914
0.460212
0.501741
0.45836
0.477655
0.470389
0.474626
0.480607
0.451293
0.454492
0.455383
0.483117
0.459812
0.549625
0.542504
0.521788
0.534664
0.474797
0.499891
0.51364
0.519139
0.494545
0.424249
0.530125
0.535373
0.503038
0.495302
0.448108
0.496368
0.483025
0.473207
0.452888
0.487393
0.48402
0.537536
0.497636
0.531148
0.554091
0.542213
0.503622
0.481057
0.499616
0.510768
0.455611
0.487079
0.507409
0.526284
0.496795
0.488396
0.533561
0.520432
0.507647
0.487367
0.493395
0.475932
0.493062
0.509114
0.486887
0.506854
0.482165
0.491114
0.443954
0.451107
0.465162
0.547185
0.543962
0.4995
0.4716
0.510222
0.52384
0.475758
0.474433
0.518074
0.489173
0.521853
0.464232
0.546929
0.472646
0.483032
0.46796
0.546583
0.494221
0.496921
0.496641
0.521971
0.497414
0.501078
0.536339
0.515326
0.496049
0.50336
0.466789
0.443361
0.515873
0.499497
0.462076
0.483821
0.51539
0.482231
0.537727
0.515803
0.490304
0.526405
0.478599
0.448213
0.495941
0.494374
0.511925
0.560723
0.522022
0.556118
0.529907
0.501623
0.494165
0.478414
0.496225
0.486929
0.486492
0.487474
0.510834
0.48512
0.569714
0.499388
0.487429
0.501896
0.499067
0.502773
0.537949
0.489312
0.466481
0.457996
0.4885
0.523674
0.481348
0.497337
0.511067
0.566574
0.474271
0.470482
0.495392
0.473424
0.51817
0.509706
0.515397
0.503891
0.541105
0.519136
0.464512
0.458575
0.525219
0.492452
0.55431
0.506333
0.516143
0.53342
0.480794
0.516609
0.567267
0.503617
0.452733
0.521148
0.493232
0.501725
0.50641
0.48947
0.427032
0.478781
0.551165
0.512484
0.485085
0.503742
0.4801
0.528601
0.504669
0.483752
0.490325
0.49674
0.478076
0.483475
0.507125
0.490596
0.497879
0.487882
0.516414
0.458533
0.467669
0.522858
0.519853
0.453494
0.522651
0.498004
0.497015
0.517296
0.514465
0.506016
0.508962
0.50368
0.484617
0.533003
0.49761
0.484501
0.480878
0.504139
0.51527
0.523423
0.501047
0.539001
0.49872
0.481503
0.418434
0.500987
0.492196
0.479033
0.533456
0.525176
0.463677
0.528016
0.495698
0.549016
0.468834
0.48965
0.480844
0.500202
0.547018
0.521204
0.496821
0.526132
0.503666
0.536646
0.453558
0.489311
0.4835
0.505408
0.520716
0.47307
0.448888
0.473665
0.537777
0.49199
0.557747
0.46249
0.470858
0.541394
0.545367
0.48728
0.520628
0.490288
0.554518
0.552805
0.525708
0.532127
0.508227
0.448276
0.49592
0.467766
0.479598
0.476796
0.579766
0.455004
0.493046
0.503563
0.490509
0.469054
0.56132
0.55722
0.565239
0.45835
0.462695
0.508705
0.521282
0.500045
0.492706
0.491991
0.524348
0.559582
0.424791
0.491083
0.442774
0.488713
0.484237
0.507653
0.50225
0.486337
0.489778
0.473679
0.4654
0.466546
0.507246
0.503475
0.530586
0.518226
0.439632
0.489481
0.534321
0.480621
0.497938
0.496178
0.501658
0.509211
0.507195
0.486525
0.508931
0.526287
0.522029
0.525273
0.523229
0.560607
0.506129
0.523545
0.462967
0.510484
0.520021
0.509041
0.543945
0.454712
0.521496
0.476265
0.50525
0.485681
0.44309
0.481125
0.479391
0.509061
0.510968
0.474303
0.521042
0.584444
0.469608
0.497752
0.478757
0.431298
0.456652
0.488708
0.484039
0.494625
0.512286
0.435583
0.492144
0.474686
0.477553
0.440119
0.45898
0.535179
0.535941
0.47018
0.51849
0.464231
0.56265
0.497546
0.464885
0.5426
0.48589
0.535105
0.534112
0.533435
0.484603
0.517785
0.518917
0.477993
0.50697
0.471642
0.501891
0.521675
0.574087
0.485445
0.55087
0.474759
0.533181
0.489145
0.461063
0.462207
0.484743
0.463614
0.478282
0.476914
0.497953
0.516006
0.55765
0.500789
0.508765
0.445139
0.562168
0.488025
0.465042
0.451254
0.475505
0.544943
0.5231
0.484536
0.52339
0.550782
0.540046
0.526775
0.50799
0.423821
0.486283
0.530526
0.489636
0.447182
0.512551
0.480164
0.490276
0.498719
0.505892
0.519191
0.463038
0.509348
0.508898
0.518187
0.432265
0.514199
0.49663
0.437761
0.488408
0.490969
0.525577
0.55089
0.562143
0.519843
0.529029
0.519021
0.492099
0.479365
0.453244
0.506307
0.510553
0.50263
0.508782
0.456348
0.511492
0.518176
0.48137
0.535819
0.505394
0.489942
0.5367
0.499366
0.425113
0.550681
0.513501
0.540119
0.507248
0.533189
0.469291
0.520235
0.483361
0.503735
0.50316
0.485808
0.495427
0.492062
0.44997
0.540556
0.489882
0.432336
0.530358
0.492622
0.524654
0.519414
0.480885
0.488908
0.503546
0.504815
0.508745
0.521273
0.542352
0.466758
0.525376
0.539006
0.451066
0.508652
0.483373
0.501924
0.466581
0.520401
0.501056
0.538486
0.500232
0.466916
0.469091
0.433285
0.554577
0.538191
0.473516
0.498311
0.483774
0.50533
0.469565
0.502334
0.511936
0.546898
0.490656
0.55281
0.52385
0.499963
0.546919
0.484664
0.452407
0.450218
0.507643
0.520335
0.487157
0.495543
0.432008
0.525456
0.518321
0.507397
0.512491
0.514543
0.520671
0.474399
0.505306
0.531072
0.501636
0.462488
0.472264
0.46631
0.518006
0.516026
0.548427
0.521283
0.515619
0.514227
0.479914
0.48626
0.516402
0.497277
0.51627
0.542109
0.477139
0.516536
0.50173
0.487927
0.50434
0.503176
0.499787
0.479294
0.479596
0.489651
0.525421
0.55154
0.459777
0.468359
0.509373
0.522402
0.536469
0.521876
0.478827
0.488431
0.519007
0.529141
0.538891
0.469541
0.505491
0.501959
0.509242
0.526066
0.476151
0.476204
0.500309
0.492704
0.483448
0.462095
0.423376
0.523712
0.523269
0.537915
0.498973
0.463748
0.551608
0.521557
0.507934
0.448713
0.531096
0.524264
0.469498
0.470984
0.491763
0.500945
0.510823
0.533404
0.500403
0.471433
0.51229
0.546404
0.482913
0.547068
0.57298
0.542643
0.473991
0.496981
0.480683
0.503524
0.488558
0.508442
0.530832
0.531973
0.549293
0.495664
0.458716
0.475856
0.504628
0.441421
0.519375
0.496401
0.521619
0.505873
0.51952
0.536008
0.498029
0.506952
0.495881
0.479814
0.478019
0.546703
0.544339
0.525401
0.495821
0.477947
0.514228
0.515007
0.511762
0.485637
0.532174
0.474621
0.515016
0.517291
0.499856
0.514345
0.517458
0.586868
0.560051
0.504384
0.533003
0.516469
0.48535
0.481048
0.526789
0.500235
0.513913
0.47714
0.508598
0.494816
0.506642
0.511099
0.454874
0.500791
0.530142
0.499288
0.53372
0.489401
0.549848
0.495777
0.517255
0.478992
0.487699
0.454027
0.485689
0.485521
0.508719
0.534819
0.45751
0.501513
0.510895
0.494828
0.510149
0.497839
0.522723
0.470201
0.525492
0.532689
0.542785
0.549526
0.464625
0.492127
0.485754
0.480551
0.466187
0.506579
0.499183
0.465047
0.47269
0.507654
0.49546
0.546178
0.449204
0.529657
0.503308
0.502752
0.528767
0.490179
0.483198
0.494737
0.538891
0.504128
0.521054
0.504409
0.543557
0.525587
0.544621
0.48751
0.475062
0.491868
0.51688
0.48879
0.460086
0.474138
0.510876
0.526313
0.484372
0.498991
0.490333
0.528892
0.53038
0.445344
0.560443
0.471036
0.492295
0.541034
0.463187
0.479784
0.442764
0.523476
0.491583
0.487797
0.495738
0.488781
0.507214
0.497081
0.539789
0.483687
0.485427
0.487728
0.536283
0.534695
0.522577
0.526035
0.496781
0.488769
0.499677
0.496386
0.474044
0.499989
0.446849
0.481264
0.521014
0.526528
0.512937
0.493782
0.482156
0.482316
0.514658
0.507091
0.481514
0.48779
0.519672
0.505048
0.481889
0.51408
0.507949
0.508523
0.469478
0.585025
0.475788
0.511714
0.518382
0.551381
0.506888
0.492843
0.549329
0.541605
0.454835
0.53362
0.47701
0.49358
0.521372
0.461832
0.510388
0.571675
0.464843
0.421451
0.490366
0.513487
0.553174
0.514618
0.519175
0.490664
0.525774
0.489895
0.475876
0.458177
0.528718
0.501145
0.522332
0.476406
0.507606
0.501428
0.514038
0.490433
0.542462
0.536273
0.460176
0.520898
0.469038
0.470721
0.507279
0.550809
0.550925
0.504495
0.50087
0.512673
0.486818
0.469679
0.52945
0.460321
0.527328
0.475288
0.525226
0.489809
0.495706
0.493094
0.465931
0.433763
0.496862
0.519084
0.512129
0.54355
0.479047
0.504934
0.454372
0.533645
0.46258
0.473863
0.504585
0.492566
0.519984
0.455249
0.476055
0.504763
0.49192
0.522379
0.526398
0.467825
0.483283
0.517708
0.527881
0.459385
0.513844
0.490005
0.469469
0.4581
0.527796
0.537757
0.484981
0.49307
0.506609
0.463205
0.49172
0.466093
0.449534
0.5114
0.523957
0.481104
0.44616
0.47863
0.515646
0.585193
0.48538
0.504616
0.496739
0.49557
0.48515
0.49284
0.507486
0.51685
0.517417
0.453383
0.515078
0.483037
0.53258
0.50265
0.497028
0.508579
0.517882
0.454347
0.505653
0.502872
0.474071
0.446104
0.498029
0.542587
0.464751
0.546099
0.495811
0.486187
0.512755
0.51407
0.499268
0.485029
0.487945
0.481087
0.489931
0.535399
0.480797
0.54246
0.486218
0.465883
0.526157
0.498152
0.536408
0.434423
0.511533
0.465081
0.463349
0.539453
0.48431
0.485683
0.515267
0.499484
0.472246
0.497103
0.517051
0.4855
0.481642
0.505404
0.536399
0.470564
0.507552
0.509156
0.469184
0.520989
0.480405
0.506783
0.488426
0.543461
0.483423
0.542053
0.491251
0.492475
0.485202
0.532066
0.488186
0.522482
0.511832
0.522138
0.499201
0.479098
0.542939
0.501936
0.490844
0.493761
0.476015
0.517253
0.478855
0.526216
0.463409
0.501795
0.520635
0.469193
0.506371
0.57334
0.491948
0.499656
0.440497
0.518677
0.562218
0.501005
0.466979
0.511659
0.542813
0.510593
0.53401
0.528782
0.542672
0.516946
0.492739
0.436636
0.535675
0.491052
0.492135
0.53563
0.504102
0.526099
0.497144
0.494335
0.482579
0.480035
0.484516
0.488852
0.536877
0.475325
0.49067
0.521555
0.531937
0.460277
0.515968
0.433595
0.503498
0.486325
0.439798
0.445548
0.517706
0.495621
0.4708
0.480556
0.503076
0.493335
0.466655
0.464372
0.479184
0.499021
0.537774
0.476645
0.526454
0.491437
0.519285
0.487858
0.441437
0.501174
0.505686
0.506263
0.501935
0.525501
0.472539
0.509207
0.526352
0.529766
0.419575
0.503217
0.521653
0.489753
0.509598
0.517216
0.544303
0.449357
0.497549
0.523253
0.518554
0.52796
0.514112
0.539117
0.506462
0.491878
0.508242
0.517211
0.524011
0.504252
0.572973
0.494057
0.457714
0.517764
0.468901
0.454815
0.506062
0.504555
0.489705
0.487187
0.500212
0.497703
0.494083
0.519078
0.448269
0.538663
0.508483
0.494391
0.467551
0.545017
0.464993
0.521337
0.469209
0.542926
0.50878
0.477626
0.519568
0.48866
0.489437
0.476915
0.522584
0.463564
0.50063
0.490899
0.507766
0.476854
0.552403
0.511402
0.42796
0.49061
0.470528
0.53686
0.461362
0.491335
0.497269
0.507563
0.502128
0.492471
0.497942
0.454026
0.523968
0.492231
0.527632
0.502878
0.481091
0.481126
0.472461
0.544628
0.480882
0.493572
0.519764
0.537695
0.512678
0.497935
0.501562
0.493077
0.477022
0.509408
0.495695
0.504018
0.479779
0.52008
0.489004
0.475071
0.465469
0.470572
0.556919
0.494914
0.52421
0.487633
0.463847
0.517307
0.526643
0.492048
0.458721
0.514549
0.521199
0.501246
0.490093
0.497832
0.478106
0.510982
0.505138
0.488844
0.484496
0.490465
0.506957
0.487015
0.544985
0.525307
0.514539
0.546765
0.482115
0.502671
0.509763
0.509143
0.541019
0.502993
0.515827
0.512226
0.472692
0.522645
0.471455
0.524643
0.490239
0.51193
0.535277
0.486625
0.502477
0.532761
0.504748
0.552926
0.529264
0.500428
0.523985
0.512008
0.532939
0.453797
0.484893
0.515863
0.490227
0.558345
0.475955
0.474845
0.469011
0.49638
0.56307
0.471879
0.504324
0.488842
0.5068
0.520444
0.477949
0.503047
0.46041
0.500676
0.485992
0.530756
0.533077
0.497988
0.508817
0.510939