0.0828932
0.0829943
0.0831392
0.0830512
0.0828411
0.0828577
0.083166
0.0832315
0.0829783
0.0827507
0.0826822
0.0828001
0.0830971
0.0831849
0.0831532
0.0830999
0.0831239
0.0831361
0.0832388
0.0832735
0.0833296
0.0833429
0.0834063
0.0834574
0.0833749
0.0834129
0.0833737
0.0833114
0.0834064
0.083353
0.0833752
0.0833906
0.0834505
0.0834123
0.0834525
0.083372
0.0833653
0.0833578
0.0833257
0.0833116
0.0833
0.0832637
0.0832522
0.0832908
0.0832818
0.0832961
0.0833383
0.083321
0.0833134
0.0833453
0.0833118
0.0833162
0.0833421
0.0833246
0.0832858
0.0833223
0.0833394
0.0833125
0.0833429
0.0833114
0.0833275
0.0833315
0.0833075
0.0833376
0.0833521
0.0833447
0.0833607
0.0833359
0.083315
0.0833071
0.0833359
0.0833529
0.0833988
0.0833897
0.0833708
0.0833993
0.0833714
0.0833283
0.0833285
0.0833254
0.0833304
0.083326
0.0833277
0.0833413
0.0833556
0.0833561
0.0833928
0.0834086
0.0834126
0.0834138
0.0834349
0.0834168
0.0834335
0.0834045
0.0834224
0.0834297
0.0834218
0.0834422
0.0834623
0.083429
0.0834316
0.0834408
0.0834474
0.0834438
0.0834353
0.0834233
0.0834203
0.0834319
0.0834197
0.0834293
0.0834194
0.0834309
0.083435
0.0834188
0.0834009
0.0834005
0.083401
0.0833971
0.0834071
0.0833918
0.0833719
0.0833916
0.0833889
0.0833686
0.0833745
0.0833988
0.083413
0.0834471
0.0834554
0.0834468
0.0834503
0.0834572
0.0834396
0.083432
0.0834383
0.0834303
0.0834316
0.083428
0.083446
0.0834405
0.0834465
0.0834482
0.0834534
0.0834668
0.0834656
0.0834609
0.083459
0.083456
0.0834354
0.0834318
0.0834361
0.0834427
0.0834487
0.0834354
0.083443
0.0834451
0.0834537
0.0834448
0.0834386
0.0834367
0.0834383
0.08343
0.0834322
0.0834402
0.0834194
0.0834187
0.0834198
0.0834363
0.083446
0.0834381
0.083436
0.0834428
0.0834462
0.0834556
0.0834461
0.0834555
0.0834525
0.0834344
0.0834296
0.0834311
0.0834255
0.0834254
0.0834018
0.0834279
0.083418
0.0834182
0.0834218
0.0834305
0.0834275
0.0834418
0.0834489
0.083449
0.0834497
0.0834462
0.0834344
0.0834282
0.0834309
0.0834584
0.0834564
0.083446
0.0834443
0.0834274
0.0834339
0.0834378
0.0834356
0.0834301
0.0834259
0.0834289
0.0834239
0.0834216
0.0834339
0.0834283
0.0834257
0.0834423
0.0834371
0.0834425
0.0834531
0.0834524
0.08346
0.083468
0.0834618
0.083448
0.0834438
0.0834446
0.0834534
0.0834385
0.0834506
0.083446
0.0834385
0.0834254
0.0834257
0.0834299
0.0834251
0.0834086
0.0834151
0.0834052
0.0834047
0.0833941
0.08339
0.0833881
0.0833886
0.0833861
0.0833863
0.0833845
0.0833881
0.0833841
0.0833851
0.0833749
0.0833725
0.0833762
0.0833717
0.0833631
0.0833515
0.0833557
0.0833527
0.0833595
0.0833546
0.0833567
0.0833578
0.0833626
0.0833556
0.0833529
0.0833541
0.0833529
0.0833558
0.0833479
0.0833411
0.0833382
0.083341
0.0833461
0.0833458
0.0833349
0.0833412
0.0833552
0.0833555
0.0833542
0.0833642
0.0833583
0.0833563
0.0833589
0.0833607
0.0833616
0.0833548
0.0833544
0.0833471
0.0833571
0.0833605
0.0833608
0.0833487
0.0833354
0.0833381
0.0833393
0.0833429
0.0833375
0.0833511
0.0833467
0.083347
0.0833592
0.0833557
0.0833602
0.0833571
0.083362
0.0833613
0.0833581
0.0833565
0.0833593
0.0833642
0.0833593
0.0833626
0.083368
0.083371
0.0833803
0.0833705
0.0833689
0.0833721
0.0833775
0.0833792
0.0833803
0.0833795
0.0833689
0.0833617
0.0833586
0.0833586
0.0833583
0.0833672
0.0833581
0.083358
0.0833559
0.0833558
0.0833546
0.0833557
0.0833538
0.0833564
0.0833626
0.0833697
0.0833698
0.0833631
0.0833664
0.0833699
0.0833727
0.0833711
0.0833658
0.0833682
0.083359
0.0833567
0.0833615
0.0833613
0.0833603
0.0833621
0.0833596
0.0833596
0.0833581
0.0833566
0.0833557
0.0833536
0.0833475
0.0833406
0.0833409
0.0833454
0.0833446
0.0833424
0.0833388
0.0833398
0.0833397
0.0833514
0.0833551
0.0833508
0.0833482
0.0833447
0.0833481
0.0833493
0.0833486
0.0833535
0.0833549
0.0833537
0.0833488
0.0833457
0.0833395
0.0833441
0.0833529
0.0833501
0.0833465
0.0833493
0.0833479
0.0833446
0.0833467
0.0833492
0.0833472
0.0833448
0.0833418
0.0833455
0.0833416
0.0833403
0.0833439
0.0833508
0.0833457
0.0833429
0.0833454
0.083348
0.0833485
0.0833513
0.0833487
0.0833629
0.0833564
0.0833654
0.0833634
0.0833581
0.0833615
0.083354
0.0833544
0.083348
0.0833517
0.0833617
0.0833627
0.083366
0.0833588
0.0833585
0.0833529
0.0833544
0.0833535
0.0833496
0.0833419
0.0833414
0.0833374
0.0833385
0.0833335
0.0833288
0.0833317
0.0833283
0.0833309
0.0833301
0.0833315
0.0833417
0.0833383
0.0833336
0.0833352
0.0833346
0.0833339
0.0833353
0.083327
0.0833291
0.0833291
0.0833282
0.0833318
0.0833295
0.083332
0.0833287
0.0833345
0.0833364
0.0833339
0.0833351
0.0833351
0.0833354
0.083341
0.0833332
0.0833372
0.0833311
0.0833325
0.0833283
0.083327
0.0833261
0.0833297
0.0833298
0.0833305
0.0833303
0.0833302
0.0833319
0.0833324
0.0833301
0.0833285
0.0833325
0.0833336
0.0833376
0.0833363
0.0833387
0.0833339
0.0833347
0.0833313
0.0833385
0.0833346
0.0833273
0.0833287
0.0833261
0.0833236
0.0833196
0.0833166
0.0833135
0.0833154
0.0833184
0.0833141
0.0833122
0.0833116
0.0833071
0.0833044
0.0833031
0.0832964
0.0832981
0.083299
0.0832994