0.000126803
0.000124805
0.000169683
0.000158194
0.000246668
0.000209137
0.000357519
0.000322033
0.000383451
0.000414867
0.000384862
0.000373119
0.000455616
0.000433128
0.000406389
0.000385439
0.000364184
0.000344701
0.000342752
0.000327862
0.000317608
0.000303775
0.000297678
0.00029005
0.000290617
0.00028222
0.000274767
0.00027234
0.000279733
0.00027579
0.000267952
0.000260165
0.000259416
0.000254784
0.000250849
0.000256903
0.000250142
0.000243759
0.000239748
0.000234253
0.000228902
0.000226441
0.000221532
0.000219959
0.00021531
0.00021116
0.000210991
0.00020737
0.000203321
0.000201838
0.00020073
0.000196954
0.000195007
0.00019223
0.000192716
0.000192792
0.000190206
0.000188879
0.000188188
0.000187744
0.000185391
0.000182467
0.000181181
0.000180889
0.000178714
0.00017618
0.000174304
0.00017354
0.000172312
0.000170054
0.00017013
0.000168642
0.000172575
0.000170499
0.0001693
0.000169493
0.000169617
0.000172919
0.000170744
0.00016865
0.000166654
0.000164691
0.000162728
0.000161376
0.000160126
0.000158275
0.000160711
0.000159685
0.000157952
0.000156211
0.000155937
0.000155313
0.000154559
0.000155654
0.00015506
0.00015363
0.000152264
0.000152102
0.000151906
0.000154046
0.00015255
0.000151342
0.000150028
0.000148636
0.000147476
0.000146579
0.000145246
0.000144377
0.000143586
0.000142613
0.000141677
0.000140882
0.0001397
0.000139416
0.000139365
0.00013817
0.000136995
0.000135898
0.000135138
0.000134895
0.000135258
0.000135596
0.000134525
0.000134985
0.000134041
0.000135183
0.000134877
0.000138104
0.000137286
0.000136503
0.000135509
0.000134666
0.000134815
0.000134027
0.000133184
0.000132447
0.00013149
0.000130592
0.000130907
0.000130092
0.000129313
0.000128417
0.000127625
0.000127458
0.000126588
0.000125812
0.000124974
0.000124168
0.000125047
0.000124268
0.000123521
0.000122889
0.000122235
0.000122165
0.000121612
0.000120855
0.00012039
0.000119955
0.000119364
0.000118636
0.000117912
0.00011748
0.000116782
0.000116347
0.000117499
0.000116795
0.000116103
0.000116583
0.000116304
0.000115889
0.000115234
0.00011477
0.000114159
0.000113896
0.000113649
0.000113397
0.000112798
0.000113611
0.00011308
0.000112463
0.000111981
0.000111367
0.000113248
0.00011563
0.00011544
0.000114821
0.000114266
0.000113993
0.000113432
0.000113743
0.000113369
0.00011278
0.000112199
0.000111677
0.000111738
0.00011134
0.000110808
0.000113631
0.000113079
0.000113001
0.000112453
0.00011316
0.000112787
0.000112303
0.000111777
0.000111375
0.000110918
0.000110427
0.000110011
0.000109512
0.000109677
0.000109302
0.000108822
0.000109583
0.0001092
0.000108828
0.000108854
0.000108359
0.000108132
0.00010794
0.000107634
0.000108034
0.000107632
0.000107156
0.00010704
0.000107598
0.000107807
0.000107434
0.000107232
0.000107563
0.000107098
0.000106718
0.000106366
0.000107188
0.00010693
0.000106938
0.000106489
0.000106569
0.000106201
0.000105778
0.000105341
0.000104938
0.000104508
0.000104096
0.000103735
0.000103392
0.000102979
0.00010307
0.000102683
0.00010234
0.000102031
0.000101992
0.000102251
0.000101934
0.000101578
0.000101406
0.000101129
0.000100761
0.000100378
0.000100106
9.99664e-05
9.96227e-05
9.92522e-05
9.8884e-05
9.85532e-05
9.85017e-05
9.83641e-05
9.80427e-05
9.77208e-05
9.74898e-05
9.71312e-05
9.73798e-05
9.72253e-05
9.78843e-05
9.75295e-05
9.71856e-05
9.73477e-05
9.71792e-05
9.68521e-05
9.65438e-05
9.62177e-05
9.58805e-05
9.57822e-05
9.54464e-05
9.53884e-05
9.55773e-05
9.53059e-05
9.49761e-05
9.5417e-05
9.60176e-05
9.57266e-05
9.54069e-05
9.51492e-05
9.49795e-05
9.56287e-05
9.54072e-05
9.50871e-05
9.55427e-05
9.52881e-05
9.50788e-05
9.48143e-05
9.46296e-05
9.43206e-05
9.40667e-05
9.37717e-05
9.3506e-05
9.33309e-05
9.31544e-05
9.29127e-05
9.27702e-05
9.25214e-05
9.26883e-05
9.29074e-05
9.26267e-05
9.23891e-05
9.22544e-05
9.19802e-05
9.16981e-05
9.14147e-05
9.17451e-05
9.1743e-05
9.15107e-05
9.12278e-05
9.09473e-05
9.11033e-05
9.12848e-05
9.10061e-05
9.07536e-05
9.04783e-05
9.02116e-05
8.99457e-05
8.96956e-05
8.94644e-05
8.94116e-05
8.94275e-05
8.91619e-05
8.91531e-05
8.8953e-05
8.87569e-05
8.85414e-05
8.82955e-05
8.81993e-05
8.7974e-05
8.81959e-05
8.79711e-05
8.78514e-05
8.75989e-05
8.73537e-05
8.71226e-05
8.69099e-05
8.66627e-05
8.64296e-05
8.6198e-05
8.59589e-05
8.57428e-05
8.57209e-05
8.57608e-05
8.55221e-05
8.5401e-05
8.51674e-05
8.49596e-05
8.48043e-05
8.45769e-05
8.43449e-05
8.49194e-05
8.4769e-05
8.46494e-05
8.44599e-05
8.43005e-05
8.41387e-05
8.39211e-05
8.36984e-05
8.36163e-05
8.34041e-05
8.31904e-05
8.31126e-05
8.29498e-05
8.29607e-05
8.28689e-05
8.31197e-05
8.29505e-05
8.28099e-05
8.26412e-05
8.24381e-05
8.22906e-05
8.2103e-05
8.19289e-05
8.17407e-05
8.15683e-05
8.14139e-05
8.12885e-05
8.11737e-05
8.09777e-05
8.08519e-05
8.09443e-05
8.09026e-05
8.07472e-05
8.05829e-05
8.04239e-05
8.02245e-05
8.00753e-05
7.99186e-05
8.09705e-05
8.10281e-05
8.13237e-05
8.11497e-05
8.11219e-05
8.09936e-05
8.11372e-05
8.09403e-05
8.09928e-05
8.08802e-05
8.13071e-05
8.11166e-05
8.09903e-05
8.11219e-05
8.09279e-05
8.0931e-05
8.07528e-05
8.05665e-05
8.0468e-05
8.06463e-05
8.04576e-05
8.03697e-05
8.01887e-05
8.01523e-05
8.01081e-05
7.99762e-05
7.9862e-05
7.97174e-05
7.95367e-05
7.93653e-05
7.98421e-05
7.9734e-05
7.96868e-05
7.95194e-05
7.93396e-05
7.9162e-05
7.89947e-05
7.92519e-05
7.90995e-05
7.89207e-05
7.8748e-05
7.86565e-05
7.85157e-05
7.83795e-05
7.82734e-05
7.83144e-05
7.81644e-05
7.80319e-05
7.78684e-05
7.76963e-05
7.75255e-05
7.75597e-05
7.77856e-05
7.772e-05
7.77889e-05
7.76315e-05
7.75736e-05
7.74175e-05
7.72539e-05
7.71672e-05
7.70008e-05
7.68386e-05
7.66741e-05
7.65097e-05
7.63641e-05
7.6203e-05
7.60746e-05
7.59294e-05
7.58717e-05
7.57191e-05
7.56639e-05
7.55158e-05
7.53965e-05
7.53947e-05
7.52416e-05
7.51592e-05
7.5342e-05
7.52865e-05
7.54788e-05
7.53347e-05
7.52238e-05
7.51094e-05
7.50642e-05
7.497e-05
7.48815e-05
7.47538e-05
7.46614e-05
7.46347e-05
7.45058e-05
7.43576e-05
7.43396e-05
7.42382e-05
7.4101e-05
7.42528e-05
7.41234e-05
7.39798e-05
7.38328e-05