           1    -7.85023    -7.85023           0
           2    -7.84956     -7.8499 0.000237564
           3    -7.84844    -7.84941 0.000426441
           4    -7.84688    -7.84878 0.000635174
           5    -7.84487    -7.84799 0.000864682
           6    -7.84241    -7.84706   0.0011139
           7    -7.83951    -7.84599  0.00138159
           8    -7.83617    -7.84476  0.00166664
           9    -7.83207    -7.84335  0.00199052
          10    -7.82785     -7.8418  0.00231775
          11    -7.82286    -7.84008  0.00267084
          12     -7.8168    -7.83814  0.00307311
          13    -7.81062    -7.83602  0.00349035
          14    -7.80337    -7.83369  0.00394415
          15    -7.79536    -7.83113  0.00443236
          16    -7.78595    -7.82831  0.00497413
          17    -7.77613    -7.82524  0.00554841
          18    -7.76588    -7.82194  0.00614262
          19    -7.75585    -7.81846  0.00673261
          20    -7.74508    -7.81479  0.00732798
          21    -7.73227    -7.81086  0.00796339
          22    -7.72066    -7.80676  0.00859242
          23    -7.70766    -7.80245  0.00923625
          24    -7.69554      -7.798   0.0098674
          25    -7.68333    -7.79341   0.0104848
          26     -7.6707    -7.78869   0.0110931
          27    -7.65669     -7.7838   0.0117102
          28    -7.64226    -7.77875   0.0123348
          29    -7.62938     -7.7736   0.0129403
          30    -7.61511    -7.76832   0.0135445
          31    -7.59947    -7.76287   0.0141605
          32    -7.58472     -7.7573   0.0147718
          33    -7.56958    -7.75161   0.0153805
          34    -7.55501    -7.74583   0.0159782
          35    -7.53973    -7.73994   0.0165713
          36    -7.52438    -7.73395   0.0171587
          37    -7.50801    -7.72785   0.0177483
          38    -7.49029     -7.7216   0.0183493
          39     -7.4722     -7.7152   0.0189604
          40    -7.45439    -7.70868   0.0195755
          41    -7.43622    -7.70204   0.0201945
          42    -7.41802    -7.69527   0.0208151
          43     -7.3998     -7.6884   0.0214353
          44    -7.38157    -7.68143   0.0220533
          45    -7.36267    -7.67434   0.0226723
          46    -7.34249    -7.66713   0.0232989
          47    -7.32296    -7.65981   0.0239263
          48     -7.3028    -7.65237   0.0245567
          49    -7.28267    -7.64483   0.0251879
          50    -7.26225    -7.63717   0.0258202
          51    -7.24091     -7.6294   0.0264571
          52    -7.21963    -7.62152   0.0270965
          53    -7.19875    -7.61355   0.0277346
          54    -7.17794    -7.60548   0.0283699
          55    -7.15626    -7.59731    0.029006
          56    -7.13404    -7.58904   0.0296442
          57    -7.11195    -7.58067   0.0302828
          58    -7.08966     -7.5722   0.0309213
          59    -7.06656    -7.56363   0.0315626
          60    -7.04395    -7.55497   0.0322031
          61    -7.02184    -7.54623   0.0328397
          62    -6.99961    -7.53742   0.0334726
          63    -6.97662    -7.52851   0.0341044
          64    -6.95354    -7.51953   0.0347347
          65    -6.92974    -7.51046   0.0353656
          66    -6.90685    -7.50131   0.0359929
          67    -6.88296    -7.49208   0.0366198
          68     -6.8597    -7.48278   0.0372434
          69    -6.83644    -7.47341   0.0378634
          70    -6.81384    -7.46399    0.038477
          71    -6.79032     -7.4545   0.0390875
          72    -6.76751    -7.44496   0.0396921
          73    -6.74413    -7.43536   0.0402927
          74    -6.72149    -7.42572   0.0408867
          75    -6.69931    -7.41603   0.0414729
          76    -6.67726    -7.40631   0.0420509
          77    -6.65538    -7.39656   0.0426207
          78    -6.63369    -7.38678   0.0431818
          79     -6.6122    -7.37697   0.0437342
          80    -6.59093    -7.36715   0.0442775
          81    -6.56991     -7.3573   0.0448114
          82    -6.54851    -7.34744   0.0453374
          83    -6.52804    -7.33757   0.0458535
          84    -6.50756    -7.32769     0.04636
          85    -6.48771    -7.31781    0.046856
          86    -6.46789    -7.30792   0.0473419
          87    -6.44875    -7.29805   0.0478167
          88    -6.42999    -7.28818     0.04828
          89    -6.41162    -7.27833   0.0487318
          90    -6.39366     -7.2685   0.0491717
          91    -6.37613     -7.2587   0.0495996
          92    -6.35872    -7.24892   0.0500158
          93    -6.34175    -7.23916   0.0504202
          94    -6.32494    -7.22943   0.0508132
          95    -6.30892    -7.21975   0.0511939
          96    -6.29308    -7.21009   0.0515626
          97    -6.27838    -7.20049    0.051918
          98    -6.26419    -7.19093   0.0522599
          99    -6.25053    -7.18143   0.0525882
         100    -6.23771      -7.172   0.0529023
         101    -6.22478    -7.16262   0.0532033
         102    -6.21304    -7.15331     0.05349
         103    -6.20151    -7.14407    0.053763
         104    -6.19086     -7.1349   0.0540217
         105    -6.18043    -7.12581   0.0542666
         106    -6.17056     -7.1168   0.0544978
         107    -6.16091    -7.10787   0.0547158
         108    -6.15214    -7.09902   0.0549201
         109    -6.14392    -7.09026   0.0551108
         110    -6.13592    -7.08158   0.0552885
         111     -6.1288      -7.073   0.0554527
         112    -6.12253    -7.06451   0.0556031
         113    -6.11584    -7.05611   0.0557412
         114    -6.11032    -7.04782   0.0558663
         115    -6.10565    -7.03963    0.055978
         116    -6.10117    -7.03154    0.056077
         117    -6.09721    -7.02355   0.0561634
         118    -6.09374    -7.01567   0.0562375
         119    -6.09077     -7.0079   0.0562994
         120    -6.08828    -7.00023   0.0563494
         121    -6.08627    -6.99268   0.0563877
         122    -6.08471    -6.98524   0.0564145
         123    -6.08329    -6.97791   0.0564305
         124    -6.08262    -6.97069   0.0564354
         125    -6.08271    -6.96358   0.0564292
         126    -6.08289    -6.95659   0.0564126
         127     -6.0838    -6.94972   0.0563854
         128    -6.08477    -6.94296   0.0563484
         129     -6.0858    -6.93632    0.056302
         130    -6.08751    -6.92979   0.0562462
         131    -6.08958    -6.92337   0.0561814
         132    -6.09231    -6.91708   0.0561074
         133    -6.09568     -6.9109   0.0560244
         134    -6.09872    -6.90484   0.0559332
         135    -6.10173    -6.89889   0.0558344
         136    -6.10535    -6.89306   0.0557279
         137    -6.10923    -6.88734    0.055614
         138    -6.11305    -6.88173   0.0554933
         139    -6.11744    -6.87623   0.0553658
         140    -6.12205    -6.87084   0.0552318
         141    -6.12656    -6.86556   0.0550918
         142    -6.13127    -6.86039   0.0549459
         143     -6.1365    -6.85533   0.0547944
         144    -6.14158    -6.85037   0.0546376
         145    -6.14683    -6.84552   0.0544758
         146    -6.15224    -6.84077   0.0543092
         147    -6.15843    -6.83613   0.0541378
         148    -6.16411    -6.83159   0.0539621
         149    -6.17023    -6.82715   0.0537821
         150    -6.17581    -6.82281   0.0535986
         151    -6.18246    -6.81857   0.0534111
         152    -6.18855    -6.81442   0.0532203
         153    -6.19504    -6.81037   0.0530262
         154     -6.2016    -6.80642   0.0528291
         155    -6.20854    -6.80256   0.0526289
         156    -6.21521     -6.7988    0.052426
         157    -6.22223    -6.79513   0.0522205
         158    -6.22897    -6.79154   0.0520128
         159    -6.23638    -6.78805   0.0518028
         160    -6.24283    -6.78464   0.0515909
         161    -6.24961    -6.78132   0.0513774
         162    -6.25639    -6.77808   0.0511624
         163    -6.26348    -6.77492   0.0509458
         164    -6.26992    -6.77184   0.0507281
         165    -6.27698    -6.76884   0.0505093
         166    -6.28402    -6.76592   0.0502894
         167    -6.29038    -6.76308   0.0500688
         168    -6.29735     -6.7603   0.0498474
         169    -6.30362     -6.7576   0.0496257
         170    -6.30985    -6.75497   0.0494036
         171    -6.31603     -6.7524   0.0491813
         172    -6.32215     -6.7499    0.048959
         173    -6.32886    -6.74747   0.0487364
         174     -6.3355     -6.7451   0.0485138
         175    -6.34207     -6.7428   0.0482912
         176    -6.34792    -6.74055   0.0480689
         177    -6.35434    -6.73837   0.0478468
         178    -6.36036    -6.73625   0.0476251
         179    -6.36629    -6.73418   0.0474039
         180    -6.37214    -6.73217   0.0471832
         181    -6.37725    -6.73021   0.0469633
         182    -6.38324     -6.7283   0.0467439
         183    -6.38914    -6.72645   0.0465252
         184    -6.39494    -6.72465   0.0463072
         185    -6.40065    -6.72289     0.04609
         186    -6.40528    -6.72119   0.0458738
         187    -6.41045    -6.71953   0.0456586
         188    -6.41649    -6.71791   0.0454442
         189    -6.42081    -6.71634   0.0452309
         190    -6.42599    -6.71481   0.0450187
         191    -6.43009    -6.71332   0.0448076
         192    -6.43537    -6.71187   0.0445976
         193    -6.43989    -6.71047   0.0443888
         194    -6.44429    -6.70909   0.0441812
         195    -6.44923    -6.70776   0.0439747
         196     -6.4534    -6.70646   0.0437695
         197    -6.45744     -6.7052   0.0435656
         198    -6.46104    -6.70397    0.043363
         199    -6.46484    -6.70276   0.0431618
         200    -6.46884    -6.70159   0.0429618
         201    -6.47239    -6.70045   0.0427632
         202    -6.47581    -6.69934   0.0425659
         203    -6.47878    -6.69826   0.0423701
         204    -6.48227     -6.6972   0.0421756
         205    -6.48563    -6.69616   0.0419825
         206    -6.48821    -6.69516   0.0417909
         207    -6.49066    -6.69417   0.0416007
         208    -6.49362     -6.6932   0.0414118
         209    -6.49677    -6.69226   0.0412244
         210    -6.49947    -6.69135   0.0410383
         211    -6.50138    -6.69045   0.0408536
         212    -6.50348    -6.68956   0.0406705
         213    -6.50577     -6.6887   0.0404887
         214    -6.50792    -6.68786   0.0403083
         215    -6.50962    -6.68703   0.0401293
         216    -6.51117    -6.68621   0.0399518
         217    -6.51162    -6.68541   0.0397758
         218    -6.51258    -6.68462   0.0396012
         219    -6.51406    -6.68384   0.0394281
         220    -6.51411    -6.68306   0.0392564
         221    -6.51467     -6.6823   0.0390862
         222     -6.5151    -6.68155   0.0389173
         223    -6.51573    -6.68081   0.0387499
         224     -6.5159    -6.68007   0.0385839
         225     -6.5166    -6.67934   0.0384193
         226    -6.51684    -6.67862    0.038256
         227    -6.51663    -6.67791   0.0380941
         228    -6.51663     -6.6772   0.0379336
         229    -6.51618     -6.6765   0.0377745
         230    -6.51627     -6.6758   0.0376167
         231    -6.51592    -6.67511   0.0374602
         232    -6.51513    -6.67442   0.0373051
         233    -6.51456    -6.67374   0.0371513
         234    -6.51453    -6.67306   0.0369988
         235    -6.51375    -6.67238   0.0368475
         236     -6.5132     -6.6717   0.0366976
         237    -6.51127    -6.67103    0.036549
         238    -6.50989    -6.67035   0.0364017
         239    -6.50843    -6.66967   0.0362557
         240    -6.50689    -6.66899   0.0361109
         241     -6.5056    -6.66832   0.0359675
         242    -6.50423    -6.66764   0.0358252
         243    -6.50248    -6.66696   0.0356842
         244    -6.50099    -6.66628   0.0355445
         245    -6.49848    -6.66559    0.035406
         246    -6.49689    -6.66491   0.0352687
         247    -6.49655    -6.66423   0.0351325
         248     -6.4952    -6.66354   0.0349975
         249     -6.4935    -6.66286   0.0348636
         250    -6.49176    -6.66218   0.0347308
         251    -6.49033    -6.66149   0.0345992
         252    -6.48889    -6.66081   0.0344687
         253    -6.48678    -6.66012   0.0343393
         254    -6.48532    -6.65943    0.034211
         255    -6.48386    -6.65874   0.0340838
         256    -6.48143    -6.65805   0.0339577
         257    -6.47999    -6.65736   0.0338326
         258    -6.47889    -6.65666   0.0337086
         259    -6.47749    -6.65597   0.0335855
         260     -6.4758    -6.65528   0.0334635
         261    -6.47413    -6.65459   0.0333425
         262    -6.47186    -6.65389   0.0332225
         263    -6.47028    -6.65319   0.0331035
         264    -6.46907    -6.65249   0.0329855
         265    -6.46824     -6.6518   0.0328683
         266    -6.46713     -6.6511   0.0327521
         267     -6.4661    -6.65041   0.0326367
         268    -6.46512    -6.64972   0.0325223
         269    -6.46357    -6.64903   0.0324087
         270    -6.46241    -6.64834   0.0322961
         271    -6.46133    -6.64765   0.0321843
         272    -6.46065    -6.64696   0.0320733
         273    -6.46006    -6.64627   0.0319631
         274    -6.45857    -6.64559   0.0318538
         275    -6.45751    -6.64491   0.0317453
         276    -6.45717    -6.64422   0.0316376
         277    -6.45694    -6.64355   0.0315306
         278    -6.45614    -6.64287   0.0314244
         279    -6.45577     -6.6422   0.0313189
         280    -6.45549    -6.64154   0.0312141
         281    -6.45564    -6.64088   0.0311101
         282    -6.45523    -6.64022   0.0310067
         283    -6.45525    -6.63956    0.030904
         284    -6.45537    -6.63892    0.030802
         285    -6.45558    -6.63827   0.0307007
         286     -6.4559    -6.63763   0.0305999
         287    -6.45567      -6.637   0.0304999
         288    -6.45521    -6.63637   0.0304005
         289    -6.45583    -6.63574   0.0303017
         290    -6.45655    -6.63513   0.0302036
         291    -6.45736    -6.63452   0.0301059
         292    -6.45827    -6.63391   0.0300089
         293    -6.45863    -6.63331   0.0299124
         294    -6.45973    -6.63272   0.0298165
         295    -6.46125    -6.63214   0.0297211
         296    -6.46221    -6.63157   0.0296262
         297    -6.46391      -6.631   0.0295319
         298    -6.46537    -6.63045    0.029438
         299    -6.46692     -6.6299   0.0293446
         300    -6.46791    -6.62936   0.0292518
         301    -6.46994    -6.62883   0.0291594
         302    -6.47206    -6.62831   0.0290675
         303    -6.47457     -6.6278   0.0289759
         304    -6.47652    -6.62731   0.0288849
         305    -6.47853    -6.62682   0.0287943
         306    -6.48061    -6.62634   0.0287042
         307    -6.48276    -6.62587   0.0286145
         308    -6.48529    -6.62542   0.0285252
         309    -6.48756    -6.62497   0.0284364
         310    -6.48988    -6.62454    0.028348
         311    -6.49226    -6.62411   0.0282601
         312    -6.49468    -6.62369   0.0281725
         313    -6.49716    -6.62329   0.0280854
         314    -6.50033     -6.6229   0.0279987
         315    -6.50192    -6.62252   0.0279124
         316     -6.5042    -6.62214   0.0278266
         317    -6.50683    -6.62178   0.0277412
         318    -6.50917    -6.62142   0.0276562
         319    -6.51218    -6.62108   0.0275717
         320    -6.51489    -6.62075   0.0274875
         321     -6.5173    -6.62043   0.0274038
         322    -6.52037    -6.62012   0.0273204
         323    -6.52345    -6.61982   0.0272375
         324    -6.52654    -6.61953   0.0271549
         325    -6.52867    -6.61925   0.0270728
         326    -6.53144    -6.61898   0.0269911
         327    -6.53421    -6.61872   0.0269098
         328    -6.53697    -6.61847   0.0268289
         329    -6.54005    -6.61823   0.0267484
         330    -6.54278      -6.618   0.0266684
         331    -6.54583    -6.61779   0.0265887
         332     -6.5495    -6.61758   0.0265094
         333    -6.55282    -6.61739   0.0264305
         334    -6.55546     -6.6172    0.026352
         335    -6.55839    -6.61702   0.0262739
         336    -6.56064    -6.61686   0.0261963
         337    -6.56317     -6.6167    0.026119
         338    -6.56565    -6.61655   0.0260422
         339    -6.56776     -6.6164   0.0259658
         340    -6.57046    -6.61627   0.0258897
         341     -6.5731    -6.61614   0.0258141
         342    -6.57569    -6.61602   0.0257389
         343    -6.57821    -6.61591   0.0256641
         344    -6.58034    -6.61581   0.0255897
         345     -6.5824    -6.61571   0.0255157
         346    -6.58439    -6.61562   0.0254422
         347    -6.58662    -6.61554    0.025369
         348    -6.58845    -6.61546   0.0252962
         349    -6.58987    -6.61539   0.0252238
         350    -6.59154    -6.61532   0.0251518
         351    -6.59279    -6.61525   0.0250803
         352     -6.5946     -6.6152   0.0250091
         353     -6.5973    -6.61515   0.0249383
         354    -6.59796     -6.6151   0.0248679
         355    -6.59918    -6.61505   0.0247979
         356    -6.59966    -6.61501   0.0247283
         357    -6.60037    -6.61497    0.024659
         358    -6.60164    -6.61493   0.0245902
         359    -6.60281     -6.6149   0.0245217
         360    -6.60357    -6.61487   0.0244536
         361    -6.60457    -6.61484   0.0243859
         362    -6.60547    -6.61481   0.0243185
         363    -6.60565    -6.61479   0.0242515
         364    -6.60639    -6.61476   0.0241849
         365    -6.60673    -6.61474   0.0241187
         366    -6.60764    -6.61472   0.0240528
         367    -6.60783     -6.6147   0.0239873
         368    -6.60794    -6.61468   0.0239221
         369      -6.608    -6.61467   0.0238573
         370    -6.60799    -6.61465   0.0237928
         371     -6.6076    -6.61463   0.0237287
         372    -6.60749    -6.61461   0.0236649
         373    -6.60701    -6.61459   0.0236015
         374    -6.60681    -6.61457   0.0235384
         375     -6.6069    -6.61455   0.0234756
         376    -6.60632    -6.61453   0.0234132
         377    -6.60605     -6.6145   0.0233511
         378    -6.60576    -6.61448   0.0232893
         379     -6.6058    -6.61446   0.0232279
         380    -6.60486    -6.61443   0.0231668
         381    -6.60425    -6.61441    0.023106
         382    -6.60399    -6.61438   0.0230455
         383    -6.60342    -6.61435   0.0229853
         384    -6.60321    -6.61432   0.0229255
         385    -6.60303    -6.61429    0.022866
         386    -6.60258    -6.61426   0.0228068
         387     -6.6025    -6.61423   0.0227479
         388    -6.60183     -6.6142   0.0226892
         389    -6.60155    -6.61417   0.0226309
         390    -6.60231    -6.61414   0.0225729
         391     -6.6025    -6.61411   0.0225152
         392    -6.60341    -6.61408   0.0224578
         393    -6.60377    -6.61405   0.0224007
         394    -6.60389    -6.61403   0.0223438
         395    -6.60411      -6.614   0.0222873
         396    -6.60474    -6.61398    0.022231
         397     -6.6058    -6.61396    0.022175
         398    -6.60664    -6.61394   0.0221193
         399    -6.60823    -6.61392   0.0220639
         400     -6.6096    -6.61391   0.0220087
         401    -6.61108    -6.61391   0.0219538
         402    -6.61233     -6.6139   0.0218992
         403    -6.61305     -6.6139   0.0218449
         404    -6.61451     -6.6139   0.0217908
         405    -6.61608    -6.61391    0.021737
         406    -6.61807    -6.61392   0.0216835
         407    -6.62047    -6.61393   0.0216302
         408    -6.62265    -6.61396   0.0215772
         409    -6.62491    -6.61398   0.0215245
         410    -6.62629    -6.61401    0.021472
         411     -6.6284    -6.61405   0.0214198
         412     -6.6309    -6.61409   0.0213678
         413    -6.63283    -6.61413   0.0213161
         414    -6.63579    -6.61419   0.0212647
         415    -6.63848    -6.61424   0.0212135
         416    -6.64059    -6.61431   0.0211626
         417    -6.64241    -6.61438    0.021112
         418    -6.64461    -6.61445   0.0210616
         419    -6.64683    -6.61452   0.0210115
         420    -6.64974    -6.61461   0.0209616
         421    -6.65234     -6.6147    0.020912
         422    -6.65464    -6.61479   0.0208627
         423    -6.65694    -6.61489   0.0208136
         424    -6.65893      -6.615   0.0207648
         425    -6.66125    -6.61511   0.0207162
         426    -6.66356    -6.61522   0.0206679
         427    -6.66586    -6.61534   0.0206198
         428    -6.66815    -6.61546    0.020572
         429    -6.67138    -6.61559   0.0205245
         430    -6.67395    -6.61573   0.0204772
         431    -6.67649    -6.61587   0.0204302
         432    -6.67867    -6.61601   0.0203834
         433    -6.68113    -6.61616   0.0203369
         434    -6.68356    -6.61632   0.0202906
         435    -6.68659    -6.61648   0.0202446
         436    -6.69023    -6.61665   0.0201989
         437     -6.6922    -6.61682   0.0201534
         438    -6.69476      -6.617   0.0201082
         439    -6.69695    -6.61718   0.0200632
         440    -6.69972    -6.61737   0.0200185
         441     -6.7005    -6.61756    0.019974
         442    -6.70218    -6.61775   0.0199297
         443     -6.7038    -6.61794   0.0198857
         444    -6.70472    -6.61814   0.0198418
         445    -6.70653    -6.61834   0.0197982
         446    -6.70796    -6.61854   0.0197549
         447      -6.709    -6.61874   0.0197117
         448    -6.71094    -6.61895   0.0196688
         449    -6.71281    -6.61916   0.0196261
         450    -6.71397    -6.61937   0.0195836
         451    -6.71538    -6.61958   0.0195413
         452    -6.71639    -6.61979   0.0194993
         453    -6.71798    -6.62001   0.0194574
         454    -6.71885    -6.62023   0.0194158
         455    -6.72029    -6.62045   0.0193744
         456    -6.72134    -6.62067   0.0193332
         457    -6.72232    -6.62089   0.0192921
         458    -6.72322    -6.62112   0.0192513
         459    -6.72308    -6.62134   0.0192106
         460    -6.72384    -6.62156   0.0191702
         461    -6.72484    -6.62178   0.0191299
         462    -6.72643    -6.62201   0.0190898
         463    -6.72729    -6.62224   0.0190499
         464    -6.72776    -6.62247   0.0190102
         465    -6.72847    -6.62269   0.0189707
         466    -6.72814    -6.62292   0.0189314
         467    -6.72839    -6.62315   0.0188922
         468    -6.72824    -6.62337   0.0188531
         469    -6.72769    -6.62359   0.0188143
         470    -6.72772    -6.62381   0.0187755
         471    -6.72768    -6.62404    0.018737
         472    -6.72789    -6.62426   0.0186986
         473    -6.72738    -6.62447   0.0186603
         474    -6.72842    -6.62469   0.0186222
         475    -6.72809    -6.62491   0.0185843
         476     -6.7277    -6.62513   0.0185465
         477    -6.72691    -6.62534   0.0185088
         478    -6.72606    -6.62555   0.0184713
         479    -6.72546    -6.62576   0.0184339
         480    -6.72511    -6.62597   0.0183967
         481    -6.72471    -6.62617   0.0183596
         482    -6.72456    -6.62638   0.0183226
         483    -6.72369    -6.62658   0.0182858
         484    -6.72277    -6.62678   0.0182491
         485    -6.72178    -6.62697   0.0182125
         486    -6.72138    -6.62717   0.0181761
         487    -6.72028    -6.62736   0.0181398
         488    -6.71945    -6.62755   0.0181036
         489    -6.71823    -6.62773   0.0180675
         490    -6.71632    -6.62791   0.0180316
         491    -6.71533    -6.62809   0.0179957
         492    -6.71396    -6.62826     0.01796
         493    -6.71223    -6.62843   0.0179244
         494    -6.71046     -6.6286   0.0178888
         495    -6.70898    -6.62876   0.0178534
         496    -6.70714    -6.62892   0.0178181
         497    -6.70494    -6.62907   0.0177829
         498    -6.70401    -6.62922   0.0177479
         499    -6.70208    -6.62937   0.0177129
         500     -6.7011    -6.62951   0.0176781
         501    -6.69913    -6.62965   0.0176433
         502    -6.69715    -6.62979   0.0176087
         503    -6.69516    -6.62992   0.0175742
         504    -6.69381    -6.63004   0.0175398
         505    -6.69311    -6.63017   0.0175055
         506    -6.69144    -6.63029   0.0174713
         507     -6.6901    -6.63041   0.0174372
         508     -6.6878    -6.63052   0.0174033
         509     -6.6865    -6.63063   0.0173694
         510    -6.68521    -6.63074   0.0173357
         511    -6.68395    -6.63084   0.0173021
         512    -6.68207    -6.63094   0.0172686
         513     -6.6812    -6.63104   0.0172352
         514     -6.6794    -6.63113   0.0172019
         515    -6.67797    -6.63123   0.0171688
         516    -6.67691    -6.63131   0.0171357
         517    -6.67493     -6.6314   0.0171028
         518    -6.67334    -6.63148     0.01707
         519    -6.67148    -6.63156   0.0170372
         520    -6.67098    -6.63163   0.0170046
         521    -6.66926     -6.6317   0.0169722
         522    -6.66794    -6.63177   0.0169398
         523    -6.66669    -6.63184   0.0169075
         524    -6.66585    -6.63191   0.0168754
         525    -6.66509    -6.63197   0.0168434
         526    -6.66442    -6.63203   0.0168115
         527    -6.66417    -6.63209   0.0167797
         528    -6.66336    -6.63215    0.016748
         529    -6.66329    -6.63221   0.0167164
         530    -6.66299    -6.63227    0.016685
         531     -6.6628    -6.63233   0.0166537
         532    -6.66303    -6.63238   0.0166225
         533    -6.66271    -6.63244   0.0165914
         534    -6.66315     -6.6325   0.0165604
         535    -6.66304    -6.63255   0.0165295
         536    -6.66337    -6.63261   0.0164988
         537    -6.66347    -6.63267   0.0164682
         538    -6.66433    -6.63273   0.0164377
         539    -6.66497    -6.63279   0.0164073
         540    -6.66604    -6.63285    0.016377
         541    -6.66689    -6.63291   0.0163469
         542    -6.66752    -6.63298   0.0163168
         543    -6.66857    -6.63304   0.0162869
         544     -6.6694    -6.63311   0.0162571
         545    -6.67098    -6.63318   0.0162274
         546    -6.67169    -6.63325   0.0161979
         547    -6.67314    -6.63332   0.0161684
         548    -6.67468     -6.6334   0.0161391
         549    -6.67695    -6.63348   0.0161099
         550    -6.67867    -6.63356   0.0160808
         551    -6.68079    -6.63364   0.0160519
         552      -6.683    -6.63373    0.016023
         553     -6.6856    -6.63383   0.0159943
         554    -6.68829    -6.63393   0.0159658
         555    -6.69007    -6.63403   0.0159373
         556    -6.69224    -6.63413    0.015909
         557    -6.69448    -6.63424   0.0158808
         558    -6.69775    -6.63435   0.0158527
         559    -6.70042    -6.63447   0.0158248
         560    -6.70282    -6.63459    0.015797
         561     -6.7056    -6.63472   0.0157694
         562    -6.70809    -6.63485   0.0157419
         563    -6.71127    -6.63499   0.0157145
         564    -6.71383    -6.63513   0.0156872
         565     -6.7161    -6.63527   0.0156601
         566    -6.71807    -6.63542   0.0156332
         567    -6.72104    -6.63557   0.0156063
         568    -6.72371    -6.63572   0.0155796
         569    -6.72703    -6.63588   0.0155531
         570    -6.72972    -6.63605   0.0155266
         571    -6.73177    -6.63622   0.0155004
         572    -6.73479    -6.63639   0.0154742
         573    -6.73716    -6.63656   0.0154482
         574    -6.73921    -6.63674   0.0154223
         575    -6.74189    -6.63693   0.0153966
         576    -6.74489    -6.63711    0.015371
         577    -6.74755     -6.6373   0.0153456
         578    -6.75019     -6.6375   0.0153202
         579    -6.75216     -6.6377   0.0152951
         580    -6.75444     -6.6379     0.01527
         581    -6.75734     -6.6381   0.0152451
         582    -6.76021    -6.63831   0.0152204
         583     -6.7624    -6.63853   0.0151957
         584    -6.76456    -6.63874   0.0151713
         585      -6.767    -6.63896   0.0151469
         586    -6.76941    -6.63918   0.0151227
         587    -6.77275    -6.63941   0.0150986
         588    -6.77508    -6.63964   0.0150747
         589    -6.77801    -6.63988    0.015051
         590    -6.78058    -6.64012   0.0150273
         591    -6.78245    -6.64036   0.0150039
         592    -6.78428     -6.6406   0.0149805
         593     -6.7867    -6.64085   0.0149572
         594    -6.78746    -6.64109   0.0149341
         595    -6.78913    -6.64134   0.0149111
         596    -6.79141    -6.64159   0.0148882
         597    -6.79363    -6.64185   0.0148654
         598    -6.79548    -6.64211   0.0148428
         599    -6.79694    -6.64236   0.0148202
         600    -6.79868    -6.64262   0.0147978
         601    -6.79939    -6.64289   0.0147755
         602    -6.80167    -6.64315   0.0147533
         603    -6.80293    -6.64341   0.0147312
         604    -6.80413    -6.64368   0.0147093
         605    -6.80592    -6.64395   0.0146874
         606    -6.80734    -6.64422   0.0146656
         607    -6.80838    -6.64449    0.014644
         608    -6.80937    -6.64476   0.0146224
         609     -6.8103    -6.64503   0.0146009
         610    -6.81151     -6.6453   0.0145795
         611    -6.81234    -6.64558   0.0145582
         612    -6.81377    -6.64585    0.014537
         613    -6.81579    -6.64613   0.0145159
         614    -6.81614    -6.64641   0.0144949
         615    -6.81709    -6.64668    0.014474
         616    -6.81863    -6.64696   0.0144532
         617     -6.8198    -6.64724   0.0144325
         618    -6.82125    -6.64752   0.0144119
         619    -6.82264    -6.64781   0.0143914
         620    -6.82334    -6.64809    0.014371
         621    -6.82399    -6.64837   0.0143506
         622    -6.82459    -6.64866   0.0143303
         623    -6.82481    -6.64894   0.0143101
         624    -6.82564    -6.64922     0.01429
         625    -6.82608    -6.64951   0.0142699
         626    -6.82681    -6.64979     0.01425
         627    -6.82716    -6.65007     0.01423
         628    -6.82746    -6.65036   0.0142102
         629    -6.82771    -6.65064   0.0141904
         630    -6.82792    -6.65092   0.0141707
         631    -6.82775     -6.6512    0.014151
         632     -6.8285    -6.65148   0.0141314
         633    -6.82824    -6.65176   0.0141118
         634    -6.82792    -6.65204   0.0140923
         635     -6.8282    -6.65231   0.0140728
         636    -6.82811    -6.65259   0.0140534
         637    -6.82862    -6.65287    0.014034
         638    -6.82811    -6.65314   0.0140147
         639    -6.82819    -6.65342   0.0139955
         640    -6.82855    -6.65369   0.0139763
         641    -6.82821    -6.65396   0.0139571
         642    -6.82718    -6.65423    0.013938
         643    -6.82707     -6.6545   0.0139189
         644    -6.82626    -6.65477   0.0138999
         645    -6.82507    -6.65503   0.0138808
         646     -6.8248    -6.65529   0.0138618
         647    -6.82416    -6.65555   0.0138429
         648    -6.82314    -6.65581   0.0138239
         649    -6.82272    -6.65607    0.013805
         650    -6.82256    -6.65633   0.0137861
         651    -6.82139    -6.65658   0.0137673
         652    -6.82016    -6.65683   0.0137485
         653    -6.81952    -6.65708   0.0137297
         654    -6.81818    -6.65733   0.0137109
         655    -6.81777    -6.65757   0.0136921
         656    -6.81665    -6.65781   0.0136734
         657    -6.81386    -6.65805   0.0136547
         658    -6.81198    -6.65828   0.0136359
         659    -6.81167    -6.65852   0.0136172
         660    -6.81002    -6.65875   0.0135985
         661    -6.80863    -6.65897   0.0135798
         662    -6.80752     -6.6592   0.0135612
         663    -6.80602    -6.65942   0.0135425
         664    -6.80383    -6.65964   0.0135239
         665    -6.80158    -6.65985   0.0135052
         666    -6.79896    -6.66006   0.0134866
         667    -6.79694    -6.66026   0.0134679
         668    -6.79584    -6.66047   0.0134493
         669    -6.79372    -6.66067   0.0134306
         670    -6.79156    -6.66086    0.013412
         671    -6.78967    -6.66105   0.0133934
         672    -6.78806    -6.66124   0.0133748
         673    -6.78641    -6.66143   0.0133562
         674     -6.7831    -6.66161   0.0133376
         675     -6.7804    -6.66179    0.013319
         676    -6.77897    -6.66196   0.0133005
         677    -6.77717    -6.66213   0.0132819
         678    -6.77566     -6.6623   0.0132634
         679    -6.77347    -6.66246   0.0132448
         680    -6.77093    -6.66262   0.0132263
         681    -6.76902    -6.66278   0.0132078
         682    -6.76675    -6.66293   0.0131893
         683    -6.76414    -6.66308   0.0131709
         684    -6.76184    -6.66322   0.0131524
         685    -6.75952    -6.66336   0.0131339
         686    -6.75687     -6.6635   0.0131155
         687    -6.75486    -6.66363   0.0130971
         688    -6.75348    -6.66376   0.0130787
         689    -6.75049    -6.66389   0.0130603
         690    -6.74749    -6.66401    0.013042
         691    -6.74482    -6.66413   0.0130236
         692    -6.74216    -6.66424   0.0130053
         693    -6.74015    -6.66435    0.012987
         694    -6.73848    -6.66445   0.0129687
         695     -6.7365    -6.66456   0.0129505
         696    -6.73421    -6.66466   0.0129322
         697    -6.73161    -6.66475    0.012914
         698    -6.72969    -6.66485   0.0128959
         699    -6.72747    -6.66494   0.0128777
         700    -6.72494    -6.66502   0.0128596
         701     -6.7231    -6.66511   0.0128415
         702    -6.72096    -6.66519   0.0128235
         703    -6.71853    -6.66526   0.0128055
         704    -6.71613    -6.66533   0.0127875
         705    -6.71408     -6.6654   0.0127695
         706    -6.71143    -6.66547   0.0127516
         707     -6.7101    -6.66553   0.0127337
         708    -6.70817    -6.66559   0.0127159
         709    -6.70628    -6.66565   0.0126981
         710    -6.70507     -6.6657   0.0126803
         711    -6.70358    -6.66576   0.0126626
         712    -6.70213    -6.66581   0.0126449
         713    -6.70006    -6.66586   0.0126273
         714    -6.69836     -6.6659   0.0126097
         715    -6.69669    -6.66595   0.0125921
         716    -6.69506    -6.66599   0.0125746
         717    -6.69281    -6.66602   0.0125571
         718    -6.69093    -6.66606   0.0125397
         719    -6.69004    -6.66609   0.0125223
         720    -6.68919    -6.66612   0.0125049
         721    -6.68772    -6.66615   0.0124876
         722    -6.68595    -6.66618   0.0124703
         723    -6.68454    -6.66621   0.0124531
         724     -6.6825    -6.66623   0.0124359
         725    -6.68048    -6.66625   0.0124188
         726    -6.67881    -6.66627   0.0124017
         727    -6.67748    -6.66628   0.0123847
         728    -6.67584    -6.66629   0.0123677
         729    -6.67453    -6.66631   0.0123507
         730    -6.67324    -6.66631   0.0123338
         731    -6.67196    -6.66632   0.0123169
         732    -6.67035    -6.66633   0.0123001
         733    -6.66907    -6.66633   0.0122833
         734     -6.6678    -6.66633   0.0122666
         735    -6.66619    -6.66633   0.0122499
         736    -6.66491    -6.66633   0.0122332
         737    -6.66491    -6.66633   0.0122166
         738    -6.66361    -6.66633   0.0122001
         739    -6.66133    -6.66632   0.0121836
         740    -6.65968    -6.66631   0.0121671
         741    -6.65834     -6.6663   0.0121507
         742    -6.65698    -6.66629   0.0121343
         743    -6.65496    -6.66627    0.012118
         744    -6.65324    -6.66625   0.0121017
         745    -6.65181    -6.66623   0.0120855
         746    -6.65069    -6.66621   0.0120693
         747    -6.64922    -6.66619   0.0120532
         748    -6.64805    -6.66617   0.0120371
         749    -6.64717    -6.66614   0.0120211
         750    -6.64561    -6.66611   0.0120051
         751    -6.64467    -6.66609   0.0119891
         752    -6.64241    -6.66605   0.0119732
         753    -6.64011    -6.66602   0.0119574
         754    -6.63843    -6.66598   0.0119416
         755    -6.63704    -6.66594   0.0119258
         756    -6.63497     -6.6659   0.0119101
         757    -6.63222    -6.66586   0.0118944
         758    -6.63105    -6.66581   0.0118788
         759    -6.62888    -6.66576   0.0118633
         760    -6.62733    -6.66571   0.0118478
         761    -6.62509    -6.66566   0.0118323
         762    -6.62379    -6.66561   0.0118169
         763    -6.62149    -6.66555   0.0118016
         764    -6.61916    -6.66549   0.0117863
         765    -6.61744    -6.66542   0.0117711
         766    -6.61537    -6.66536   0.0117559
         767    -6.61295    -6.66529   0.0117408
         768    -6.61082    -6.66522   0.0117257
         769    -6.60899    -6.66515   0.0117107
         770    -6.60648    -6.66507   0.0116957
         771    -6.60428    -6.66499   0.0116808
         772    -6.60205    -6.66491    0.011666
         773    -6.59981    -6.66483   0.0116512
         774    -6.59754    -6.66474   0.0116364
         775    -6.59526    -6.66465   0.0116218
         776    -6.59264    -6.66456   0.0116072
         777    -6.59001    -6.66446   0.0115926
         778    -6.58835    -6.66436   0.0115781
         779    -6.58603    -6.66426   0.0115637
         780    -6.58435    -6.66416   0.0115493
         781    -6.58202    -6.66405    0.011535
         782     -6.5797    -6.66395   0.0115208
         783    -6.57705    -6.66384   0.0115066
         784    -6.57506    -6.66372   0.0114925
         785    -6.57275    -6.66361   0.0114784
         786    -6.57077    -6.66349   0.0114644
         787    -6.56849    -6.66337   0.0114505
         788    -6.56557    -6.66324   0.0114366
         789    -6.56333    -6.66312   0.0114228
         790    -6.56175    -6.66299   0.0114091
         791    -6.55955    -6.66286   0.0113954
         792    -6.55771    -6.66273   0.0113818
         793    -6.55622    -6.66259   0.0113683
         794    -6.55411    -6.66245   0.0113548
         795    -6.55237    -6.66232   0.0113413
         796    -6.55034    -6.66218   0.0113279
         797    -6.54804    -6.66203   0.0113146
         798    -6.54642    -6.66189   0.0113014
         799    -6.54486    -6.66174   0.0112882
         800    -6.54238    -6.66159   0.0112751
         801    -6.54027    -6.66144    0.011262
         802    -6.53855    -6.66129    0.011249
         803    -6.53656    -6.66113   0.0112361
         804    -6.53496    -6.66097   0.0112232
         805    -6.53407    -6.66082   0.0112104
         806     -6.5326    -6.66066   0.0111976
         807    -6.53217     -6.6605   0.0111848
         808    -6.53085    -6.66034   0.0111721
         809    -6.52928    -6.66018   0.0111595
         810    -6.52778    -6.66001   0.0111469
         811    -6.52701    -6.65985   0.0111344
         812    -6.52632    -6.65968   0.0111219
         813    -6.52539    -6.65952   0.0111094
         814    -6.52488    -6.65935    0.011097
         815    -6.52413    -6.65919   0.0110846
         816    -6.52314    -6.65902   0.0110723
         817    -6.52225    -6.65885     0.01106
         818    -6.52209    -6.65869   0.0110478
         819    -6.52236    -6.65852   0.0110355
         820    -6.52271    -6.65835   0.0110233
         821    -6.52252    -6.65819   0.0110111
         822    -6.52275    -6.65802    0.010999
         823    -6.52276    -6.65786   0.0109868
         824    -6.52254     -6.6577   0.0109747
         825    -6.52241    -6.65753   0.0109626
         826    -6.52271    -6.65737   0.0109506
         827    -6.52344    -6.65721   0.0109385
         828    -6.52393    -6.65705   0.0109265
         829    -6.52485    -6.65689   0.0109145
         830    -6.52587    -6.65673   0.0109025
         831    -6.52634    -6.65657   0.0108905
         832    -6.52691    -6.65642   0.0108785
         833    -6.52855    -6.65626   0.0108666
         834    -6.52996    -6.65611   0.0108546
         835    -6.53147    -6.65596   0.0108426
         836    -6.53307    -6.65581   0.0108306
         837    -6.53443    -6.65567   0.0108187
         838    -6.53589    -6.65553   0.0108067
         839    -6.53776    -6.65539   0.0107947
         840    -6.54004    -6.65525   0.0107828
         841    -6.54143    -6.65511   0.0107708
         842     -6.5429    -6.65498   0.0107588
         843    -6.54478    -6.65485   0.0107468
         844     -6.5464    -6.65472   0.0107349
         845    -6.54874     -6.6546   0.0107229
         846    -6.55082    -6.65447   0.0107109
         847    -6.55394    -6.65435   0.0106989
         848    -6.55518    -6.65424    0.010687
         849    -6.55713    -6.65412    0.010675
         850    -6.55944    -6.65401    0.010663
         851    -6.56149     -6.6539    0.010651
         852     -6.5639     -6.6538   0.0106391
         853    -6.56602    -6.65369   0.0106271
         854    -6.56754    -6.65359   0.0106151
         855     -6.5707     -6.6535   0.0106031
         856    -6.57325     -6.6534   0.0105912
         857    -6.57582    -6.65331   0.0105792
         858    -6.57808    -6.65322   0.0105672
         859    -6.58067    -6.65314   0.0105553
         860    -6.58296    -6.65306   0.0105433
         861    -6.58557    -6.65298   0.0105314
         862    -6.58785     -6.6529   0.0105194
         863    -6.59045    -6.65283   0.0105075
         864    -6.59337    -6.65276   0.0104955
         865    -6.59563     -6.6527   0.0104836
         866    -6.59852    -6.65263   0.0104717
         867    -6.60106    -6.65257   0.0104598
         868    -6.60391    -6.65252   0.0104479
         869     -6.6064    -6.65247    0.010436
         870    -6.60918    -6.65242   0.0104241
         871    -6.61225    -6.65237   0.0104123
         872    -6.61432    -6.65233   0.0104004
         873    -6.61602    -6.65228   0.0103886
         874      -6.618    -6.65225   0.0103768
         875    -6.61994    -6.65221    0.010365
         876    -6.62183    -6.65217   0.0103532
         877    -6.62432    -6.65214   0.0103414
         878    -6.62676    -6.65211   0.0103297
         879    -6.62849    -6.65209    0.010318
         880    -6.63147    -6.65206   0.0103063
         881    -6.63342    -6.65204   0.0102946
         882    -6.63563    -6.65202    0.010283
         883    -6.63714    -6.65201   0.0102713
         884    -6.63923    -6.65199   0.0102597
         885    -6.64029    -6.65198   0.0102481
         886    -6.64194    -6.65197   0.0102366
         887    -6.64288    -6.65196    0.010225
         888    -6.64408    -6.65195   0.0102135
         889    -6.64553    -6.65194    0.010202
         890     -6.6466    -6.65194   0.0101906
         891     -6.6489    -6.65193   0.0101791
         892    -6.65049    -6.65193   0.0101677
         893    -6.65105    -6.65193   0.0101563
         894    -6.65218    -6.65193    0.010145
         895    -6.65325    -6.65193   0.0101336
         896    -6.65361    -6.65193   0.0101223
         897    -6.65391    -6.65193    0.010111
         898    -6.65479    -6.65194   0.0100998
         899    -6.65626    -6.65194   0.0100886
         900    -6.65701    -6.65195   0.0100773
         901    -6.65738    -6.65195   0.0100662
         902    -6.65867    -6.65196    0.010055
         903    -6.65924    -6.65197   0.0100439
         904    -6.65975    -6.65198   0.0100328
         905    -6.66021    -6.65199   0.0100217
         906    -6.66093      -6.652   0.0100106
         907    -6.66191    -6.65201   0.0099996
         908    -6.66219    -6.65202  0.00998859
         909     -6.6621    -6.65203  0.00997761
         910    -6.66194    -6.65204  0.00996665
         911    -6.66206    -6.65205  0.00995572
         912    -6.66245    -6.65206  0.00994481
         913    -6.66247    -6.65208  0.00993392
         914    -6.66275    -6.65209  0.00992306
         915    -6.66235     -6.6521  0.00991222
         916    -6.66254    -6.65211  0.00990141
         917     -6.6614    -6.65212  0.00989062
         918    -6.66118    -6.65213  0.00987985
         919    -6.66092    -6.65214   0.0098691
         920    -6.66094    -6.65215  0.00985838
         921     -6.6606    -6.65216  0.00984768
         922    -6.66022    -6.65217    0.009837
         923    -6.65981    -6.65218  0.00982635
         924    -6.65936    -6.65218  0.00981572
         925    -6.65888    -6.65219  0.00980511
         926    -6.65836     -6.6522  0.00979452
         927    -6.65815     -6.6522  0.00978396
         928    -6.65725    -6.65221  0.00977342
         929    -6.65634    -6.65221   0.0097629
         930    -6.65572    -6.65222   0.0097524
         931    -6.65508    -6.65222  0.00974192
         932    -6.65442    -6.65222  0.00973147
         933    -6.65374    -6.65222  0.00972104
         934    -6.65305    -6.65222  0.00971063
         935    -6.65267    -6.65223  0.00970025
         936    -6.65194    -6.65222  0.00968988
         937    -6.65121    -6.65222  0.00967954
         938    -6.64982    -6.65222  0.00966922
         939    -6.64907    -6.65222  0.00965893
         940    -6.64897    -6.65221  0.00964865
         941    -6.64789    -6.65221   0.0096384
         942    -6.64648     -6.6522  0.00962817
         943    -6.64604     -6.6522  0.00961796
         944    -6.64495    -6.65219  0.00960778
         945    -6.64452    -6.65218  0.00959761
         946    -6.64441    -6.65217  0.00958747
         947    -6.64366    -6.65216  0.00957735
         948    -6.64226    -6.65215  0.00956725
         949    -6.64217    -6.65214  0.00955718
         950    -6.64111    -6.65213  0.00954713
         951    -6.64039    -6.65212  0.00953709
         952    -6.63936    -6.65211  0.00952709
         953    -6.63865    -6.65209   0.0095171
         954    -6.63699    -6.65208  0.00950714
         955    -6.63599    -6.65206   0.0094972
         956    -6.63468    -6.65204  0.00948728
         957    -6.63434    -6.65202  0.00947738
         958    -6.63338      -6.652  0.00946751
         959    -6.63242    -6.65198  0.00945766
         960     -6.6318    -6.65196  0.00944783
         961    -6.63022    -6.65194  0.00943803
         962    -6.63027    -6.65192  0.00942824
         963    -6.62839    -6.65189  0.00941849
         964    -6.62718    -6.65187  0.00940875
         965    -6.62695    -6.65184  0.00939904
         966     -6.6264    -6.65181  0.00938934
         967    -6.62651    -6.65179  0.00937967
         968    -6.62664    -6.65176  0.00937002
         969    -6.62613    -6.65174  0.00936038
         970    -6.62563    -6.65171  0.00935077
         971    -6.62578    -6.65168  0.00934118
         972    -6.62595    -6.65166  0.00933161
         973    -6.62516    -6.65163  0.00932206
         974    -6.62438     -6.6516  0.00931253
         975    -6.62425    -6.65157  0.00930302
         976    -6.62413    -6.65154  0.00929353
         977    -6.62402    -6.65152  0.00928406
         978    -6.62326    -6.65149  0.00927461
         979    -6.62284    -6.65146  0.00926518
         980     -6.6221    -6.65143  0.00925578
         981     -6.6217     -6.6514  0.00924639
         982    -6.62194    -6.65137  0.00923703
         983    -6.62155    -6.65134  0.00922768
         984    -6.62051    -6.65131  0.00921835
         985     -6.6198    -6.65127  0.00920905
         986     -6.6191    -6.65124  0.00919977
         987    -6.61841    -6.65121  0.00919051
         988     -6.6174    -6.65117  0.00918127
         989    -6.61737    -6.65114  0.00917205
         990    -6.61734    -6.65111  0.00916285
         991    -6.61732    -6.65107  0.00915367
         992    -6.61666    -6.65104   0.0091445
         993    -6.61537      -6.651  0.00913537
         994    -6.61472    -6.65096  0.00912625
         995    -6.61409    -6.65093  0.00911715
         996    -6.61346    -6.65089  0.00910808
         997    -6.61285    -6.65085  0.00909902
         998     -6.6129    -6.65081  0.00908998
         999    -6.61263    -6.65078  0.00908096
        1000    -6.61238    -6.65074  0.00907196
