           1     3.40984     3.40984           0
           2     3.41309     3.41146  0.00114939
           3     3.41894     3.41395  0.00217515
           4     3.42739     3.41731  0.00333571
           5     3.43844     3.42154  0.00462606
           6     3.45207     3.42663  0.00603649
           7     3.46828     3.43258  0.00755815
           8     3.48707     3.43939  0.00918347
           9     3.50843     3.44706    0.010906
          10     3.53235     3.45559   0.0127204
          11     3.55882     3.46497   0.0146216
          12     3.58784     3.47521   0.0166055
          13      3.6194      3.4863   0.0186684
          14     3.65349     3.49825   0.0208069
          15     3.69011     3.51104   0.0230179
          16     3.72923     3.52467   0.0252985
          17     3.77086     3.53916   0.0276463
          18     3.81499     3.55448   0.0300587
          19     3.86159     3.57064   0.0325337
          20     3.91067     3.58764   0.0350689
          21      3.9622     3.60548   0.0376625
          22     4.01618     3.62415   0.0403126
          23     4.07259     3.64365   0.0430173
          24     4.13142     3.66397   0.0457749
          25     4.19265     3.68512   0.0485837
          26     4.25626     3.70708   0.0514421
          27     4.32224     3.72987   0.0543485
          28     4.39057     3.75346   0.0573014
          29     4.46122     3.77787   0.0602992
          30     4.53418     3.80308   0.0633404
          31     4.60943     3.82909   0.0664237
          32     4.68693      3.8559   0.0695474
          33     4.76667      3.8835   0.0727102
          34     4.84862     3.91188   0.0759107
          35     4.93275     3.94105   0.0791473
          36     5.01903       3.971   0.0824187
          37     5.10742     4.00171   0.0857233
          38      5.1979     4.03319   0.0890598
          39     5.29043     4.06543   0.0924266
          40     5.38496     4.09841   0.0958223
          41     5.48147     4.13215   0.0992454
          42     5.57991     4.16662    0.102694
          43     5.68024     4.20182    0.106168
          44      5.7824     4.23774    0.109664
          45     5.88636     4.27438    0.113181
          46     5.99206     4.31172    0.116718
          47     6.09945     4.34975    0.120273
          48     6.20848     4.38848    0.123844
          49     6.31908     4.42788     0.12743
          50     6.43119     4.46794    0.131029
          51     6.54476     4.50867    0.134639
          52     6.65972     4.55003    0.138259
          53       6.776     4.59203    0.141886
          54     6.89353     4.63465    0.145519
          55     7.01223     4.67788    0.149156
          56     7.13204      4.7217    0.152795
          57     7.25287     4.76611    0.156434
          58     7.37464     4.81109    0.160071
          59     7.49726     4.85661    0.163705
          60     7.62066     4.90268    0.167333
          61     7.74475     4.94927    0.170953
          62     7.86942     4.99637    0.174563
          63     7.99459     5.04396    0.178162
          64     8.12017     5.09203    0.181746
          65     8.24606     5.14055    0.185314
          66     8.37215     5.18952    0.188864
          67     8.49834      5.2389    0.192394
          68     8.62454     5.28869    0.195901
          69     8.75063     5.33886    0.199384
          70     8.87652      5.3894    0.202839
          71     9.00209     5.44028    0.206266
          72     9.12723     5.49149    0.209661
          73     9.25184       5.543    0.213023
          74     9.37581      5.5948    0.216349
          75     9.49902     5.64685    0.219638
          76     9.62137     5.69915    0.222887
          77     9.74275     5.75166    0.226094
          78     9.86303     5.80437    0.229257
          79     9.98213     5.85726    0.232375
          80     10.0999     5.91029    0.235444
          81     10.2163     5.96345    0.238463
          82     10.3312     6.01672    0.241431
          83     10.4444     6.07006    0.244344
          84     10.5559     6.12347    0.247202
          85     10.6656      6.1769    0.250003
          86     10.7734     6.23035    0.252745
          87     10.8792     6.28379    0.255426
          88     10.9829     6.33718    0.258045
          89     11.0843     6.39052      0.2606
          90     11.1835     6.44378     0.26309
          91     11.2804     6.49693    0.265513
          92     11.3748     6.54995    0.267868
          93     11.4667     6.60282    0.270155
          94      11.556     6.65551    0.272371
          95     11.6427     6.70801    0.274517
          96     11.7266     6.76028     0.27659
          97     11.8079     6.81232    0.278591
          98     11.8863      6.8641    0.280518
          99     11.9619     6.91559    0.282371
         100     12.0346     6.96678    0.284149
         101     12.1043     7.01765    0.285852
         102     12.1711     7.06817     0.28748
         103      12.235     7.11833    0.289033
         104     12.2958     7.16812    0.290509
         105     12.3537      7.2175     0.29191
         106     12.4085     7.26647    0.293235
         107     12.4603     7.31501    0.294485
         108     12.5091     7.36311    0.295659
         109     12.5549     7.41074    0.296759
         110     12.5976     7.45789    0.297784
         111     12.6374     7.50455    0.298734
         112     12.6743     7.55071    0.299612
         113     12.7081     7.59635    0.300417
         114     12.7391     7.64147    0.301149
         115     12.7672     7.68604    0.301811
         116     12.7925     7.73006    0.302403
         117     12.8149     7.77352    0.302925
         118     12.8346     7.81641    0.303379
         119     12.8516     7.85872    0.303766
         120     12.8659     7.90045    0.304087
         121     12.8777     7.94158    0.304343
         122     12.8868     7.98212    0.304536
         123     12.8935     8.02205    0.304667
         124     12.8978     8.06137    0.304737
         125     12.8996     8.10007    0.304747
         126     12.8992     8.13816    0.304699
         127     12.8965     8.17563    0.304595
         128     12.8917     8.21247    0.304435
         129     12.8847     8.24869    0.304222
         130     12.8758     8.28429    0.303957
         131     12.8648     8.31925    0.303641
         132      12.852     8.35359    0.303277
         133     12.8373      8.3873    0.302864
         134     12.8209     8.42039    0.302406
         135     12.8028     8.45285    0.301903
         136     12.7831     8.48469    0.301358
         137     12.7619     8.51591    0.300771
         138     12.7392     8.54652    0.300144
         139     12.7152     8.57651     0.29948
         140     12.6898     8.60589    0.298778
         141     12.6631     8.63466    0.298042
         142     12.6353     8.66284    0.297271
         143     12.6064     8.69041    0.296469
         144     12.5765      8.7174    0.295636
         145     12.5455      8.7438    0.294773
         146     12.5137     8.76962    0.293883
         147      12.481     8.79487    0.292966
         148     12.4475     8.81955    0.292025
         149     12.4134     8.84367    0.291059
         150     12.3785     8.86724    0.290071
         151     12.3431     8.89025    0.289062
         152     12.3071     8.91273    0.288033
         153     12.2707     8.93468    0.286985
         154     12.2338      8.9561     0.28592
         155     12.1966     8.97701    0.284839
         156      12.159     8.99741    0.283742
         157     12.1211      9.0173    0.282632
         158     12.0831     9.03671    0.281508
         159     12.0448     9.05563    0.280373
         160     12.0064     9.07407    0.279226
         161     11.9679     9.09204     0.27807
         162     11.9294     9.10956    0.276905
         163     11.8908     9.12662    0.275731
         164     11.8523     9.14324     0.27455
         165     11.8139     9.15943    0.273363
         166     11.7756     9.17519     0.27217
         167     11.7374     9.19053    0.270972
         168     11.6993     9.20546    0.269771
         169     11.6615     9.21999    0.268565
         170     11.6239     9.23414    0.267358
         171     11.5865     9.24789    0.266148
         172     11.5495     9.26127    0.264937
         173     11.5128     9.27429    0.263725
         174     11.4763     9.28694    0.262513
         175     11.4403     9.29925    0.261301
         176     11.4046     9.31121     0.26009
         177     11.3694     9.32284     0.25888
         178     11.3345     9.33414    0.257672
         179     11.3002     9.34512    0.256467
         180     11.2662      9.3558    0.255264
         181     11.2328     9.36617    0.254064
         182     11.1999     9.37624    0.252868
         183     11.1674     9.38603    0.251675
         184     11.1355     9.39554    0.250487
         185     11.1042     9.40477    0.249303
         186     11.0734     9.41374    0.248124
         187     11.0432     9.42246    0.246951
         188     11.0135     9.43092    0.245782
         189     10.9845     9.43914    0.244619
         190     10.9561     9.44712    0.243462
         191     10.9282     9.45488    0.242311
         192     10.9011     9.46241    0.241166
         193     10.8745     9.46973    0.240027
         194     10.8486     9.47684    0.238895
         195     10.8234     9.48374     0.23777
         196     10.7989     9.49045    0.236651
         197      10.775     9.49697     0.23554
         198     10.7518     9.50331    0.234435
         199     10.7293     9.50947    0.233338
         200     10.7075     9.51546    0.232248
         201     10.6865     9.52129    0.231166
         202     10.6661     9.52695    0.230091
         203     10.6465     9.53247    0.229024
         204     10.6276     9.53784    0.227964
         205     10.6094     9.54306    0.226912
         206      10.592     9.54816    0.225867
         207     10.5753     9.55312    0.224831
         208     10.5594     9.55796    0.223802
         209     10.5443     9.56268    0.222781
         210     10.5299     9.56728    0.221768
         211     10.5162     9.57178    0.220762
         212     10.5034     9.57617    0.219765
         213     10.4913     9.58047    0.218775
         214     10.4799     9.58467    0.217793
         215     10.4694     9.58879    0.216819
         216     10.4596     9.59282    0.215852
         217     10.4505     9.59677    0.214894
         218     10.4422     9.60065    0.213943
         219     10.4347     9.60446       0.213
         220     10.4279      9.6082    0.212065
         221     10.4219     9.61188    0.211137
         222     10.4166     9.61551    0.210217
         223     10.4121     9.61908    0.209305
         224     10.4083      9.6226      0.2084
         225     10.4051     9.62608    0.207503
         226     10.4027     9.62952    0.206613
         227      10.401     9.63292    0.205731
         228        10.4     9.63628    0.204856
         229     10.3997     9.63961    0.203989
         230        10.4     9.64292    0.203129
         231     10.4009      9.6462    0.202276
         232     10.4025     9.64946     0.20143
         233     10.4047      9.6527    0.200592
         234     10.4074     9.65593     0.19976
         235     10.4108     9.65914    0.198936
         236     10.4147     9.66234    0.198119
         237     10.4191     9.66553    0.197309
         238      10.424     9.66872    0.196506
         239     10.4294      9.6719    0.195709
         240     10.4353     9.67509    0.194919
         241     10.4416     9.67827    0.194137
         242     10.4482     9.68145     0.19336
         243     10.4553     9.68463    0.192591
         244     10.4628     9.68782    0.191828
         245     10.4705     9.69102    0.191072
         246     10.4786     9.69422    0.190322
         247     10.4869     9.69743    0.189578
         248     10.4955     9.70064    0.188841
         249     10.5042     9.70387     0.18811
         250     10.5132     9.70711    0.187386
         251     10.5223     9.71036    0.186667
         252     10.5315     9.71362    0.185955
         253     10.5408     9.71688    0.185249
         254     10.5502     9.72017    0.184549
         255     10.5596     9.72346    0.183854
         256      10.569     9.72676    0.183166
         257     10.5784     9.73007    0.182483
         258     10.5877      9.7334    0.181806
         259     10.5969     9.73673    0.181135
         260      10.606     9.74008    0.180469
         261      10.615     9.74343    0.179808
         262     10.6238     9.74679    0.179153
         263     10.6324     9.75015    0.178504
         264     10.6407     9.75353     0.17786
         265     10.6489     9.75691    0.177221
         266     10.6568     9.76029    0.176587
         267     10.6643     9.76368    0.175958
         268     10.6716     9.76706    0.175334
         269     10.6785     9.77045    0.174715
         270     10.6851     9.77384      0.1741
         271     10.6913     9.77722    0.173491
         272     10.6971     9.78061    0.172886
         273     10.7025     9.78398    0.172286
         274     10.7075     9.78735     0.17169
         275     10.7121     9.79072    0.171099
         276     10.7162     9.79407    0.170511
         277     10.7198     9.79741    0.169929
         278      10.723     9.80074     0.16935
         279     10.7257     9.80406    0.168775
         280     10.7279     9.80736    0.168205
         281     10.7296     9.81064    0.167638
         282     10.7308      9.8139    0.167076
         283     10.7315     9.81714    0.166517
         284     10.7317     9.82036    0.165962
         285     10.7313     9.82356     0.16541
         286     10.7305     9.82673    0.164862
         287     10.7291     9.82987    0.164318
         288     10.7273     9.83299    0.163777
         289     10.7249     9.83608    0.163239
         290      10.722     9.83913    0.162705
         291     10.7186     9.84215    0.162174
         292     10.7147     9.84514    0.161646
         293     10.7103     9.84809    0.161121
         294     10.7054     9.85101    0.160599
         295        10.7     9.85389    0.160081
         296     10.6941     9.85673    0.159565
         297     10.6878     9.85952    0.159052
         298      10.681     9.86228    0.158542
         299     10.6737     9.86499    0.158035
         300      10.666     9.86767    0.157531
         301     10.6579     9.87029     0.15703
         302     10.6493     9.87287    0.156531
         303     10.6404      9.8754    0.156035
         304     10.6311     9.87789    0.155541
         305     10.6213     9.88033    0.155051
         306     10.6112     9.88271    0.154562
         307     10.6008     9.88505    0.154076
         308       10.59     9.88734    0.153593
         309      10.579     9.88958    0.153112
         310     10.5676     9.89177    0.152634
         311     10.5559      9.8939    0.152158
         312     10.5439     9.89599    0.151685
         313     10.5317     9.89802    0.151214
         314     10.5192         9.9    0.150745
         315     10.5065     9.90192    0.150279
         316     10.4936     9.90379    0.149815
         317     10.4805     9.90561    0.149354
         318     10.4672     9.90738    0.148894
         319     10.4538     9.90909    0.148437
         320     10.4402     9.91075    0.147983
         321     10.4266     9.91236    0.147531
         322     10.4128     9.91391    0.147081
         323     10.3989     9.91541    0.146633
         324      10.385     9.91686    0.146187
         325      10.371     9.91826    0.145744
         326      10.357     9.91961    0.145303
         327      10.343      9.9209    0.144865
         328     10.3291     9.92215    0.144429
         329     10.3151     9.92334    0.143994
         330     10.3012     9.92449    0.143563
         331     10.2874     9.92558    0.143133
         332     10.2737     9.92663    0.142706
         333     10.2601     9.92763    0.142281
         334     10.2467     9.92859    0.141858
         335     10.2334      9.9295    0.141438
         336     10.2202     9.93036    0.141019
         337     10.2073     9.93118    0.140603
         338     10.1946     9.93196    0.140189
         339     10.1821      9.9327    0.139778
         340     10.1699      9.9334    0.139368
         341      10.158     9.93406    0.138961
         342     10.1463     9.93468    0.138556
         343      10.135     9.93526    0.138154
         344     10.1239     9.93581    0.137753
         345     10.1133     9.93633    0.137355
         346      10.103     9.93681    0.136959
         347      10.093     9.93726    0.136565
         348     10.0835     9.93768    0.136173
         349     10.0743     9.93807    0.135783
         350     10.0656     9.93843    0.135396
         351     10.0572     9.93877     0.13501
         352     10.0493     9.93909    0.134627
         353     10.0419     9.93938    0.134246
         354     10.0348     9.93965    0.133867
         355     10.0283      9.9399     0.13349
         356     10.0221     9.94013    0.133116
         357     10.0164     9.94034    0.132743
         358     10.0112     9.94054    0.132372
         359     10.0064     9.94072    0.132004
         360      10.002     9.94089    0.131637
         361     9.99809     9.94105    0.131273
         362     9.99458      9.9412     0.13091
         363     9.99149     9.94134    0.130549
         364     9.98881     9.94147    0.130191
         365     9.98651     9.94159    0.129834
         366     9.98459     9.94171     0.12948
         367     9.98302     9.94182    0.129127
         368     9.98179     9.94193    0.128776
         369     9.98087     9.94204    0.128427
         370     9.98024     9.94214     0.12808
         371     9.97989     9.94224    0.127735
         372     9.97977     9.94234    0.127391
         373     9.97987     9.94244     0.12705
         374     9.98014     9.94254     0.12671
         375     9.98057     9.94264    0.126372
         376     9.98112     9.94275    0.126036
         377     9.98176     9.94285    0.125702
         378     9.98245     9.94295     0.12537
         379     9.98317     9.94306    0.125039
         380     9.98388     9.94317     0.12471
         381     9.98454     9.94328    0.124383
         382     9.98511     9.94339    0.124057
         383     9.98557      9.9435    0.123733
         384     9.98587     9.94361    0.123411
         385     9.98599     9.94372     0.12309
         386     9.98588     9.94383    0.122772
         387     9.98552     9.94393    0.122454
         388     9.98488     9.94404    0.122139
         389     9.98392     9.94414    0.121825
         390      9.9826     9.94424    0.121513
         391     9.98092     9.94433    0.121202
         392     9.97883     9.94442    0.120893
         393     9.97632      9.9445    0.120585
         394     9.97337     9.94458    0.120279
         395     9.96996     9.94464    0.119975
         396     9.96606      9.9447    0.119672
         397     9.96168     9.94474     0.11937
         398      9.9568     9.94477     0.11907
         399     9.95141     9.94479    0.118772
         400      9.9455     9.94479    0.118475
         401     9.93907     9.94477     0.11818
         402     9.93213     9.94474    0.117886
         403     9.92468     9.94469    0.117593
         404     9.91672     9.94462    0.117302
         405     9.90827     9.94453    0.117012
         406     9.89932     9.94442    0.116724
         407      9.8899     9.94429    0.116437
         408     9.88002     9.94413    0.116152
         409      9.8697     9.94395    0.115868
         410     9.85897     9.94374    0.115586
         411     9.84784     9.94351    0.115305
         412     9.83633     9.94325    0.115025
         413     9.82448     9.94296    0.114747
         414     9.81231     9.94264     0.11447
         415     9.79984      9.9423    0.114195
         416      9.7871     9.94193    0.113921
         417     9.77413     9.94152    0.113649
         418     9.76095     9.94109    0.113378
         419     9.74759     9.94063    0.113108
         420     9.73408     9.94014     0.11284
         421     9.72044     9.93962    0.112573
         422     9.70672     9.93906    0.112308
         423     9.69293     9.93848    0.112044
         424     9.67911     9.93787    0.111781
         425     9.66527     9.93723     0.11152
         426     9.65146     9.93656     0.11126
         427     9.63769     9.93586    0.111002
         428     9.62399     9.93513    0.110745
         429     9.61039     9.93437    0.110489
         430      9.5969     9.93359    0.110235
         431     9.58356     9.93278    0.109982
         432     9.57037     9.93194    0.109731
         433     9.55737     9.93107    0.109481
         434     9.54456     9.93018    0.109232
         435     9.53196     9.92927    0.108985
         436      9.5196     9.92833    0.108739
         437     9.50749     9.92736    0.108494
         438     9.49564     9.92638    0.108251
         439     9.48406     9.92537    0.108009
         440     9.47277     9.92434    0.107769
         441     9.46178     9.92329     0.10753
         442     9.45109     9.92222    0.107292
         443     9.44072     9.92114    0.107055
         444     9.43068     9.92003    0.106819
         445     9.42097     9.91891    0.106585
         446      9.4116     9.91777    0.106352
         447     9.40257     9.91662    0.106121
         448      9.3939     9.91545     0.10589
         449     9.38558     9.91427    0.105661
         450     9.37762     9.91308    0.105433
         451     9.37003     9.91188    0.105206
         452     9.36281     9.91066     0.10498
         453     9.35596     9.90944    0.104756
         454     9.34949     9.90821    0.104532
         455     9.34339     9.90696     0.10431
         456     9.33767     9.90572    0.104089
         457     9.33233     9.90446    0.103868
         458     9.32737      9.9032    0.103649
         459     9.32279     9.90194    0.103431
         460      9.3186     9.90067    0.103214
         461      9.3148      9.8994    0.102998
         462     9.31137     9.89812    0.102783
         463     9.30834     9.89685    0.102569
         464     9.30568     9.89558    0.102356
         465     9.30341      9.8943    0.102143
         466     9.30152     9.89303    0.101932
         467     9.30002     9.89176    0.101722
         468      9.2989     9.89049    0.101512
         469     9.29817     9.88923    0.101304
         470     9.29781     9.88797    0.101096
         471     9.29784     9.88672    0.100889
         472     9.29824     9.88547    0.100683
         473     9.29902     9.88423    0.100478
         474     9.30017       9.883    0.100273
         475     9.30169     9.88178     0.10007
         476     9.30358     9.88056   0.0998669
         477     9.30584     9.87936   0.0996648
         478     9.30847     9.87816   0.0994635
         479     9.31145     9.87698   0.0992629
         480     9.31478     9.87581    0.099063
         481     9.31846     9.87465   0.0988638
         482     9.32248      9.8735   0.0986653
         483     9.32683     9.87237   0.0984676
         484     9.33151     9.87126   0.0982705
         485     9.33651     9.87015    0.098074
         486     9.34181     9.86907   0.0978783
         487     9.34741     9.86799   0.0976831
         488     9.35329     9.86694   0.0974887
         489     9.35946      9.8659   0.0972948
         490     9.36589     9.86488   0.0971016
         491     9.37257     9.86388    0.096909
         492     9.37949     9.86289    0.096717
         493     9.38664     9.86193   0.0965257
         494       9.394     9.86098   0.0963349
         495     9.40156     9.86005   0.0961448
         496     9.40929     9.85914   0.0959553
         497     9.41719     9.85826   0.0957663
         498     9.42523     9.85739    0.095578
         499     9.43339     9.85654   0.0953902
         500     9.44167     9.85571    0.095203
         501     9.45002      9.8549   0.0950164
         502     9.45845     9.85411   0.0948304
         503     9.46692     9.85334    0.094645
         504     9.47541     9.85259   0.0944602
         505     9.48391     9.85186    0.094276
         506     9.49238     9.85115   0.0940923
         507     9.50081     9.85046   0.0939093
         508     9.50916     9.84978   0.0937268
         509     9.51743     9.84913    0.093545
         510     9.52558      9.8485   0.0933637
         511     9.53359     9.84788    0.093183
         512     9.54144     9.84728    0.093003
         513     9.54909      9.8467   0.0928235
         514     9.55654     9.84614   0.0926446
         515     9.56374     9.84559   0.0924663
         516     9.57069     9.84505   0.0922887
         517     9.57736     9.84454   0.0921116
         518     9.58372     9.84403   0.0919352
         519     9.58975     9.84354   0.0917593
         520     9.59543     9.84307   0.0915841
         521     9.60075      9.8426   0.0914095
         522     9.60568     9.84215   0.0912355
         523     9.61021      9.8417   0.0910622
         524     9.61431     9.84127   0.0908894
         525     9.61796     9.84084   0.0907173
         526     9.62116     9.84043   0.0905458
         527     9.62389     9.84002   0.0903749
         528     9.62613     9.83961   0.0902046
         529     9.62787     9.83921    0.090035
         530      9.6291     9.83881    0.089866
         531     9.62981     9.83842   0.0896976
         532     9.62998     9.83803   0.0895299
         533     9.62962     9.83764   0.0893628
         534     9.62871     9.83725   0.0891963
         535     9.62725     9.83685   0.0890304
         536     9.62523     9.83646   0.0888652
         537     9.62266     9.83606   0.0887006
         538     9.61954     9.83566   0.0885366
         539     9.61586     9.83525   0.0883733
         540     9.61163     9.83484   0.0882106
         541     9.60686     9.83442   0.0880486
         542     9.60154     9.83399   0.0878872
         543     9.59568     9.83355   0.0877264
         544      9.5893      9.8331   0.0875663
         545     9.58239     9.83264   0.0874068
         546     9.57498     9.83217    0.087248
         547     9.56708     9.83168   0.0870899
         548     9.55868     9.83118   0.0869324
         549      9.5498     9.83067   0.0867755
         550     9.54047     9.83014   0.0866194
         551      9.5307      9.8296   0.0864639
         552      9.5205     9.82904    0.086309
         553     9.50989     9.82846   0.0861549
         554     9.49888     9.82787   0.0860014
         555      9.4875     9.82725   0.0858487
         556     9.47577     9.82662   0.0856966
         557     9.46371     9.82597   0.0855452
         558     9.45133      9.8253   0.0853945
         559     9.43866     9.82461   0.0852446
         560     9.42571      9.8239   0.0850953
         561     9.41252     9.82316   0.0849468
         562      9.3991     9.82241    0.084799
         563     9.38547     9.82163   0.0846519
         564     9.37166     9.82083   0.0845056
         565     9.35768     9.82001     0.08436
         566     9.34355     9.81917   0.0842152
         567     9.32931     9.81831   0.0840711
         568     9.31496     9.81742   0.0839277
         569     9.30053     9.81651   0.0837852
         570     9.28605     9.81558   0.0836433
         571     9.27152     9.81463   0.0835023
         572     9.25697     9.81366    0.083362
         573     9.24242     9.81266   0.0832225
         574     9.22789     9.81164   0.0830837
         575     9.21339      9.8106   0.0829457
         576     9.19896     9.80954   0.0828085
         577     9.18459     9.80845   0.0826721
         578     9.17032     9.80735   0.0825364
         579     9.15616     9.80623   0.0824015
         580     9.14212     9.80508   0.0822674
         581     9.12821     9.80392   0.0821341
         582     9.11446     9.80273   0.0820015
         583     9.10087     9.80153   0.0818697
         584     9.08746      9.8003   0.0817386
         585     9.07423     9.79906   0.0816083
         586      9.0612      9.7978   0.0814788
         587     9.04839     9.79653     0.08135
         588     9.03579     9.79523   0.0812219
         589     9.02342     9.79392   0.0810946
         590     9.01129      9.7926    0.080968
         591     8.99941     9.79125   0.0808421
         592     8.98778      9.7899   0.0807169
         593     8.97641     9.78853   0.0805925
         594     8.96531     9.78714   0.0804687
         595     8.95447     9.78574   0.0803456
         596     8.94392     9.78433   0.0802232
         597     8.93364      9.7829   0.0801015
         598     8.92365     9.78147   0.0799805
         599     8.91394     9.78002     0.07986
         600     8.90452     9.77856   0.0797403
         601      8.8954     9.77709   0.0796211
         602     8.88656     9.77561   0.0795026
         603     8.87803     9.77412   0.0793847
         604     8.86979     9.77262   0.0792674
         605     8.86184     9.77112   0.0791507
         606     8.85419     9.76961   0.0790345
         607     8.84684     9.76808   0.0789189
         608     8.83979     9.76656   0.0788039
         609     8.83303     9.76503   0.0786894
         610     8.82658     9.76349   0.0785754
         611     8.82042     9.76194    0.078462
         612     8.81456      9.7604   0.0783491
         613       8.809     9.75884   0.0782366
         614     8.80372     9.75729   0.0781247
         615     8.79874     9.75573   0.0780132
         616     8.79404     9.75417   0.0779021
         617     8.78964      9.7526   0.0777916
         618     8.78552     9.75104   0.0776814
         619     8.78169     9.74947   0.0775717
         620     8.77815     9.74791   0.0774624
         621     8.77488     9.74634   0.0773535
         622      8.7719     9.74477    0.077245
         623      8.7692     9.74321   0.0771369
         624     8.76678     9.74164   0.0770292
         625     8.76464     9.74008   0.0769218
         626     8.76278     9.73852   0.0768147
         627      8.7612     9.73696    0.076708
         628     8.75989      9.7354   0.0766017
         629     8.75886     9.73385   0.0764956
         630     8.75811      9.7323   0.0763899
         631     8.75763     9.73076   0.0762844
         632     8.75743     9.72922   0.0761793
         633      8.7575     9.72768   0.0760744
         634     8.75785     9.72615   0.0759698
         635     8.75847     9.72463   0.0758654
         636     8.75937     9.72311   0.0757613
         637     8.76055      9.7216   0.0756574
         638     8.76201      9.7201   0.0755538
         639     8.76375      9.7186   0.0754504
         640     8.76577     9.71711   0.0753472
         641     8.76807     9.71563   0.0752442
         642     8.77066     9.71416   0.0751414
         643     8.77353      9.7127   0.0750388
         644     8.77668     9.71124   0.0749363
         645     8.78012      9.7098    0.074834
         646     8.78385     9.70837   0.0747319
         647     8.78786     9.70694     0.07463
         648     8.79216     9.70553   0.0745281
         649     8.79676     9.70413   0.0744265
         650     8.80164     9.70274   0.0743249
         651     8.80683     9.70137   0.0742235
         652     8.81231         9.7   0.0741222
         653     8.81809     9.69865    0.074021
         654     8.82416     9.69731   0.0739198
         655     8.83052     9.69599   0.0738188
         656     8.83718     9.69468   0.0737179
         657     8.84414     9.69339   0.0736171
         658     8.85138     9.69211   0.0735163
         659     8.85892     9.69084   0.0734156
         660     8.86675     9.68959    0.073315
         661     8.87487     9.68836   0.0732145
         662     8.88328     9.68715    0.073114
         663     8.89197     9.68595   0.0730135
         664     8.90095     9.68476   0.0729131
         665      8.9102      9.6836   0.0728128
         666     8.91972     9.68245   0.0727125
         667     8.92951     9.68132   0.0726122
         668     8.93957     9.68021    0.072512
         669     8.94988     9.67912   0.0724119
         670     8.96045     9.67805   0.0723117
         671     8.97125       9.677   0.0722116
         672      8.9823     9.67596   0.0721116
         673     8.99356     9.67495   0.0720116
         674     9.00505     9.67395   0.0719116
         675     9.01674     9.67298   0.0718116
         676     9.02863     9.67203   0.0717117
         677     9.04071     9.67109   0.0716119
         678     9.05296     9.67018    0.071512
         679     9.06538     9.66929   0.0714123
         680     9.07795     9.66842   0.0713125
         681     9.09066     9.66757   0.0712129
         682     9.10349     9.66675   0.0711133
         683     9.11644     9.66594   0.0710137
         684     9.12948     9.66516   0.0709142
         685      9.1426     9.66439   0.0708148
         686      9.1558     9.66365   0.0707154
         687     9.16904     9.66293   0.0706162
         688     9.18232     9.66223    0.070517
         689     9.19563     9.66156   0.0704179
         690     9.20895      9.6609   0.0703189
         691     9.22226     9.66027     0.07022
         692     9.23555     9.65965   0.0701212
         693     9.24881     9.65906   0.0700225
         694     9.26202     9.65849    0.069924
         695     9.27516     9.65794   0.0698255
         696     9.28822     9.65741   0.0697272
         697     9.30119     9.65689   0.0696291
         698     9.31406      9.6564    0.069531
         699     9.32682     9.65593   0.0694332
         700     9.33946     9.65548   0.0693354
         701     9.35195     9.65505   0.0692379
         702      9.3643     9.65463   0.0691405
         703     9.37649     9.65424   0.0690433
         704     9.38852     9.65386   0.0689462
         705     9.40037      9.6535   0.0688494
         706     9.41205     9.65316   0.0687527
         707     9.42355     9.65283   0.0686562
         708     9.43486     9.65252   0.0685599
         709     9.44599     9.65223   0.0684639
         710     9.45692     9.65196    0.068368
         711     9.46767      9.6517   0.0682723
         712     9.47822     9.65146   0.0681769
         713     9.48858     9.65123   0.0680816
         714     9.49876     9.65101   0.0679866
         715     9.50874     9.65081   0.0678918
         716     9.51854     9.65063   0.0677973
         717     9.52816     9.65046   0.0677029
         718      9.5376      9.6503   0.0676088
         719     9.54689     9.65016   0.0675149
         720     9.55601     9.65003   0.0674213
         721     9.56498     9.64991   0.0673279
         722     9.57381      9.6498   0.0672347
         723      9.5825     9.64971   0.0671418
         724     9.59107     9.64963   0.0670491
         725     9.59952     9.64956   0.0669566
         726     9.60787      9.6495   0.0668644
         727     9.61612     9.64946   0.0667725
         728     9.62429     9.64942   0.0666808
         729     9.63239      9.6494   0.0665893
         730     9.64042     9.64939   0.0664981
         731     9.64841     9.64939   0.0664071
         732     9.65636      9.6494   0.0663164
         733     9.66428     9.64942   0.0662259
         734     9.67219     9.64945   0.0661357
         735      9.6801     9.64949   0.0660457
         736     9.68802     9.64954    0.065956
         737     9.69596      9.6496   0.0658666
         738     9.70393     9.64968   0.0657774
         739     9.71195     9.64976   0.0656884
         740     9.72002     9.64986   0.0655997
         741     9.72816     9.64996   0.0655113
         742     9.73637     9.65008   0.0654231
         743     9.74467     9.65021   0.0653351
         744     9.75305     9.65034   0.0652475
         745     9.76154     9.65049   0.0651601
         746     9.77014     9.65065   0.0650729
         747     9.77884     9.65083    0.064986
         748     9.78767     9.65101   0.0648994
         749     9.79663      9.6512    0.064813
         750     9.80572     9.65141    0.064727
         751     9.81495     9.65163   0.0646411
         752     9.82431     9.65186   0.0645556
         753     9.83381      9.6521   0.0644703
         754     9.84346     9.65235   0.0643853
         755     9.85326     9.65262   0.0643006
         756     9.86322      9.6529   0.0642161
         757     9.87332     9.65319    0.064132
         758     9.88356     9.65349   0.0640481
         759     9.89395     9.65381   0.0639645
         760     9.90449     9.65414   0.0638812
         761     9.91518     9.65448   0.0637981
         762       9.926     9.65484   0.0637154
         763     9.93697     9.65521    0.063633
         764     9.94807     9.65559   0.0635508
         765      9.9593     9.65599    0.063469
         766     9.97065      9.6564   0.0633875
         767     9.98212     9.65682   0.0633062
         768      9.9937     9.65726   0.0632253
         769     10.0054     9.65771   0.0631447
         770     10.0172     9.65818   0.0630645
         771      10.029     9.65866   0.0629845
         772     10.0409     9.65916   0.0629049
         773     10.0529     9.65967   0.0628255
         774      10.065     9.66019   0.0627466
         775     10.0771     9.66073   0.0626679
         776     10.0892     9.66128   0.0625896
         777     10.1014     9.66185   0.0625116
         778     10.1135     9.66243   0.0624339
         779     10.1257     9.66302   0.0623566
         780     10.1378     9.66363   0.0622796
         781     10.1499     9.66425    0.062203
         782      10.162     9.66489   0.0621267
         783      10.174     9.66554   0.0620508
         784     10.1859      9.6662   0.0619752
         785     10.1978     9.66688   0.0618999
         786     10.2095     9.66757    0.061825
         787     10.2211     9.66827   0.0617505
         788     10.2326     9.66899   0.0616763
         789      10.244     9.66972   0.0616024
         790     10.2552     9.67046   0.0615289
         791     10.2662     9.67121   0.0614557
         792     10.2771     9.67198   0.0613829
         793     10.2877     9.67276   0.0613104
         794     10.2981     9.67354   0.0612382
         795     10.3083     9.67434   0.0611664
         796     10.3182     9.67515   0.0610949
         797     10.3279     9.67597   0.0610237
         798     10.3373      9.6768   0.0609529
         799     10.3463     9.67764   0.0608824
         800     10.3551     9.67848   0.0608121
         801     10.3636     9.67934   0.0607422
         802     10.3717      9.6802   0.0606726
         803     10.3795     9.68107   0.0606033
         804     10.3869     9.68195   0.0605343
         805     10.3939     9.68283   0.0604656
         806     10.4006     9.68373   0.0603971
         807     10.4068     9.68462   0.0603289
         808     10.4126     9.68552    0.060261
         809      10.418     9.68643   0.0601933
         810      10.423     9.68734   0.0601258
         811     10.4275     9.68825   0.0600586
         812     10.4315     9.68916   0.0599916
         813     10.4351     9.69008   0.0599249
         814     10.4382       9.691   0.0598583
         815     10.4408     9.69192   0.0597919
         816      10.443     9.69284   0.0597257
         817     10.4446     9.69376   0.0596597
         818     10.4457     9.69468   0.0595939
         819     10.4463      9.6956   0.0595282
         820     10.4464     9.69651   0.0594626
         821     10.4459     9.69743   0.0593972
         822     10.4449     9.69834   0.0593319
         823     10.4434     9.69924   0.0592667
         824     10.4413     9.70014   0.0592016
         825     10.4387     9.70104   0.0591366
         826     10.4356     9.70193   0.0590717
         827     10.4319     9.70281   0.0590069
         828     10.4277     9.70369   0.0589421
         829     10.4229     9.70455   0.0588774
         830     10.4176     9.70541   0.0588127
         831     10.4118     9.70626   0.0587481
         832     10.4055      9.7071   0.0586835
         833     10.3986     9.70793   0.0586189
         834     10.3912     9.70875   0.0585544
         835     10.3833     9.70956   0.0584898
         836     10.3749     9.71036   0.0584253
         837     10.3661     9.71114   0.0583607
         838     10.3567     9.71191   0.0582962
         839     10.3469     9.71267   0.0582316
         840     10.3367     9.71341    0.058167
         841      10.326     9.71414   0.0581024
         842     10.3149     9.71485   0.0580378
         843     10.3034     9.71555   0.0579731
         844     10.2915     9.71623   0.0579085
         845     10.2792      9.7169   0.0578438
         846     10.2666     9.71755    0.057779
         847     10.2537     9.71818   0.0577143
         848     10.2404      9.7188   0.0576495
         849     10.2269      9.7194   0.0575847
         850     10.2131     9.71998   0.0575199
         851      10.199     9.72054   0.0574551
         852     10.1848     9.72108   0.0573902
         853     10.1703     9.72161   0.0573253
         854     10.1557     9.72212   0.0572605
         855     10.1409     9.72261   0.0571956
         856     10.1259     9.72308   0.0571307
         857     10.1109     9.72353   0.0570658
         858     10.0958     9.72397    0.057001
         859     10.0806     9.72438   0.0569361
         860     10.0654     9.72478   0.0568713
         861     10.0502     9.72516   0.0568065
         862     10.0351     9.72552   0.0567418
         863     10.0199     9.72586    0.056677
         864     10.0048     9.72618   0.0566124
         865     9.98981     9.72648   0.0565477
         866     9.97492     9.72677   0.0564832
         867     9.96014     9.72704   0.0564186
         868     9.94552     9.72729   0.0563542
         869     9.93105     9.72753   0.0562899
         870     9.91677     9.72774   0.0562256
         871     9.90269     9.72794   0.0561614
         872     9.88882     9.72813   0.0560973
         873     9.87518      9.7283   0.0560333
         874     9.86179     9.72845   0.0559694
         875     9.84867     9.72859   0.0559056
         876     9.83582     9.72871   0.0558419
         877     9.82326     9.72882   0.0557783
         878       9.811     9.72891   0.0557149
         879     9.79905     9.72899   0.0556515
         880     9.78743     9.72906   0.0555883
         881     9.77614     9.72911   0.0555253
         882     9.76518     9.72915   0.0554623
         883     9.75457     9.72918   0.0553995
         884     9.74431      9.7292   0.0553369
         885     9.73442      9.7292   0.0552743
         886     9.72488      9.7292   0.0552119
         887     9.71572     9.72918   0.0551497
         888     9.70692     9.72916   0.0550876
         889     9.69851     9.72912   0.0550256
         890     9.69047     9.72908   0.0549638
         891     9.68281     9.72903   0.0549022
         892     9.67552     9.72897   0.0548407
         893     9.66861      9.7289   0.0547793
         894     9.66209     9.72883   0.0547181
         895     9.65594     9.72875    0.054657
         896     9.65018     9.72866   0.0545961
         897     9.64479     9.72856   0.0545353
         898     9.63978     9.72847   0.0544746
         899     9.63514     9.72836   0.0544141
         900     9.63087     9.72825   0.0543538
         901     9.62696     9.72814   0.0542936
         902     9.62341     9.72802   0.0542335
         903     9.62022     9.72791   0.0541736
         904      9.6174     9.72778   0.0541138
         905     9.61492     9.72766   0.0540541
         906      9.6128     9.72753   0.0539946
         907     9.61102      9.7274   0.0539352
         908     9.60957     9.72727    0.053876
         909     9.60846     9.72714   0.0538169
         910     9.60767     9.72701   0.0537579
         911     9.60721     9.72688   0.0536991
         912     9.60705     9.72675   0.0536403
         913      9.6072     9.72662   0.0535817
         914     9.60766     9.72649   0.0535233
         915     9.60841     9.72636   0.0534649
         916     9.60944     9.72623   0.0534067
         917     9.61075      9.7261   0.0533486
         918     9.61233     9.72598   0.0532907
         919     9.61416     9.72586   0.0532328
         920     9.61624     9.72574   0.0531751
         921     9.61857     9.72562   0.0531175
         922     9.62113     9.72551     0.05306
         923     9.62391      9.7254   0.0530026
         924     9.62691     9.72529   0.0529454
         925     9.63012     9.72519   0.0528882
         926     9.63352     9.72509   0.0528312
         927     9.63711       9.725   0.0527743
         928     9.64087     9.72491   0.0527175
         929      9.6448     9.72482   0.0526608
         930     9.64888     9.72474   0.0526043
         931      9.6531     9.72466   0.0525478
         932     9.65746     9.72459   0.0524915
         933     9.66194     9.72452   0.0524353
         934     9.66655     9.72446   0.0523792
         935     9.67125      9.7244   0.0523232
         936     9.67604     9.72435   0.0522673
         937     9.68092      9.7243   0.0522115
         938     9.68588     9.72426   0.0521559
         939     9.69089     9.72423   0.0521004
         940     9.69597      9.7242   0.0520449
         941     9.70109     9.72417   0.0519896
         942     9.70625     9.72415   0.0519345
         943     9.71143     9.72414   0.0518794
         944     9.71663     9.72413   0.0518244
         945     9.72185     9.72413   0.0517696
         946     9.72707     9.72413   0.0517149
         947     9.73228     9.72414   0.0516603
         948     9.73749     9.72416   0.0516058
         949     9.74267     9.72418   0.0515514
         950     9.74783      9.7242   0.0514971
         951     9.75296     9.72423    0.051443
         952     9.75806     9.72427    0.051389
         953     9.76311     9.72431   0.0513351
         954     9.76812     9.72435   0.0512813
         955     9.77307      9.7244   0.0512276
         956     9.77797     9.72446    0.051174
         957     9.78282     9.72452   0.0511206
         958      9.7876     9.72459   0.0510673
         959     9.79232     9.72466   0.0510141
         960     9.79697     9.72473    0.050961
         961     9.80156     9.72481    0.050908
         962     9.80607      9.7249   0.0508552
         963     9.81051     9.72499   0.0508024
         964     9.81488     9.72508   0.0507498
         965     9.81918     9.72518   0.0506973
         966      9.8234     9.72528    0.050645
         967     9.82756     9.72538   0.0505927
         968     9.83164     9.72549   0.0505405
         969     9.83564     9.72561   0.0504885
         970     9.83957     9.72573   0.0504366
         971     9.84343     9.72585   0.0503848
         972     9.84722     9.72597   0.0503331
         973     9.85093      9.7261   0.0502816
         974     9.85457     9.72623   0.0502301
         975     9.85815     9.72637   0.0501788
         976     9.86166     9.72651   0.0501276
         977      9.8651     9.72665   0.0500764
         978     9.86847     9.72679   0.0500255
         979     9.87177     9.72694   0.0499746
         980       9.875     9.72709   0.0499238
         981     9.87817     9.72725   0.0498732
         982     9.88126      9.7274   0.0498226
         983     9.88429     9.72756   0.0497722
         984     9.88725     9.72772   0.0497219
         985     9.89015     9.72789   0.0496717
         986     9.89297     9.72806   0.0496216
         987     9.89573     9.72823   0.0495716
         988     9.89841      9.7284   0.0495217
         989     9.90103     9.72857   0.0494719
         990     9.90357     9.72875   0.0494223
         991     9.90604     9.72893   0.0493727
         992     9.90843     9.72911   0.0493233
         993     9.91074     9.72929    0.049274
         994     9.91297     9.72948   0.0492247
         995     9.91511     9.72966   0.0491756
         996     9.91716     9.72985   0.0491266
         997     9.91912     9.73004   0.0490777
         998     9.92099     9.73023   0.0490289
         999     9.92276     9.73043   0.0489802
        1000     9.92443     9.73062   0.0489316
