14.4327
14.7436
14.9834
15.0899
15.051
15.0666
14.9572
14.9069
14.8854
14.8833
14.8214
14.8459
14.9276
15.0639
15.0716
15.0155
14.9882
15.0348
15.0306
15.0475
15.0133
15.0527
15.0096
14.9678
15.0101
15.0494
15.0158
15.0072
15.0254
15.0453
15.0443
15.0198
15.0091
14.9965
14.9879
14.9902
14.9511
14.9776
14.9463
14.9463
14.9331
14.9142
14.9317
14.9299
14.9239
14.9344
14.9552
14.9581
14.9583
14.9426
14.9197
14.9269
14.933
14.9366
14.9331
14.9319
14.915
14.9166
14.9123
14.9054
14.9186
14.913
14.9182
14.9142
14.9073
14.9085
14.911
14.9143
14.9153
14.9328
14.9354
14.9261
14.9353
14.9586
14.9585
14.9562
14.9427
14.9438
14.9411
14.9398
14.9431
14.9401
14.9409
14.9491
14.9493
14.9523
14.9493
14.9402
14.9266
14.9266
14.9202
14.9341
14.9354
14.9257
14.9281
14.915
14.9217
14.9087
14.8956