5.45647
5.48025
5.45614
5.40836
5.34797
5.45236
5.50447
5.4554
5.44575
5.4269
5.41425
5.41119
5.38538
5.38124
5.38571
5.38623
5.38742
5.41075
5.42374
5.41664
5.43584
5.43343
5.42912
5.43084
5.44655
5.45863
5.4537
5.4528
5.45073
5.46009
5.45397
5.46009
5.47066
5.46993
5.47251
5.46529
5.47484
5.47242
5.47605
5.47481
5.46924
5.46904
5.4615
5.45045
5.4462
5.44293
5.43313
5.4358
5.43008
5.42843
5.43895
5.44732
5.44639
5.45054
5.4593
5.46219
5.46098
5.45073
5.45654
5.46476
5.46648
5.46472
5.46902
5.4714
5.47082
5.4682
5.46652
5.46338
5.46126
5.46043
5.45379
5.4485
5.44859
5.44907
5.44831
5.45191
5.4513
5.44849
5.44712
5.45019
5.45068
5.45388
5.45717
5.45618
5.46152
5.46293
5.4631
5.4687
5.47134
5.47605
5.48198
5.48437
5.48113
5.48766
5.48995
5.49031
5.49016
5.48728
5.48786