5.55929
5.49671
5.43656
5.43446
5.41117
5.4097
5.44187
5.45578
5.44303
5.43069
5.39013
5.40134
5.45445
5.42628
5.43401
5.41635
5.41901
5.41967
5.42432
5.41214
5.42339
5.43015
5.45254
5.44147
5.43038
5.42252
5.40978
5.41616
5.4176
5.43078
5.42791
5.4449
5.45272
5.45039
5.46903
5.47127
5.4662
5.46088
5.4574
5.46053
5.45453
5.45708
5.45105
5.45041
5.44622
5.44381
5.43911
5.44468
5.44572
5.44532
5.43839
5.43518
5.44139
5.44503
5.44807
5.45321
5.45077
5.44435
5.43906
5.44019
5.43979
5.43855
5.43787
5.43265
5.43609
5.43445
5.43587
5.43775
5.44471
5.44411
5.44542
5.44394
5.44241
5.4429
5.44062
5.43927
5.43917
5.43317
5.43116
5.42667
5.43441
5.43529
5.44185
5.44412
5.44191
5.44492
5.44821
5.45567
5.45929
5.46644
5.46403
5.45881
5.46268
5.46618
5.46908
5.46955
5.4688
5.46334
5.46172