0.115269
0.0913551
0.0882667
0.0684031
0.060512
0.0511633
0.0547563
0.0502538
0.0467207
0.0440256
0.0571016
0.0537082
0.0727554
0.0733549
0.0690516
0.0672244
0.0634354
0.0600076
0.0571176
0.0556792
0.0542675
0.0522932
0.054847
0.0537602
0.0528281
0.0514384
0.0511765
0.0497898
0.0481232
0.0483756
0.0469275
0.048552
0.0477471
0.0464214
0.048814
0.0475291
0.0465386
0.0456399
0.0446203
0.0436308
0.0429997
0.042065
0.0415372
0.0406087
0.0399374
0.0391523
0.0386157
0.0382276
0.0374697
0.0367298
0.0366758
0.0361203
0.0359841
0.0355116
0.035004
0.0347654
0.0342478
0.034268
0.034105
0.0335602
0.0330169
0.0325121
0.0320073
0.0319407
0.0316406
0.0312077
0.0307777
0.0303868
0.0307474
0.0303171
0.0299217
0.0295461
0.0291843
0.0287968
0.0285067
0.0281666
0.0278033
0.0280975
0.0278165
0.0278359
0.0285628
0.0282304
0.0286538
0.0284056
0.0281603
0.0279967
0.0278717
0.0285478
0.0284604
0.0290395
0.0288226
0.0289859
0.0289359
0.0288435
0.0286884
0.0283949
0.0281136
0.0283587
0.0281202