0.321329
0.361992
0.350751
0.291847
0.241446
0.204652
0.208274
0.190455
0.171693
0.155317
0.154686
0.144383
0.156669
0.199604
0.186872
0.184284
0.175869
0.172747
0.163935
0.156844
0.153413
0.151811
0.151613
0.151301
0.151389
0.150871
0.149215
0.144235
0.140531
0.13737
0.133012
0.13122
0.127757
0.124688
0.12148
0.118174
0.121501
0.121288
0.122299
0.119278
0.117157
0.11594
0.114621
0.11206
0.10976
0.107908
0.107675
0.105494
0.103363
0.102517
0.103099
0.101385
0.0996782
0.0979162
0.0962138
0.0945186
0.0944086
0.0928095
0.091354
0.0901062
0.0896199
0.0883622
0.087124
0.0858684
0.084834
0.0835665
0.0823675
0.0812321
0.0800688
0.0808468
0.0797605
0.0792165
0.0786858
0.0810474
0.079974
0.0789598
0.0791096
0.0781103
0.0771752
0.0762279
0.0753653
0.0745149
0.0736278
0.0732143
0.0723581
0.0715861
0.0708332
0.0706214
0.0711462
0.0703601
0.0698814
0.0705042
0.0697614
0.0697002
0.0690135
0.0695377
0.0691449
0.0696585
0.0701904