0.00460195
0.0239207
0.0294501
0.0529455
0.0742672
0.121805
0.117656
0.114782
0.103117
0.0951584
0.0877839
0.0808074
0.0791387
0.0737903
0.0691691
0.0649752
0.0612707
0.0624753
0.0606762
0.0581493
0.0586742
0.0561171
0.0539
0.0517275
0.0521231
0.0515893
0.0499564
0.0482113
0.0466225
0.0460536
0.0450091
0.0440508
0.0440246
0.0427546
0.0416306
0.0411298
0.0411568
0.0401605
0.0393118
0.0383612
0.0378491
0.0369589
0.0368882
0.037715
0.0371297
0.0364779
0.0370321
0.0363668
0.0360872
0.035411
0.0362808
0.0365614
0.03589
0.0354751
0.0359185
0.0354014
0.0348067
0.0357148
0.0355918
0.035957
0.0354138
0.0348915
0.0346097
0.0341562
0.0336397
0.033237
0.032788
0.0324609
0.0320645
0.0316205
0.0318767
0.0318793
0.0314457
0.0310273
0.0306257
0.0304397
0.0300531
0.0298032
0.0294601
0.0292555
0.0289008
0.0287284
0.0285752
0.0282545
0.0284299
0.0281367
0.0278157
0.0280651
0.0278771
0.0279675
0.02829
0.0280862
0.0279734
0.0284359
0.0282315
0.0279413
0.0276551
0.0275255
0.0272551