1	776.038	861.862
2	719.882	779.262
3	696.788	718.934
4	642.447	682.238
5	574.373	625.606
6	553.817	580.72
7	517.072	553.476
8	499.037	512.159
9	482	493.961
10	466.029	484.284
11	454.122	463.697
12	438.266	444.204
13	411.386	429.736
14	400.591	412.048
15	384.829	400.563
16	379.233	385.365
17	360.61	366.024
18	348.513	357.825
19	334.719	344.131
20	338.073	339.793
21	322.311	330.972
22	318.667	323.807
23	316.723	318.565
24	304.925	314.534
25	303.23	304.223
26	298.657	301.443
27	296.962	298.655
28	294.285	296.395
29	290.212	293.931
30	291.667	292.625
31	288.293	289.474
32	288.293	288.293
33	287.327	287.327
34	287.219	287.302
35	283.01	287.092
36	278.936	282.98
37	278.569	278.795
38	278.548	278.548
39	278.548	278.548
40	277.034	278.547
41	275.203	275.203
42	275.203	275.203
43	275.203	275.203
44	273.446	275.152
45	273.446	273.446
46	273.446	273.446
47	273.446	273.446
48	273.446	273.446
49	273.446	273.446
50	273.446	273.446
51	273.446	273.446
52	273.446	273.446
53	273.446	273.446
54	273.446	273.446
55	273.446	273.446
56	273.446	273.446
57	273.446	273.446
58	273.446	273.446
59	273.446	273.446
60	273.446	273.446
61	273.446	273.446
62	273.446	273.446
63	273.446	273.446
64	273.446	273.446
65	273.223	273.446
66	273.446	273.446
67	273.446	273.446
68	273.223	273.446
69	272.196	273.217
70	272.596	272.596
71	272.196	272.196
72	272.196	272.196
73	272.196	272.196
74	272.196	272.196
75	272.196	272.196
76	272.196	272.196
77	272.196	272.196
78	272.196	272.196
79	272.196	272.196
80	272.196	272.196
81	272.196	272.196
82	272.196	272.196
83	272.196	272.196
84	272.196	272.196
85	272.196	272.196
86	272.196	272.196
87	272.196	272.196
88	272.196	272.196
89	272.196	272.196
90	272.196	272.196
91	272.196	272.196
92	272.196	272.196
93	272.196	272.196
94	272.196	272.196
95	272.196	272.196
96	272.196	272.196
97	272.196	272.196
98	272.196	272.196
99	272.196	272.196
100	272.196	272.196
101	272.196	272.196
102	272.196	272.196
103	272.196	272.196
104	272.196	272.196
105	272.196	272.196
106	272.196	272.196
107	272.196	272.196
108	272.196	272.196
109	272.196	272.196
110	272.196	272.196
111	271.708	272.195
112	271.708	272.186
113	271.708	271.708
114	269.646	269.646
115	269.646	269.646
116	269.646	269.646
117	269.646	269.646
118	269.646	269.646
119	269.646	269.646
120	269.646	269.646
121	269.646	269.646
122	269.646	269.646
123	269.646	269.646
124	269.646	269.646
125	269.646	269.646
126	269.646	269.646
127	269.646	269.646
128	269.646	269.646
129	269.646	269.646
130	269.646	269.646
131	269.646	269.646
132	269.646	269.646
133	269.646	269.646
134	269.646	269.646
135	269.646	269.646
136	269.646	269.646
137	269.646	269.646
138	269.646	269.646
139	269.646	269.646
140	269.646	269.646
141	269.646	269.646
142	269.646	269.646
143	269.646	269.646
144	269.646	269.646
145	269.646	269.646
146	269.646	269.646
147	269.646	269.646
148	269.646	269.646
149	269.646	269.646
150	269.646	269.646
151	269.646	269.646
152	269.646	269.646
153	269.646	269.646
154	269.646	269.646
155	269.646	269.646
156	269.646	269.646
157	269.646	269.646
158	269.646	269.646
159	269.646	269.646
160	269.646	269.646
161	269.646	269.646
162	269.646	269.646
163	269.646	269.646
164	269.646	269.646
165	269.646	269.646
166	269.646	269.646
167	269.646	269.646
168	269.646	269.646
169	269.646	269.646
170	269.646	269.646
171	269.646	269.646
172	269.646	269.646
173	269.646	269.646
174	269.646	269.646
175	269.646	269.646
176	269.646	269.646
177	269.646	269.646
178	269.646	269.646
179	269.646	269.646
180	269.646	269.646
181	269.646	269.646
182	269.646	269.646
183	269.646	269.646
184	269.646	269.646
185	269.646	269.646
186	269.646	269.646
187	269.646	269.646
188	269.646	269.646
189	269.646	269.646
190	269.646	269.646
191	269.646	269.646
192	269.646	269.646
193	269.646	269.646
194	269.646	269.646
195	269.646	269.646
196	269.646	269.646
197	269.646	269.646
198	269.646	269.646
199	269.646	269.646
200	269.646	269.646
201	269.646	269.646
202	269.646	269.646
203	269.646	269.646
204	269.646	269.646
205	269.646	269.646
206	269.646	269.646
207	269.646	269.646
208	269.646	269.646
209	269.646	269.646
210	269.646	269.646
211	269.646	269.646
212	269.646	269.646
213	269.646	269.646
214	269.646	269.646
215	269.646	269.646
216	269.646	269.646
217	269.646	269.646
218	269.646	269.646
219	269.646	269.646
220	269.646	269.646
221	269.646	269.646
222	269.646	269.646
223	269.646	269.646
224	269.646	269.646
225	269.646	269.646
226	269.646	269.646
227	269.646	269.646
228	269.646	269.646
229	269.646	269.646
230	269.646	269.646
231	269.646	269.646
232	269.646	269.646
233	269.646	269.646
234	269.646	269.646
235	269.646	269.646
236	269.646	269.646
237	269.646	269.646
238	269.646	269.646
239	269.646	269.646
240	269.646	269.646
241	269.646	269.646
242	269.646	269.646
243	269.646	269.646
244	269.646	269.646
245	269.646	269.646
246	269.646	269.646
247	269.646	269.646
248	269.646	269.646
249	269.646	269.646
250	269.646	269.646
251	269.646	269.646
252	269.646	269.646
253	269.646	269.646
254	269.646	269.646
255	269.646	269.646
256	269.646	269.646
257	269.646	269.646
258	269.646	269.646
259	269.646	269.646
260	269.646	269.646
261	269.646	269.646
262	269.646	269.646
263	269.646	269.646
264	269.646	269.646
265	269.646	269.646
266	269.646	269.646
267	269.646	269.646
268	269.646	269.646
269	269.646	269.646
270	269.646	269.646
271	269.646	269.646
272	269.646	269.646
273	269.646	269.646
274	269.646	269.646
275	269.646	269.646
276	269.646	269.646
277	269.646	269.646
278	269.646	269.646
279	269.646	269.646
280	269.646	269.646
281	269.646	269.646
282	269.646	269.646
283	269.646	269.646
284	269.646	269.646
285	269.646	269.646
286	269.646	269.646
287	269.646	269.646
288	269.646	269.646
289	269.646	269.646
290	269.646	269.646
291	269.646	269.646
292	269.646	269.646
293	269.646	269.646
294	269.646	269.646
295	269.646	269.646
296	269.646	269.646
297	269.646	269.646
298	269.646	269.646
299	269.646	269.646
300	269.646	269.646
301	269.646	269.646
302	269.646	269.646
303	269.646	269.646
304	269.646	269.646
305	269.646	269.646
306	269.646	269.646
307	269.646	269.646
308	269.646	269.646
309	269.646	269.646
310	269.646	269.646
311	269.646	269.646
312	269.646	269.646
313	269.646	269.646
314	269.646	269.646
315	269.646	269.646
316	269.646	269.646
317	269.646	269.646
318	269.646	269.646
319	269.646	269.646
320	269.646	269.646
321	269.646	269.646
322	269.646	269.646
323	269.646	269.646
324	269.646	269.646
325	269.646	269.646
326	269.646	269.646
327	269.646	269.646
328	269.646	269.646
329	269.646	269.646
330	269.646	269.646
331	269.646	269.646
332	269.646	269.646
333	269.646	269.646
334	269.646	269.646
335	269.646	269.646
336	269.646	269.646
337	269.646	269.646
338	269.646	269.646
339	269.646	269.646
340	269.646	269.646
341	269.646	269.646
342	269.646	269.646
343	269.646	269.646
344	269.646	269.646
345	269.646	269.646
346	269.646	269.646
347	269.646	269.646
348	269.646	269.646
349	269.646	269.646
350	269.646	269.646
351	269.646	269.646
352	269.646	269.646
353	269.646	269.646
354	269.646	269.646
355	269.646	269.646
356	269.646	269.646
357	269.646	269.646
358	269.646	269.646
359	269.646	269.646
360	269.646	269.646
361	269.646	269.646
362	269.646	269.646
363	269.646	269.646
364	269.646	269.646
365	269.646	269.646
366	269.646	269.646
367	269.646	269.646
368	269.646	269.646
369	269.646	269.646
370	269.646	269.646
371	269.646	269.646
372	269.646	269.646
373	269.646	269.646
374	269.646	269.646
375	269.646	269.646
376	269.646	269.646
377	269.646	269.646
378	269.646	269.646
379	269.646	269.646
380	269.646	269.646
381	269.646	269.646
382	269.646	269.646
383	269.646	269.646
384	269.646	269.646
385	269.646	269.646
386	269.646	269.646
387	269.646	269.646
388	269.646	269.646
389	269.646	269.646
390	269.646	269.646
391	269.646	269.646
392	269.646	269.646
393	269.646	269.646
394	269.646	269.646
395	269.646	269.646
396	269.646	269.646
397	269.646	269.646
398	269.646	269.646
399	269.646	269.646
400	269.646	269.646
401	269.646	269.646
402	269.646	269.646
403	269.646	269.646
404	269.646	269.646
405	269.646	269.646
406	269.646	269.646
407	269.646	269.646
408	269.646	269.646
409	269.646	269.646
410	269.646	269.646
411	269.646	269.646
412	269.646	269.646
413	269.646	269.646
414	269.646	269.646
415	269.646	269.646
416	269.646	269.646
417	269.646	269.646
418	269.646	269.646
419	269.646	269.646
420	269.646	269.646
421	269.646	269.646
422	269.646	269.646
423	269.646	269.646
424	269.646	269.646
425	269.646	269.646
426	269.646	269.646
427	269.646	269.646
428	269.646	269.646
429	269.646	269.646
430	269.646	269.646
431	269.646	269.646
432	269.646	269.646
433	269.646	269.646
434	269.646	269.646
435	269.646	269.646
436	269.646	269.646
437	269.646	269.646
438	269.646	269.646
439	269.646	269.646
440	269.646	269.646
441	269.646	269.646
442	269.646	269.646
443	269.646	269.646
444	269.646	269.646
445	269.646	269.646
446	269.646	269.646
447	269.646	269.646
448	269.646	269.646
449	269.646	269.646
450	269.646	269.646
451	269.646	269.646
452	269.646	269.646
453	269.646	269.646
454	269.646	269.646
455	269.646	269.646
456	269.646	269.646
457	269.646	269.646
458	269.646	269.646
459	269.646	269.646
460	269.646	269.646
461	269.646	269.646
462	269.646	269.646
463	269.646	269.646
464	269.646	269.646
465	269.646	269.646
466	269.646	269.646
467	269.646	269.646
468	269.646	269.646
469	269.646	269.646
470	269.646	269.646
471	269.646	269.646
472	269.646	269.646
473	269.646	269.646
474	269.646	269.646
475	269.646	269.646
476	269.646	269.646
477	269.646	269.646
478	269.646	269.646
479	269.646	269.646
480	269.646	269.646
481	269.646	269.646
482	269.646	269.646
483	269.646	269.646
484	269.646	269.646
485	269.646	269.646
486	269.646	269.646
487	269.646	269.646
488	269.646	269.646
489	269.646	269.646
490	269.646	269.646
491	269.646	269.646
492	269.646	269.646
493	269.646	269.646
494	269.646	269.646
495	269.646	269.646
496	269.646	269.646
497	269.646	269.646
498	269.646	269.646
499	269.646	269.646
500	269.646	269.646
