-0.356627
-0.332088
-0.359351
-0.354427
-0.391059
-0.401015
-0.411207
-0.409545
-0.402625
-0.401614
-0.403735
-0.402052
-0.405471
-0.407386
-0.406375
-0.406115
-0.404592
-0.401545
-0.404027
-0.409871
-0.415894
-0.419162
-0.418868
-0.415066
-0.416873
-0.416428
-0.417303
-0.418739
-0.419009
-0.422641
-0.424506
-0.427687
-0.42576
-0.423221
-0.422114
-0.421363
-0.421379
-0.420434
-0.421838
-0.423042
-0.421867
-0.423076
-0.424902
-0.423062
-0.423901
-0.425468
-0.425465
-0.424195
-0.426507
-0.424212
-0.424273
-0.427591
-0.422984
-0.423428
-0.422653
-0.423046
-0.423801
-0.422941
-0.424316
-0.424157
-0.424529
-0.422995
-0.423267
-0.422503
-0.423036
-0.422758
-0.421575
-0.421224
-0.421794
-0.42305
-0.423017
-0.422524
-0.42345
-0.424111
-0.423906
-0.425942
-0.426035
-0.426533
-0.426059
-0.425219
-0.425823
-0.424643
-0.425086
-0.425776
-0.426055
-0.425164
-0.424881
-0.425589
-0.425896
-0.426929
-0.427782
-0.427709
-0.428132
-0.426977
-0.426718
-0.427869
-0.427367
-0.428014
-0.427016
-0.42764
-0.428707
-0.427313
-0.427968
-0.426708
-0.426997
-0.426895
-0.427585
-0.426748
-0.427466
-0.427667
-0.427378
-0.426404
-0.425961
-0.425384
-0.426408
-0.42643
-0.426487
-0.42628
-0.425717
-0.426401
-0.426222
-0.426264
-0.426916
-0.426999
-0.427213
-0.427289
-0.42661
-0.426417
-0.426698
-0.426796
-0.426529
-0.426862
-0.426877
-0.427307
-0.427151
-0.427332
-0.427381
-0.42707
-0.426781
-0.426584
-0.425824
-0.425716
-0.425984
-0.426516
-0.427056
-0.426273
-0.425837
-0.426986
-0.426871
-0.426325
-0.426913
-0.427236
-0.427449
-0.427758
-0.426722
-0.426955
-0.426468
-0.425699
-0.425194
-0.42465
-0.424027
-0.423796
-0.424258
-0.424525
-0.424307
-0.424013
-0.424563
-0.425105
-0.425614
-0.425513
-0.425037
-0.425006
-0.425369
-0.425093
-0.424947
-0.424456
-0.424197
-0.423985
-0.423978
-0.423276
-0.422976
-0.42301
-0.422597
-0.422609
-0.42222
-0.422124
-0.422009
-0.421603
-0.42178
-0.421498
-0.421405
-0.421381
-0.421029
-0.420778
-0.420879
-0.420578
-0.420823
-0.421372
-0.421181
-0.421253
-0.421601
-0.421635
-0.421503
-0.421234
-0.421673
-0.421625
-0.422087
-0.42195
-0.421566
-0.421426
-0.421163
-0.421228
-0.421007
-0.421165
-0.421656
-0.421515
-0.421198
-0.421554
-0.421003
-0.421115
-0.420672
-0.420694
-0.420911
-0.420763
-0.420999
-0.420929
-0.420731
-0.42061
-0.421086
-0.420885
-0.420426
-0.419788
-0.420175
-0.420173
-0.420108
-0.420044
-0.419621
-0.419746
-0.419745
-0.419957
-0.420016
-0.420443
-0.42002
-0.419743
-0.419942
-0.420256
-0.420857
-0.421049
-0.421062
-0.4211
-0.421247
-0.420725
-0.420244
-0.420533
-0.420464
-0.42031
-0.420176
-0.420145
-0.42032
-0.420263
-0.420691
-0.421078
-0.421038
-0.421058
-0.421111
-0.421356
-0.421161
-0.420949
-0.421094
-0.421222
-0.421239
-0.421486
-0.421696
-0.421373
-0.421361
-0.42149
-0.421788
-0.421879
-0.421954
-0.422148
-0.421912
-0.422397
-0.422247
-0.422078
-0.421809
-0.421939
-0.422216
-0.422527
-0.422807
-0.422708
-0.42239
-0.422586
-0.422741
-0.422969
-0.422785
-0.422856
-0.423088
-0.423573
-0.424039