-0.4706
-0.427959
-0.44813
-0.461306
-0.45802
-0.441567
-0.44506
-0.449391
-0.44492
-0.440461
-0.440665
-0.442224
-0.446012
-0.447679
-0.448775
-0.449901
-0.449815
-0.452655
-0.449812
-0.449799
-0.44851
-0.450875
-0.456674
-0.454639
-0.455918
-0.457956
-0.459451
-0.456966
-0.456875
-0.455031
-0.456071
-0.456464
-0.457897
-0.458726
-0.461528
-0.460891
-0.460961
-0.459312
-0.458778
-0.457312
-0.456535
-0.455084
-0.454587
-0.454515
-0.456568
-0.456354
-0.457726
-0.459398
-0.458336
-0.458837
-0.458722
-0.458829
-0.45796
-0.457267
-0.457789
-0.45755
-0.459716
-0.459032
-0.458587
-0.459776
-0.461161
-0.459773
-0.459103
-0.459567
-0.459229
-0.459018
-0.459745
-0.459488
-0.460581
-0.461351
-0.461414
-0.461213
-0.461147
-0.460325
-0.459421
-0.458926
-0.458671
-0.459001
-0.459825
-0.460655
-0.460875
-0.460178
-0.459318
-0.460689
-0.460156
-0.460188
-0.460046
-0.460853
-0.460935
-0.461207
-0.461156
-0.461379
-0.461473
-0.462036
-0.462513
-0.463607
-0.462985
-0.463425
-0.462918
-0.463072
-0.462543
-0.462618
-0.462352
-0.462679
-0.463129
-0.463265
-0.463349
-0.464833
-0.464689
-0.464211
-0.464259
-0.464562
-0.463805
-0.463106
-0.462936
-0.463259
-0.464012
-0.464756
-0.46414
-0.463257
-0.462436
-0.461967
-0.462191
-0.461906
-0.462391
-0.462341
-0.462394
-0.462647
-0.463378
-0.463881
-0.463395
-0.462877
-0.463227
-0.463721
-0.464101
-0.463923
-0.463927
-0.464665
-0.46469
-0.464377
-0.46478
-0.464882
-0.464642
-0.464179
-0.464091
-0.463963
-0.46387
-0.463361
-0.463435
-0.462925
-0.46302
-0.4626
-0.46269
-0.46283
-0.463073
-0.463344
-0.463902
-0.463991
-0.464637
-0.464653
-0.464911
-0.464862
-0.464661
-0.464771
-0.46433
-0.463885
-0.464028
-0.464131
-0.464109
-0.463708
-0.463698
-0.463629
-0.463908
-0.463838
-0.464117
-0.464086
-0.463823
-0.463999
-0.464587
-0.464724
-0.46483
-0.464725
-0.465185
-0.465035
-0.464612
-0.464564
-0.464975
-0.465694
-0.465731
-0.466068
-0.466857
-0.466157
-0.466038
-0.466257
-0.465634
-0.465694
-0.465723
-0.465195
-0.465376
-0.465402
-0.465473
-0.46525
-0.464946
-0.46526
-0.465171
-0.465556
-0.465876
-0.466084
-0.466004
-0.465819
-0.465363
-0.465262
-0.465167
-0.465043
-0.465462
-0.465175
-0.4653
-0.464719
-0.464826
-0.46563
-0.465832
-0.465668
-0.465386
-0.465122
-0.464893
-0.465274
-0.465093
-0.464848
-0.464908
-0.46513
-0.46522
-0.464899
-0.464447
-0.464475
-0.464389
-0.46422
-0.464466
-0.464218
-0.464284
-0.464188
-0.464578
-0.464569
-0.464653
-0.464636
-0.464608
-0.464815
-0.464575
-0.464613
-0.464671
-0.464545
-0.464558
-0.464544
-0.46486
-0.464766
-0.465153
-0.464955
-0.464691
-0.464898
-0.465193
-0.46495
-0.464837
-0.465048
-0.464901
-0.46509
-0.465458
-0.465797
-0.465631
-0.465195
-0.465168
-0.465734
-0.465673
-0.465499
-0.465199
-0.465261
-0.465189
-0.465027
-0.465087
-0.465312
-0.46515
-0.464896
-0.465162
-0.465062
-0.465217
-0.465063
-0.465065
-0.465059
-0.465391
-0.465532
-0.465574
-0.465461
-0.465493
-0.465669
-0.465637
-0.465535
-0.465455
-0.465561
-0.465356
-0.465442
-0.46548