-0.486485
-0.454715
-0.342676
-0.508644
-0.514009
-0.44159
-0.342852
-0.469512
-0.484039
-0.404674
-0.395877
-0.442913
-0.460927
-0.495261
-0.471013
-0.465217
-0.467919
-0.448344
-0.503776
-0.395798
-0.449533
-0.42145
-0.502892
-0.59006
-0.405811
-0.487874
-0.510941
-0.499815
-0.387402
-0.454228
-0.399718
-0.488303
-0.469054
-0.505172
-0.486906
-0.559603
-0.43797
-0.463538
-0.396645
-0.437956
-0.398686
-0.424663
-0.394141
-0.433243
-0.451346
-0.548916
-0.446513
-0.522217
-0.539641
-0.406338
-0.483869
-0.452879
-0.464389
-0.411913
-0.419827
-0.486493
-0.444185
-0.583164
-0.419378
-0.43233
-0.531074
-0.545673
-0.373707
-0.416869
-0.48928
-0.437291
-0.445075
-0.508468
-0.442025
-0.535993
-0.515222
-0.465917
-0.446731
-0.456314
-0.399501
-0.391623
-0.421261
-0.439109
-0.484694
-0.524949
-0.527032
-0.478715
-0.403039
-0.387907
-0.575846
-0.414816
-0.463025
-0.447642
-0.531902
-0.46819
-0.485704
-0.456561
-0.481862
-0.470172
-0.515029
-0.507796
-0.568632
-0.402689
-0.506481
-0.412765
-0.478401
-0.409182
-0.470276
-0.43497
-0.496653
-0.510331
-0.477692
-0.472325
-0.625097
-0.449034
-0.411603
-0.469612
-0.498547
-0.378271
-0.383337
-0.443456
-0.500696
-0.552161
-0.552514
-0.390768
-0.357403
-0.363075
-0.404686
-0.489726
-0.426577
-0.523001
-0.45611
-0.469146
-0.494952
-0.557771
-0.529154
-0.399805
-0.394429
-0.509876
-0.529862
-0.515474
-0.439606
-0.464575
-0.56648
-0.468096
-0.42063
-0.521627
-0.479388
-0.430284
-0.397419
-0.451438
-0.445186
-0.450211
-0.387995
-0.474531
-0.386387
-0.477465
-0.398696
-0.476427
-0.484344
-0.500781
-0.505584
-0.551523
-0.478175
-0.567202
-0.467355
-0.506324
-0.457014
-0.431887
-0.482849
-0.391456
-0.390008
-0.487951
-0.481444
-0.460408
-0.395605
-0.461963
-0.451726
-0.512091
-0.451654
-0.512944
-0.458766
-0.417159
-0.495417
-0.56975
-0.48947
-0.483906
-0.445669
-0.549332
-0.437516
-0.386356
-0.455611
-0.541784
-0.600935
-0.472763
-0.530084
-0.617523
-0.331688
-0.443132
-0.508703
-0.344102
-0.477577
-0.471337
-0.360608
-0.501533
-0.470632
-0.479608
-0.420255
-0.403203
-0.529396
-0.446824
-0.544878
-0.53219
-0.509426
-0.449224
-0.426971
-0.369083
-0.443834
-0.444953
-0.438503
-0.555555
-0.403146
-0.49248
-0.338045
-0.488223
-0.642514
-0.510573
-0.42911
-0.402604
-0.405909
-0.413506
-0.551216
-0.424067
-0.409099
-0.478654
-0.516094
-0.486107
-0.390415
-0.358957
-0.47115
-0.444267
-0.424177
-0.522759
-0.405207
-0.480167
-0.4411
-0.558445
-0.462413
-0.485245
-0.460292
-0.457858
-0.515611
-0.4053
-0.47418
-0.479039
-0.43302
-0.467861
-0.460932
-0.544902
-0.440968
-0.563672
-0.41444
-0.39689
-0.518272
-0.541641
-0.401752
-0.435322
-0.520266
-0.426126
-0.515052
-0.563077
-0.555914
-0.421164
-0.348428
-0.457942
-0.618436
-0.44915
-0.418402
-0.383149
-0.482389
-0.445301
-0.420284
-0.481694
-0.527887
-0.419857
-0.394
-0.539749
-0.436926
-0.508977
-0.421472
-0.465459
-0.463385
-0.560619
-0.506169
-0.477682
-0.432793
-0.474842
-0.517117
-0.456188
-0.435613
-0.441898
-0.496933
-0.404359
-0.491111
-0.476795