-0.367944
-0.34531
-0.283009
-0.441142
-0.334731
-0.574219
-0.460746
-0.482557
-0.396243
-0.340346
-0.391507
-0.427061
-0.381859
-0.449922
-0.4342
-0.391195
-0.401957
-0.378708
-0.346697
-0.45118
-0.526756
-0.542369
-0.491074
-0.41211
-0.323798
-0.462064
-0.404861
-0.440907
-0.458958
-0.426833
-0.531613
-0.482303
-0.52948
-0.362162
-0.3369
-0.383395
-0.394292
-0.421999
-0.384504
-0.476607
-0.471213
-0.373699
-0.473851
-0.503417
-0.342066
-0.461698
-0.497546
-0.425322
-0.363218
-0.539815
-0.309442
-0.427364
-0.600134
-0.178834
-0.447422
-0.380015
-0.445036
-0.466855
-0.373035
-0.505466
-0.41462
-0.447201
-0.327863
-0.440454
-0.373583
-0.457706
-0.404377
-0.342336
-0.397322
-0.461159
-0.510949
-0.420715
-0.386961
-0.491103
-0.472988
-0.408556
-0.580655
-0.433229
-0.465384
-0.388595
-0.358003
-0.474726
-0.327907
-0.461858
-0.483705
-0.449828
-0.348487
-0.400275
-0.487902
-0.453226
-0.519915
-0.505364
-0.421057
-0.467384
-0.318447
-0.402099
-0.538391
-0.378708
-0.491346
-0.328276
-0.490017
-0.536509
-0.285097
-0.495406
-0.295654
-0.457394
-0.41605
-0.501411
-0.336365
-0.505777
-0.449741
-0.395323
-0.317288
-0.375933
-0.35953
-0.544193
-0.428999
-0.433202
-0.401786
-0.358711
-0.508486
-0.404623
-0.431288
-0.50712
-0.43736
-0.453963
-0.43685
-0.340332
-0.401723
-0.462934
-0.439639
-0.391531
-0.470782
-0.428863
-0.484882
-0.406205
-0.451946
-0.434091
-0.384143
-0.386556
-0.399012
-0.31865
-0.41039
-0.464269
-0.503193
-0.505314
-0.312038
-0.361701
-0.597077
-0.409665
-0.344373
-0.515798
-0.476294
-0.459998
-0.475333
-0.266259
-0.463238
-0.350046
-0.304192
-0.34492
-0.33753
-0.323773
-0.386301
-0.499615
-0.468372
-0.38836
-0.375066
-0.516444
-0.516248
-0.511546
-0.408339
-0.343608
-0.41983
-0.488057
-0.377111
-0.399454
-0.337964
-0.378364
-0.3862
-0.422855
-0.296848
-0.368742
-0.429137
-0.346984
-0.424882
-0.35015
-0.404241
-0.4005
-0.345283
-0.455306
-0.367824
-0.403712
-0.416782
-0.353048
-0.372176
-0.4406
-0.361513
-0.469112
-0.530035
-0.383133
-0.435643
-0.491697
-0.428517
-0.394625
-0.366341
-0.511774
-0.411633
-0.517723
-0.393473
-0.341276
-0.392058
-0.3656
-0.435084
-0.373888
-0.455096
-0.527109
-0.391008
-0.352491
-0.499191
-0.300261
-0.445887
-0.322737
-0.425613
-0.469147
-0.387743
-0.47409
-0.405092
-0.375769
-0.393049
-0.530034
-0.37462
-0.314423
-0.271862
-0.510243
-0.419728
-0.404879
-0.404909
-0.319392
-0.449423
-0.4195
-0.470898
-0.434329
-0.523557
-0.317231
-0.352295
-0.468762
-0.497448
-0.56933
-0.468634
-0.424291
-0.430567
-0.458088
-0.28934
-0.29845
-0.494028
-0.402896
-0.380804
-0.38573
-0.412022
-0.46564
-0.405481
-0.532416
-0.522521
-0.410435
-0.426477
-0.435197
-0.486396
-0.369246
-0.364039
-0.460027
-0.45592
-0.425842
-0.48853
-0.479139
-0.332849
-0.418056
-0.45697
-0.504442
-0.447222
-0.442676
-0.476698
-0.355425
-0.559143
-0.379835
-0.374096
-0.345278
-0.459137
-0.501569
-0.512034
-0.503737
-0.393957
-0.329906
-0.479844
-0.468319
-0.489856
-0.368658
-0.443642
-0.492137
-0.567983
-0.563565