0.0113173
0.0253943
0.0326456
0.0257621
0.0422416
0.0370627
0.0336768
0.0297467
0.0274914
0.0248874
0.0228178
0.0210566
0.0197922
0.0185248
0.0173579
0.016307
0.0154496
0.0149282
0.0143779
0.0148725
0.0154063
0.0150798
0.0144408
0.0143637
0.013918
0.0134
0.0129422
0.0125702
0.012147
0.0122973
0.0120519
0.0121064
0.011902
0.0118325
0.0115522
0.0112608
0.0109605
0.0107175
0.0105401
0.0103502
0.0101688
0.0100028
0.00994196
0.00989132
0.00971029
0.00962978
0.00942703
0.00931962
0.00941957
0.00951407
0.00932951
0.00973475
0.0106055
0.0104204
0.0102619
0.0100879
0.0099412
0.00980906
0.00974177
0.00958206
0.00943357
0.00940858
0.00926442
0.00915275
0.00902878
0.00889736
0.00884496
0.00872292
0.00861631
0.0085864
0.00846637
0.00836418
0.00830226
0.00821741
0.00811115
0.0082599
0.00815385
0.00806537
0.00797802
0.00792358
0.00784961
0.00784368
0.0077624
0.00770147
0.00761653
0.00758108
0.00749977
0.00744876
0.00737193
0.00736332
0.00733257
0.00725366
0.00718848
0.00720551
0.00713477
0.00715407
0.00709844
0.00705603
0.00705596
0.00701355
0.00702599
0.00709577
0.00705765
0.00710279
0.00704141
0.00697605
0.00694551
0.00693219
0.00690635
0.00684679
0.00679153
0.0068013
0.00675589
0.00672176
0.00674181
0.00668398
0.00662734
0.00657469
0.00654394
0.00652559
0.00647434
0.00642162
0.00640291
0.00635203
0.00630505
0.00625567
0.00624367
0.00619808
0.00615663
0.00611025
0.00606967
0.00603304
0.00598787
0.00595886
0.00591692
0.00587636
0.00583382
0.00580005
0.00576574
0.00572809
0.00573817
0.00569893
0.00566554
0.00565147
0.00563852
0.00565443
0.00563301
0.00571189
0.00567486
0.00566357
0.00565689
0.00562906
0.00559643
0.00556879
0.00562899
0.00559786
0.00558357
0.00560139
0.00558912
0.00558092
0.00558121
0.00555169
0.00553707
0.0055099
0.00548094
0.00545599
0.00545125
0.00544599
0.00543769
0.00540674
0.00539626
0.00536506
0.00534643
0.00532294
0.00529462
0.00528751
0.00526409
0.0052389
0.00520972
0.00522825
0.00520807
0.00517964
0.00516796
0.00513996
0.00512708
0.00510049
0.00507459
0.00506397
0.00504037
0.00502186
0.0049965
0.0049706
0.00495744
0.00493831
0.00491409
0.00489836
0.00487972
0.00488605
0.00486532
0.00484159
0.00483017
0.00480644
0.00478465
0.00476885
0.00476595
0.00474312
0.00474282
0.00472206
0.00471519
0.00469488
0.00468009
0.00465853
0.00464198
0.00462306
0.00462767
0.00460846
0.00459819
0.00459098
0.0046032
0.0045837
0.00458448
0.00456393
0.00454865
0.00453079
0.00451686
0.00449747
0.00448208
0.0044641
0.00447004
0.00445519
0.00445962
0.00448598
0.00448346
0.00446434
0.00444586
0.00442753
0.00442912
0.00441231
0.00439389
0.00438076
0.00436303
0.00436588
0.00436848
0.00435938
0.00434619
0.00433992
0.00436398
0.00435066
0.00433324
0.0043161
0.00430145
0.00431602
0.00432586
0.00431857
0.00430222
0.00428822
0.00427367
0.00425726
0.00424446
0.00422855
0.00423407
0.00423567
0.00421979
0.00420389
0.00418839
0.00417983
0.00416874
0.00415864
0.00414574
0.00413241
0.00411723
0.00410952
0.00409989
0.00409771
0.00408286
0.00407012
0.00406642
0.00405284
0.00403902
0.00402934
0.00402199
0.00403698
0.00402553
0.00401494
0.00400988
0.003998
0.00399367
0.00399195
0.003988
0.00397551
0.0039746
0.00396586
0.00395541
0.00394854
0.00393945
0.00392679
0.00392049
0.00393729
0.0039518