0.0158853
0.0436165
0.0368521
0.0314396
0.0258798
0.0273694
0.0239586
0.0215688
0.0198032
0.0184592
0.0168521
0.0155798
0.0149133
0.0139832
0.013126
0.012381
0.0116733
0.0114012
0.0111835
0.0106376
0.0102241
0.0100515
0.011236
0.0109675
0.0106145
0.0104151
0.010147
0.0101011
0.00975905
0.00961739
0.00936986
0.00909001
0.00893421
0.0087147
0.0089207
0.00869958
0.00846783
0.0084111
0.0082155
0.00814556
0.00798717
0.00793304
0.00776652
0.00759232
0.0077038
0.00754114
0.0075088
0.00754158
0.00746502
0.00733429
0.00719278
0.00705657
0.00697895
0.00688588
0.00678191
0.00666614
0.00689896
0.0068154
0.00671561
0.00671065
0.00674534
0.00678101
0.0067078
0.0066201
0.00652775
0.00643305
0.00637933
0.00629144
0.00629649
0.0062547
0.00616754
0.00608579
0.00600335
0.00597953
0.00596917
0.00591195
0.00584119
0.00577618
0.00576278
0.00575136
0.00568505
0.0056592
0.00565723
0.00575592
0.00571355
0.0056476
0.00558487
0.00558047
0.00551872
0.00546452
0.00540504
0.00535124
0.00529483
0.00526904
0.00523561
0.00529559
0.00527801
0.00524287
0.00521484
0.00516522
0.00514155
0.00509194
0.00504974
0.00501208
0.00498488
0.00493995
0.00489471
0.00507155
0.00502729
0.0050047
0.00496004
0.00492531
0.00494025
0.00494684
0.00490693
0.00487551
0.00489237
0.00490776
0.00490559
0.00494421
0.0049718
0.00495351
0.0049185
0.00488731
0.00487255
0.00483428
0.00479666
0.00476602
0.00478549
0.00477529
0.00476377
0.00475617
0.00473355
0.00472422
0.00470476
0.00467372
0.00463973
0.00466494
0.00463157
0.0046092
0.00459435
0.00456326
0.00453782
0.0045302
0.00449991
0.00447105
0.00444171
0.00444109
0.00441201
0.00441229
0.00438421
0.00437571
0.00434813
0.00432224
0.00430133
0.00428242
0.00429167
0.00426554
0.0042876
0.00426092
0.00424234
0.00421651
0.00419554
0.00417149
0.00416974
0.00416852
0.00414611
0.00412279
0.00409853
0.00409414
0.00407028
0.00404727
0.00403357
0.00401107
0.00399796
0.00397542
0.00396181
0.00394357
0.00396536
0.00394579
0.00392546
0.00390536
0.0039112
0.00389287
0.00389492
0.00387434
0.0038755
0.00392149
0.00390097
0.00389509
0.00395423
0.00399555
0.00397667
0.00396227
0.00399097
0.00397112
0.00395112
0.00396654
0.00395084
0.00393122
0.00391234
0.00389939
0.00389213
0.00388584
0.00386796
0.00386844
0.00386311
0.00385022
0.00383268
0.00381896
0.0038282
0.00381152
0.00379485
0.0037792
0.00378493
0.00377838
0.00376309
0.00379067
0.00377491
0.00384284
0.00383085
0.00381718
0.00381052
0.00380274
0.00379276
0.00379512
0.00378275
0.00377413
0.00375816
0.00374841
0.00373332
0.0037311
0.0037426
0.00372675
0.00371192
0.00370011
0.00369273
0.0036856
0.00367081
0.00365682
0.00366244
0.00364735
0.00363336
0.00361854
0.00360391
0.00359522
0.00358873
0.0035745
0.00356064
0.00354866
0.00353458
0.00352061
0.00352096
0.00350838
0.00351594
0.00350779
0.00350411
0.00349668
0.00349569
0.00349074
0.00347923
0.00347238
0.00346234
0.00345444
0.00346109
0.0034647
0.00345577
0.00347036
0.00345758
0.00349092
0.0034786
0.00347015
0.0034705
0.00345843
0.00344663
0.00343799
0.00342613
0.00342124
0.00341286
0.0034101
0.00340834
0.00339774
0.00338929
0.00338086
0.00336902
0.00335726
0.003362
0.00335332
0.003342
0.0033324
0.00332112
0.00331445
0.00330332
0.00329367
0.0032835
0.00327414
0.00326959
0.00325977
0.00324911