           1        1.55        1.55           0
           2        1.55        1.55           0
           3        1.55        1.55           0
           4        1.55        1.55           0
           5        1.55        1.55           0
           6        1.55        1.55           0
           7        1.55        1.55 7.96501e-09
           8        1.55        1.55 7.45058e-09
           9        1.55        1.55 7.02447e-09
          10        1.55        1.55   6.664e-09
          11        1.55        1.55 1.10052e-08
          12        1.55        1.55 1.05367e-08
          13        1.55        1.55 1.01233e-08
          14        1.55        1.55  9.7551e-09
          15        1.55        1.55 7.69493e-09
          16        1.55        1.55 7.45058e-09
          17        1.55        1.55 7.22812e-09
          18        1.55        1.55 4.96705e-09
          19        1.55        1.55 4.83458e-09
          20        1.55        1.55 4.71216e-09
          21        1.55        1.55  4.5986e-09
          22        1.55        1.55           0
          23        1.55        1.55 6.21421e-09
          24        1.55        1.55 7.45058e-09
          25        1.55        1.55 7.30005e-09
          26        1.55        1.55 9.24131e-09
          27        1.55        1.55 9.06856e-09
          28        1.55        1.55 1.05367e-08
          29        1.55        1.55 1.03535e-08
          30        1.55        1.55 1.01794e-08
          31        1.55        1.55 1.13547e-08
          32        1.55        1.55 1.11759e-08
          33        1.55        1.55 1.10052e-08
          34        1.55        1.55 1.19865e-08
          35        1.55        1.55  1.1814e-08
          36        1.55        1.55 1.16488e-08
          37        1.55        1.55 1.14903e-08
          38        1.55        1.55 1.18422e-08
          39        1.55        1.55 1.21667e-08
          40        1.55        1.55 1.20137e-08
          41        1.55        1.55 1.18663e-08
          42        1.55        1.55 1.17242e-08
          43        1.55        1.55 1.24465e-08
          44        1.55        1.55 1.23042e-08
          45        1.55        1.55 1.21667e-08
          46        1.55        1.55 1.20338e-08
          47        1.55        1.55 1.19051e-08
          48        1.55        1.55 1.17804e-08
          49        1.55        1.55 1.16596e-08
          50        1.55        1.55 1.19209e-08
          51        1.55        1.55 1.18035e-08
          52        1.55        1.55 1.16894e-08
          53        1.55        1.55 1.15786e-08
          54        1.55        1.55 1.14709e-08
          55        1.55        1.55 1.13662e-08
          56        1.55        1.55 1.12642e-08
          57        1.55        1.55  1.1165e-08
          58        1.55        1.55 1.10683e-08
          59        1.55        1.55 1.16398e-08
          60        1.55        1.55 1.15424e-08
          61        1.55        1.55 1.14474e-08
          62        1.55        1.55 1.13547e-08
          63        1.55        1.55 1.12642e-08
          64        1.55        1.55 1.11759e-08
          65        1.55        1.55 1.10896e-08
          66        1.55        1.55 1.10052e-08
          67        1.55        1.55 1.09228e-08
          68        1.55        1.55 1.08422e-08
          69        1.55        1.55 1.07633e-08
          70        1.55        1.55 1.06862e-08
          71        1.55        1.55 1.06107e-08
          72        1.55        1.55 1.08254e-08
          73        1.55        1.55  1.0751e-08
          74        1.55        1.55 1.06782e-08
          75        1.55        1.55 1.06067e-08
          76        1.55        1.55 1.05367e-08
          77        1.55        1.55 1.04681e-08
          78        1.55        1.55 1.04007e-08
          79        1.55        1.55 1.03347e-08
          80        1.55        1.55 1.02699e-08
          81        1.55        1.55 1.02063e-08
          82        1.55        1.55 1.01439e-08
          83        1.55        1.55 1.00826e-08
          84        1.55        1.55  9.7551e-09
          85        1.55        1.55 9.69755e-09
          86        1.55        1.55 9.36937e-09
          87        1.55        1.55 9.03723e-09
          88        1.55        1.55 8.98574e-09
          89        1.55        1.55 8.35803e-09
          90        1.55        1.55 8.00913e-09
          91        1.55        1.55 7.96501e-09
          92        1.55        1.55 7.28681e-09
          93        1.55        1.55 7.24753e-09
          94        1.55        1.55 6.52067e-09
          95        1.55        1.55 6.48626e-09
          96        1.55        1.55 6.08337e-09
          97        1.55        1.55 5.24113e-09
          98        1.55        1.55 5.21432e-09
          99        1.55        1.55  4.7359e-09
         100        1.55        1.55 4.71216e-09
         101        1.55        1.55 3.63191e-09
         102        1.55        1.55 3.61406e-09
         103        1.55        1.55 2.93651e-09
         104        1.55        1.55 2.92236e-09
         105        1.55        1.55 2.90841e-09
         106        1.55        1.55           0
         107        1.55        1.55 2.03724e-09
         108        1.55        1.55 2.86773e-09
         109        1.55        1.55 3.49609e-09
         110        1.55        1.55 4.49287e-09
         111        1.55        1.55 4.89947e-09
         112        1.55        1.55 5.26836e-09
         113        1.55        1.55 5.60713e-09
         114        1.55        1.55 5.92112e-09
         115        1.55        1.55 6.51752e-09
         116        1.55        1.55 6.77792e-09
         117        1.55        1.55  6.7489e-09
         118        1.55        1.55 7.51346e-09
         119        1.55        1.55 7.48182e-09
         120        1.55        1.55 7.69493e-09
         121        1.55        1.55  7.8989e-09
         122        1.55        1.55 7.86647e-09
         123        1.55        1.55 8.06155e-09
         124        1.55        1.55 8.46329e-09
         125        1.55        1.55 8.63753e-09
         126        1.55        1.55 8.60319e-09
         127        1.55        1.55 8.96803e-09
         128        1.55        1.55 8.93293e-09
         129        1.55        1.55 8.89824e-09
         130        1.55        1.55 9.42432e-09
         131        1.55        1.55 9.38828e-09
         132        1.55        1.55 9.53081e-09
         133        1.55        1.55 9.49492e-09
         134        1.55        1.55   9.633e-09
         135        1.55        1.55 9.76714e-09
         136        1.55        1.55 9.73116e-09
         137        1.55        1.55 1.00243e-08
         138        1.55        1.55 1.01478e-08
         139        1.55        1.55 1.01112e-08
         140        1.55        1.55  1.0075e-08
         141        1.55        1.55 1.03482e-08
         142        1.55        1.55 1.03117e-08
         143        1.55        1.55 1.02756e-08
         144        1.55        1.55 1.03893e-08
         145        1.55        1.55 1.06452e-08
         146        1.55        1.55 1.06086e-08
         147        1.55        1.55 1.07144e-08
         148        1.55        1.55 1.06782e-08
         149        1.55        1.55 1.06423e-08
         150        1.55        1.55 1.10175e-08
         151        1.55        1.55 1.09809e-08
         152        1.55        1.55 1.09447e-08
         153        1.55        1.55 1.09089e-08
         154        1.55        1.55 1.11355e-08
         155        1.55        1.55 1.10995e-08
         156        1.55        1.55 1.10639e-08
         157        1.55        1.55 1.11561e-08
         158        1.55        1.55 1.11207e-08
         159        1.55        1.55 1.13348e-08
         160        1.55        1.55 1.12994e-08
         161        1.55        1.55  1.1386e-08
         162        1.55        1.55 1.13508e-08
         163        1.55        1.55 1.13159e-08
         164        1.55        1.55 1.14008e-08
         165        1.55        1.55 1.14839e-08
         166        1.55        1.55 1.13319e-08
         167        1.55        1.55 1.12979e-08
         168        1.55        1.55 1.13809e-08
         169        1.55        1.55 1.14624e-08
         170        1.55        1.55 1.14287e-08
         171        1.55        1.55 1.13952e-08
         172        1.55        1.55  1.1362e-08
         173        1.55        1.55 1.14419e-08
         174        1.55        1.55 1.16305e-08
         175        1.55        1.55 1.15972e-08
         176        1.55        1.55 1.15642e-08
         177        1.55        1.55 1.15315e-08
         178        1.55        1.55 1.16071e-08
         179        1.55        1.55 1.15746e-08
         180        1.55        1.55 1.16488e-08
         181        1.55        1.55 1.16166e-08
         182        1.55        1.55 1.15846e-08
         183        1.55        1.55 1.16575e-08
         184        1.55        1.55 1.16257e-08
         185        1.55        1.55 1.15943e-08
         186        1.55        1.55 1.15631e-08
         187        1.55        1.55 1.17362e-08
         188        1.55        1.55 1.18054e-08
         189        1.55        1.55 1.17742e-08
         190        1.55        1.55 1.17431e-08
         191        1.55        1.55 1.17124e-08
         192        1.55        1.55 1.16818e-08
         193        1.55        1.55 1.17498e-08
         194        1.55        1.55 1.18168e-08
         195        1.55        1.55 1.17864e-08
         196        1.55        1.55 1.17563e-08
         197        1.55        1.55 1.17265e-08
         198        1.55        1.55 1.16968e-08
         199        1.55        1.55 1.17626e-08
         200        1.55        1.55 1.17332e-08
         201        1.55        1.55 1.18912e-08
         202        1.55        1.55 1.18618e-08
         203        1.55        1.55 1.18325e-08
         204        1.55        1.55 1.18035e-08
         205        1.55        1.55 1.18663e-08
         206        1.55        1.55 1.18375e-08
         207        1.55        1.55 1.18088e-08
         208        1.55        1.55 1.17804e-08
         209        1.55        1.55 1.18422e-08
         210        1.55        1.55  1.1814e-08
         211        1.55        1.55  1.1786e-08
         212        1.55        1.55 1.18469e-08
         213        1.55        1.55 1.18191e-08
         214        1.55        1.55 1.17914e-08
         215        1.55        1.55 1.16758e-08
         216        1.55        1.55 1.16488e-08
         217        1.55        1.55 1.16219e-08
         218        1.55        1.55 1.16827e-08
         219        1.55        1.55  1.1656e-08
         220        1.55        1.55 1.15424e-08
         221        1.55        1.55 1.15162e-08
         222        1.55        1.55 1.14029e-08
         223        1.55        1.55 1.13773e-08
         224        1.55        1.55 1.13519e-08
         225        1.55        1.55 1.12392e-08
         226        1.55        1.55 1.12143e-08
         227        1.55        1.55 1.11018e-08
         228        1.55        1.55 1.12519e-08
         229        1.55        1.55 1.12273e-08
         230        1.55        1.55 1.11163e-08
         231        1.55        1.55 1.10922e-08
         232        1.55        1.55 1.09815e-08
         233        1.55        1.55 1.09579e-08
         234        1.55        1.55 1.09345e-08
         235        1.55        1.55 1.08242e-08
         236        1.55        1.55 1.08013e-08
         237        1.55        1.55 1.06912e-08
         238        1.55        1.55 1.06687e-08
         239        1.55        1.55 1.07333e-08
         240        1.55        1.55 1.06242e-08
         241        1.55        1.55 1.06021e-08
         242        1.55        1.55 1.05802e-08
         243        1.55        1.55 1.04715e-08
         244        1.55        1.55   1.045e-08
         245        1.55        1.55 1.04286e-08
         246        1.55        1.55 1.03203e-08
         247        1.55        1.55 1.02994e-08
         248        1.55        1.55 1.02786e-08
         249        1.55        1.55 1.01707e-08
         250        1.55        1.55 1.03238e-08
         251        1.55        1.55 1.03032e-08
         252        1.55        1.55 1.01967e-08
         253        1.55        1.55 1.01766e-08
         254        1.55        1.55 1.01565e-08
         255        1.55        1.55 1.00503e-08
         256        1.55        1.55 1.00307e-08
         257        1.55        1.55 1.00111e-08
         258        1.55        1.55 9.90519e-09
         259        1.55        1.55 9.88605e-09
         260        1.55        1.55 9.86702e-09
         261        1.55        1.55 9.76133e-09
         262        1.55        1.55 9.74268e-09
         263        1.55        1.55 9.81058e-09
         264        1.55        1.55 9.79198e-09
         265        1.55        1.55 9.68738e-09
         266        1.55        1.55 9.66915e-09
         267        1.55        1.55 9.65103e-09
         268        1.55        1.55 9.54661e-09
         269        1.55        1.55 9.52885e-09
         270        1.55        1.55 9.51118e-09
         271        1.55        1.55 9.49362e-09
         272        1.55        1.55 9.38961e-09
         273        1.55        1.55  9.3724e-09
         274        1.55        1.55 9.35528e-09
         275        1.55        1.55 9.25138e-09
         276        1.55        1.55 9.23461e-09
         277        1.55        1.55 9.39024e-09
         278        1.55        1.55 9.37333e-09
         279        1.55        1.55 9.27107e-09
         280        1.55        1.55  9.2545e-09
         281        1.55        1.55 9.23802e-09
         282        1.55        1.55 9.22162e-09
         283        1.55        1.55 9.11968e-09
         284        1.55        1.55 9.10361e-09
         285        1.55        1.55 9.08763e-09
         286        1.55        1.55 9.07173e-09
         287        1.55        1.55 8.97007e-09
         288        1.55        1.55 8.95448e-09
         289        1.55        1.55 8.93898e-09
         290        1.55        1.55 8.92355e-09
         291        1.55        1.55 8.82214e-09
         292        1.55        1.55 8.80702e-09
         293        1.55        1.55 8.87775e-09
         294        1.55        1.55 8.86264e-09
         295        1.55        1.55 8.76212e-09
         296        1.55        1.55 8.74731e-09
         297        1.55        1.55 8.73257e-09
         298        1.55        1.55  8.7179e-09
         299        1.55        1.55 8.61756e-09
         300        1.55        1.55 8.60319e-09
         301        1.55        1.55 8.58889e-09
         302        1.55        1.55 8.57465e-09
         303        1.55        1.55 8.47446e-09
         304        1.55        1.55 8.46051e-09
         305        1.55        1.55 8.44663e-09
         306        1.55        1.55 8.43281e-09
         307        1.55        1.55 8.41907e-09
         308        1.55        1.55 8.31918e-09
         309        1.55        1.55  8.3057e-09
         310        1.55        1.55  8.2923e-09
         311        1.55        1.55 8.44967e-09
         312        1.55        1.55 8.35133e-09
         313        1.55        1.55 8.33798e-09
         314        1.55        1.55 8.32469e-09
         315        1.55        1.55 8.31147e-09
         316        1.55        1.55 8.29831e-09
         317        1.55        1.55 8.20023e-09
         318        1.55        1.55 8.18733e-09
         319        1.55        1.55 8.17448e-09
         320        1.55        1.55  8.1617e-09
         321        1.55        1.55 8.14898e-09
         322        1.55        1.55 8.05112e-09
         323        1.55        1.55 8.03864e-09
         324        1.55        1.55 8.02623e-09
         325        1.55        1.55 8.01387e-09
         326        1.55        1.55 8.00157e-09
         327        1.55        1.55 7.90388e-09
         328        1.55        1.55 7.89182e-09
         329        1.55        1.55 7.87982e-09
         330        1.55        1.55 7.86787e-09
         331        1.55        1.55 7.85597e-09
         332        1.55        1.55 7.58403e-09
         333        1.55        1.55 7.48407e-09
         334        1.55        1.55 7.47285e-09
         335        1.55        1.55 7.28187e-09
         336        1.55        1.55 7.17956e-09
         337        1.55        1.55 6.98266e-09
         338        1.55        1.55 6.87746e-09
         339        1.55        1.55 6.77126e-09
         340        1.55        1.55 6.56527e-09
         341        1.55        1.55 6.55564e-09
         342        1.55        1.55 6.34458e-09
         343        1.55        1.55 6.12755e-09
         344        1.55        1.55 6.11864e-09
         345        1.55        1.55 5.89532e-09
         346        1.55        1.55 5.77675e-09
         347        1.55        1.55 5.76842e-09
         348        1.55        1.55 5.53415e-09
         349        1.55        1.55 5.29095e-09
         350        1.55        1.55 5.28339e-09
         351        1.55        1.55 5.03033e-09
         352        1.55        1.55 4.89599e-09
         353        1.55        1.55 4.88905e-09
         354        1.55        1.55 4.61804e-09
         355        1.55        1.55 4.47384e-09
         356        1.55        1.55 4.32569e-09
         357        1.55        1.55 4.02136e-09
         358        1.55        1.55 4.01574e-09
         359        1.55        1.55 3.68879e-09
         360        1.55        1.55 3.51224e-09
         361        1.55        1.55 3.32738e-09
         362        1.55        1.55 2.93042e-09
         363        1.55        1.55 2.92638e-09
         364        1.55        1.55 2.70558e-09
         365        1.55        1.55 2.20607e-09
         366        1.55        1.55 2.20305e-09
         367        1.55        1.55  1.9053e-09
         368        1.55        1.55 1.55355e-09
         369        1.55        1.55           0
         370        1.55        1.55 1.09556e-09
         371        1.55        1.55 1.09408e-09
         372        1.55        1.55 1.89245e-09
         373        1.55        1.55 1.88991e-09
         374        1.55        1.55 2.66916e-09
         375        1.55        1.55  2.6656e-09
         376        1.55        1.55 2.87535e-09
         377        1.55        1.55 2.87153e-09
         378        1.55        1.55  3.2517e-09
         379        1.55        1.55 3.42307e-09
         380        1.55        1.55 3.41856e-09
         381        1.55        1.55 3.89264e-09
         382        1.55        1.55 3.88754e-09
         383        1.55        1.55 4.02902e-09
         384        1.55        1.55 4.02377e-09
         385        1.55        1.55   4.296e-09
         386        1.55        1.55 4.29044e-09
         387        1.55        1.55 4.41676e-09
         388        1.55        1.55 4.53895e-09
         389        1.55        1.55 4.77832e-09
         390        1.55        1.55 4.89004e-09
         391        1.55        1.55 4.88378e-09
         392        1.55        1.55 5.10453e-09
         393        1.55        1.55 5.09803e-09
         394        1.55        1.55 5.30832e-09
         395        1.55        1.55 5.40659e-09
         396        1.55        1.55 5.50262e-09
         397        1.55        1.55 5.49568e-09
         398        1.55        1.55 5.68843e-09
         399        1.55        1.55  5.6813e-09
         400        1.55        1.55 5.77119e-09
         401        1.55        1.55 5.76399e-09
         402        1.55        1.55 5.94562e-09
         403        1.55        1.55 6.03031e-09
         404        1.55        1.55 6.11342e-09
         405        1.55        1.55 6.10586e-09
         406        1.55        1.55 6.27514e-09
         407        1.55        1.55 6.26743e-09
         408        1.55        1.55 6.25974e-09
         409        1.55        1.55 6.33832e-09
         410        1.55        1.55 6.33059e-09
         411        1.55        1.55 6.57422e-09
         412        1.55        1.55 6.56624e-09
         413        1.55        1.55 6.72024e-09
         414        1.55        1.55 6.71212e-09
         415        1.55        1.55 6.78337e-09
         416        1.55        1.55 6.77521e-09
         417        1.55        1.55 6.92267e-09
         418        1.55        1.55 6.91438e-09
         419        1.55        1.55 7.05792e-09
         420        1.55        1.55 7.04952e-09
         421        1.55        1.55 7.04114e-09
         422        1.55        1.55 7.18087e-09
         423        1.55        1.55 7.17237e-09
         424        1.55        1.55 7.23664e-09
         425        1.55        1.55 7.22812e-09
         426        1.55        1.55 7.36261e-09
         427        1.55        1.55 7.35399e-09
         428        1.55        1.55 7.41568e-09
         429        1.55        1.55 7.33682e-09
         430        1.55        1.55 7.32829e-09
         431        1.55        1.55 7.45922e-09
         432        1.55        1.55 7.38127e-09
         433        1.55        1.55 7.44197e-09
         434        1.55        1.55 7.36424e-09
         435        1.55        1.55 7.49328e-09
         436        1.55        1.55 7.41632e-09
         437        1.55        1.55 7.40783e-09
         438        1.55        1.55 7.46757e-09
         439        1.55        1.55 7.45906e-09
         440        1.55        1.55 7.45058e-09
         441        1.55        1.55 7.44213e-09
         442        1.55        1.55 7.36582e-09
         443        1.55        1.55 7.49251e-09
         444        1.55        1.55 7.41694e-09
         445        1.55        1.55 7.47565e-09
         446        1.55        1.55 7.46727e-09
         447        1.55        1.55 7.39201e-09
         448        1.55        1.55 7.51681e-09
         449        1.55        1.55 7.44228e-09
         450        1.55        1.55 7.50009e-09
         451        1.55        1.55 7.42576e-09
         452        1.55        1.55 7.41754e-09
         453        1.55        1.55  7.5405e-09
         454        1.55        1.55 7.46697e-09
         455        1.55        1.55 7.52391e-09
         456        1.55        1.55 7.45058e-09
         457        1.55        1.55 7.44242e-09
         458        1.55        1.55 7.49922e-09
         459        1.55        1.55 7.49105e-09
         460        1.55        1.55  7.4829e-09
         461        1.55        1.55 7.53895e-09
         462        1.55        1.55 7.53078e-09
         463        1.55        1.55 7.52265e-09
         464        1.55        1.55 7.51454e-09
         465        1.55        1.55 7.44256e-09
         466        1.55        1.55 7.56167e-09
         467        1.55        1.55 7.55357e-09
         468        1.55        1.55 7.48235e-09
         469        1.55        1.55 7.53745e-09
         470        1.55        1.55 7.46642e-09
         471        1.55        1.55 7.58385e-09
         472        1.55        1.55 7.57581e-09
         473        1.55        1.55 7.50551e-09
         474        1.55        1.55 7.55981e-09
         475        1.55        1.55 7.48969e-09
         476        1.55        1.55 7.48182e-09
         477        1.55        1.55 7.59752e-09
         478        1.55        1.55 7.52811e-09
         479        1.55        1.55 7.52025e-09
         480        1.55        1.55 7.57374e-09
         481        1.55        1.55  7.5046e-09
         482        1.55        1.55 7.49681e-09
         483        1.55        1.55 7.55018e-09
         484        1.55        1.55 7.54238e-09
         485        1.55        1.55  7.5346e-09
         486        1.55        1.55 7.52684e-09
         487        1.55        1.55 7.51911e-09
         488        1.55        1.55  7.5114e-09
         489        1.55        1.55 7.56399e-09
         490        1.55        1.55 7.55627e-09
         491        1.55        1.55 7.48842e-09
         492        1.55        1.55 7.60051e-09
         493        1.55        1.55 7.59279e-09
         494        1.55        1.55 7.52561e-09
         495        1.55        1.55 7.57744e-09
         496        1.55        1.55  7.5698e-09
         497        1.55        1.55 7.50287e-09
         498        1.55        1.55 7.61337e-09
         499        1.55        1.55 7.60574e-09
         500        1.55        1.55 7.53946e-09
         501        1.55        1.55 7.59054e-09
         502        1.55        1.55 7.52442e-09
         503        1.55        1.55 7.51694e-09
         504        1.55        1.55 7.62591e-09
         505        1.55        1.55 7.56042e-09
         506        1.55        1.55 7.55295e-09
         507        1.55        1.55  7.5455e-09
         508        1.55        1.55 7.53807e-09
         509        1.55        1.55 7.53066e-09
         510        1.55        1.55 7.52327e-09
         511        1.55        1.55  7.5735e-09
         512        1.55        1.55  7.5661e-09
         513        1.55        1.55 7.55872e-09
         514        1.55        1.55 7.55137e-09
         515        1.55        1.55 7.54403e-09
         516        1.55        1.55 7.53672e-09
         517        1.55        1.55 7.47217e-09
         518        1.55        1.55 7.57893e-09
         519        1.55        1.55 7.57162e-09
         520        1.55        1.55 7.50767e-09
         521        1.55        1.55 7.61326e-09
         522        1.55        1.55 7.60596e-09
         523        1.55        1.55 7.54261e-09
         524        1.55        1.55 7.59144e-09
         525        1.55        1.55  7.5842e-09
         526        1.55        1.55 7.52107e-09
         527        1.55        1.55 7.51393e-09
         528        1.55        1.55 7.61803e-09
         529        1.55        1.55 7.55547e-09
         530        1.55        1.55 7.54834e-09
         531        1.55        1.55 7.59648e-09
         532        1.55        1.55 7.53414e-09
         533        1.55        1.55 7.52707e-09
         534        1.55        1.55 7.52002e-09
         535        1.55        1.55 7.62267e-09
         536        1.55        1.55 7.56097e-09
         537        1.55        1.55 7.55392e-09
         538        1.55        1.55  7.5469e-09
         539        1.55        1.55 7.53989e-09
         540        1.55        1.55 7.53291e-09
         541        1.55        1.55 7.52594e-09
         542        1.55        1.55 7.57329e-09
         543        1.55        1.55 7.56631e-09
         544        1.55        1.55 7.55935e-09
         545        1.55        1.55 7.55242e-09
         546        1.55        1.55  7.5455e-09
         547        1.55        1.55  7.5386e-09
         548        1.55        1.55 7.53171e-09
         549        1.55        1.55 7.47091e-09
         550        1.55        1.55 7.57152e-09
         551        1.55        1.55 7.56464e-09
         552        1.55        1.55 7.50438e-09
         553        1.55        1.55 7.49759e-09
         554        1.55        1.55 7.54413e-09
         555        1.55        1.55 7.53733e-09
         556        1.55        1.55 7.47733e-09
         557        1.55        1.55 7.57659e-09
         558        1.55        1.55  7.5698e-09
         559        1.55        1.55 7.51032e-09
         560        1.55        1.55 7.50361e-09
         561        1.55        1.55 7.60178e-09
         562        1.55        1.55 7.59501e-09
         563        1.55        1.55 7.53611e-09
         564        1.55        1.55 7.52942e-09
         565        1.55        1.55 7.57482e-09
         566        1.55        1.55 7.51611e-09
         567        1.55        1.55 7.50948e-09
         568        1.55        1.55 7.50287e-09
         569        1.55        1.55 7.59967e-09
         570        1.55        1.55 7.54152e-09
         571        1.55        1.55 7.53492e-09
         572        1.55        1.55 7.52833e-09
         573        1.55        1.55  7.5731e-09
         574        1.55        1.55  7.5152e-09
         575        1.55        1.55 7.50866e-09
         576        1.55        1.55 7.50214e-09
         577        1.55        1.55 7.49564e-09
         578        1.55        1.55 7.54027e-09
         579        1.55        1.55 7.53376e-09
         580        1.55        1.55 7.52726e-09
         581        1.55        1.55 7.46979e-09
         582        1.55        1.55 7.51432e-09
         583        1.55        1.55 7.50787e-09
         584        1.55        1.55 7.50144e-09
         585        1.55        1.55 7.44421e-09
         586        1.55        1.55 7.53906e-09
         587        1.55        1.55 7.53263e-09
         588        1.55        1.55 7.52622e-09
         589        1.55        1.55 7.46953e-09
         590        1.55        1.55  7.4632e-09
         591        1.55        1.55  7.5071e-09
         592        1.55        1.55 7.50075e-09
         593        1.55        1.55  7.4443e-09
         594        1.55        1.55 7.43803e-09
         595        1.55        1.55 7.53153e-09
         596        1.55        1.55 7.52521e-09
         597        1.55        1.55 7.46928e-09
         598        1.55        1.55 7.46303e-09
         599        1.55        1.55 7.55557e-09
         600        1.55        1.55 7.54927e-09
         601        1.55        1.55 7.49384e-09
         602        1.55        1.55 7.48762e-09
         603        1.55        1.55 7.48141e-09
         604        1.55        1.55 7.52423e-09
         605        1.55        1.55 7.46903e-09
         606        1.55        1.55 7.46287e-09
         607        1.55        1.55 7.45672e-09
         608        1.55        1.55 7.45058e-09
         609        1.55        1.55 7.49328e-09
         610        1.55        1.55 7.48713e-09
         611        1.55        1.55   7.481e-09
         612        1.55        1.55 7.47489e-09
         613        1.55        1.55 7.46879e-09
         614        1.55        1.55 7.46271e-09
         615        1.55        1.55 7.45664e-09
         616        1.55        1.55 7.45058e-09
         617        1.55        1.55 7.44454e-09
         618        1.55        1.55 7.48666e-09
         619        1.55        1.55 7.48061e-09
         620        1.55        1.55 7.47458e-09
         621        1.55        1.55 7.46856e-09
         622        1.55        1.55 7.41456e-09
         623        1.55        1.55 7.45656e-09
         624        1.55        1.55 7.45058e-09
         625        1.55        1.55 7.44462e-09
         626        1.55        1.55 7.39083e-09
         627        1.55        1.55 7.38494e-09
         628        1.55        1.55 7.47427e-09
         629        1.55        1.55 7.46833e-09
         630        1.55        1.55  7.4624e-09
         631        1.55        1.55 7.40914e-09
         632        1.55        1.55 7.40327e-09
         633        1.55        1.55 7.44469e-09
         634        1.55        1.55 7.43882e-09
         635        1.55        1.55 7.38577e-09
         636        1.55        1.55 7.37996e-09
         637        1.55        1.55 7.37416e-09
         638        1.55        1.55 7.46225e-09
         639        1.55        1.55 7.45641e-09
         640        1.55        1.55 7.40387e-09
         641        1.55        1.55 7.39809e-09
         642        1.55        1.55 7.39233e-09
         643        1.55        1.55 7.43318e-09
         644        1.55        1.55 7.42741e-09
         645        1.55        1.55 7.37512e-09
         646        1.55        1.55  7.3694e-09
         647        1.55        1.55 7.36371e-09
         648        1.55        1.55 7.45058e-09
         649        1.55        1.55 7.39874e-09
         650        1.55        1.55 7.39305e-09
         651        1.55        1.55 7.38737e-09
         652        1.55        1.55  7.3817e-09
         653        1.55        1.55 7.37604e-09
         654        1.55        1.55 7.41632e-09
         655        1.55        1.55 7.41066e-09
         656        1.55        1.55 7.40501e-09
         657        1.55        1.55 7.39937e-09
         658        1.55        1.55 7.39375e-09
         659        1.55        1.55 7.38814e-09
         660        1.55        1.55 7.38254e-09
         661        1.55        1.55 7.33127e-09
         662        1.55        1.55 7.32573e-09
         663        1.55        1.55 7.36582e-09
         664        1.55        1.55 7.31469e-09
         665        1.55        1.55 7.30919e-09
         666        1.55        1.55  7.3037e-09
         667        1.55        1.55 7.29822e-09
         668        1.55        1.55 7.29276e-09
         669        1.55        1.55 7.33271e-09
         670        1.55        1.55 7.32724e-09
         671        1.55        1.55 7.32177e-09
         672        1.55        1.55 7.31632e-09
         673        1.55        1.55 7.31089e-09
         674        1.55        1.55 7.26023e-09
         675        1.55        1.55 7.30005e-09
         676        1.55        1.55 7.29465e-09
         677        1.55        1.55 7.28926e-09
         678        1.55        1.55 7.28388e-09
         679        1.55        1.55 7.23345e-09
         680        1.55        1.55 7.31792e-09
         681        1.55        1.55 7.31254e-09
         682        1.55        1.55 7.30718e-09
         683        1.55        1.55 7.30183e-09
         684        1.55        1.55 7.25186e-09
         685        1.55        1.55 7.24657e-09
         686        1.55        1.55 7.28585e-09
         687        1.55        1.55 7.28054e-09
         688        1.55        1.55 7.27525e-09
         689        1.55        1.55 7.26997e-09
         690        1.55        1.55 7.22026e-09
         691        1.55        1.55 7.21504e-09
         692        1.55        1.55 7.29829e-09
         693        1.55        1.55 7.29302e-09
         694        1.55        1.55 7.28777e-09
         695        1.55        1.55 7.23852e-09
         696        1.55        1.55 7.23332e-09
         697        1.55        1.55 7.22812e-09
         698        1.55        1.55 7.26685e-09
         699        1.55        1.55 7.26165e-09
         700        1.55        1.55 7.25647e-09
         701        1.55        1.55 7.20747e-09
         702        1.55        1.55 7.20234e-09
         703        1.55        1.55 7.19721e-09
         704        1.55        1.55 7.27928e-09
         705        1.55        1.55 7.27412e-09
         706        1.55        1.55 7.22556e-09
         707        1.55        1.55 7.22045e-09
         708        1.55        1.55 7.21535e-09
         709        1.55        1.55 7.21026e-09
         710        1.55        1.55 7.29148e-09
         711        1.55        1.55 7.28635e-09
         712        1.55        1.55 7.23827e-09
         713        1.55        1.55 7.23319e-09
         714        1.55        1.55 7.22812e-09
         715        1.55        1.55 7.22307e-09
         716        1.55        1.55 7.21802e-09
         717        1.55        1.55 7.25579e-09
         718        1.55        1.55 7.20796e-09
         719        1.55        1.55 7.20295e-09
         720        1.55        1.55 7.19794e-09
         721        1.55        1.55 7.19295e-09
         722        1.55        1.55 7.18797e-09
         723        1.55        1.55   7.268e-09
         724        1.55        1.55 7.22063e-09
         725        1.55        1.55 7.21565e-09
         726        1.55        1.55 7.21068e-09
         727        1.55        1.55 7.20572e-09
         728        1.55        1.55 7.20077e-09
         729        1.55        1.55 7.19583e-09
         730        1.55        1.55  7.1909e-09
         731        1.55        1.55 7.18598e-09
         732        1.55        1.55 7.18107e-09
         733        1.55        1.55 7.17617e-09
         734        1.55        1.55 7.17128e-09
         735        1.55        1.55  7.1664e-09
         736        1.55        1.55 7.11928e-09
         737        1.55        1.55 7.19864e-09
         738        1.55        1.55 7.19376e-09
         739        1.55        1.55 7.18889e-09
         740        1.55        1.55 7.18404e-09
         741        1.55        1.55 7.17919e-09
         742        1.55        1.55 7.13251e-09
         743        1.55        1.55 7.16952e-09
         744        1.55        1.55  7.1647e-09
         745        1.55        1.55 7.15989e-09
         746        1.55        1.55 7.15509e-09
         747        1.55        1.55  7.1503e-09
         748        1.55        1.55 7.10385e-09
         749        1.55        1.55 7.09911e-09
         750        1.55        1.55 7.17735e-09
         751        1.55        1.55 7.17257e-09
         752        1.55        1.55  7.1678e-09
         753        1.55        1.55 7.16304e-09
         754        1.55        1.55 7.11703e-09
         755        1.55        1.55 7.11231e-09
         756        1.55        1.55 7.10761e-09
         757        1.55        1.55 7.10291e-09
         758        1.55        1.55 7.13937e-09
         759        1.55        1.55 7.13467e-09
         760        1.55        1.55 7.12997e-09
         761        1.55        1.55 7.08422e-09
         762        1.55        1.55 7.07957e-09
         763        1.55        1.55 7.07493e-09
         764        1.55        1.55  7.0703e-09
         765        1.55        1.55 7.14736e-09
         766        1.55        1.55 7.14269e-09
         767        1.55        1.55 7.09736e-09
         768        1.55        1.55 7.09274e-09
         769        1.55        1.55 7.08813e-09
         770        1.55        1.55 7.08352e-09
         771        1.55        1.55 7.07893e-09
         772        1.55        1.55 7.11488e-09
         773        1.55        1.55 7.11028e-09
         774        1.55        1.55  7.0652e-09
         775        1.55        1.55 7.06064e-09
         776        1.55        1.55 7.05609e-09
         777        1.55        1.55 7.05154e-09
         778        1.55        1.55 7.04701e-09
         779        1.55        1.55 7.04249e-09
         780        1.55        1.55 7.11841e-09
         781        1.55        1.55 7.07377e-09
         782        1.55        1.55 7.06925e-09
         783        1.55        1.55 7.06473e-09
         784        1.55        1.55 7.06022e-09
         785        1.55        1.55 7.05572e-09
         786        1.55        1.55 7.05123e-09
         787        1.55        1.55 7.12638e-09
         788        1.55        1.55 7.08218e-09
         789        1.55        1.55 7.07769e-09
         790        1.55        1.55 7.07321e-09
         791        1.55        1.55 7.06874e-09
         792        1.55        1.55 7.06427e-09
         793        1.55        1.55 7.05982e-09
         794        1.55        1.55 7.05537e-09
         795        1.55        1.55 7.05093e-09
         796        1.55        1.55  7.0465e-09
         797        1.55        1.55 7.04208e-09
         798        1.55        1.55 7.03767e-09
         799        1.55        1.55 7.03326e-09
         800        1.55        1.55 7.02886e-09
         801        1.55        1.55 7.02447e-09
         802        1.55        1.55 6.98054e-09
         803        1.55        1.55 7.05503e-09
         804        1.55        1.55 7.05064e-09
         805        1.55        1.55 7.04626e-09
         806        1.55        1.55 7.04188e-09
         807        1.55        1.55 7.03752e-09
         808        1.55        1.55 7.03316e-09
         809        1.55        1.55 6.98966e-09
         810        1.55        1.55 6.98534e-09
         811        1.55        1.55 7.02014e-09
         812        1.55        1.55 7.01582e-09
         813        1.55        1.55  7.0115e-09
         814        1.55        1.55 7.00719e-09
         815        1.55        1.55 7.00289e-09
         816        1.55        1.55  6.9986e-09
         817        1.55        1.55 6.95535e-09
         818        1.55        1.55  6.9511e-09
         819        1.55        1.55 6.94685e-09
         820        1.55        1.55 7.02019e-09
         821        1.55        1.55 7.01591e-09
         822        1.55        1.55 7.01164e-09
         823        1.55        1.55 7.00738e-09
         824        1.55        1.55 6.96455e-09
         825        1.55        1.55 6.96032e-09
         826        1.55        1.55 6.95611e-09
         827        1.55        1.55  6.9519e-09
         828        1.55        1.55 6.98619e-09
         829        1.55        1.55 6.98198e-09
         830        1.55        1.55 6.97777e-09
         831        1.55        1.55 6.97357e-09
         832        1.55        1.55 6.93098e-09
         833        1.55        1.55 6.92682e-09
         834        1.55        1.55 6.92267e-09
         835        1.55        1.55 6.91852e-09
         836        1.55        1.55 6.91438e-09
         837        1.55        1.55 6.98661e-09
         838        1.55        1.55 6.98244e-09
         839        1.55        1.55 6.97827e-09
         840        1.55        1.55 6.93611e-09
         841        1.55        1.55 6.93199e-09
         842        1.55        1.55 6.92787e-09
         843        1.55        1.55 6.92376e-09
         844        1.55        1.55 6.91966e-09
         845        1.55        1.55 6.91556e-09
         846        1.55        1.55 6.94934e-09
         847        1.55        1.55 6.94524e-09
         848        1.55        1.55 6.90332e-09
         849        1.55        1.55 6.89925e-09
         850        1.55        1.55 6.89519e-09
         851        1.55        1.55 6.89114e-09
         852        1.55        1.55 6.88709e-09
         853        1.55        1.55 6.88306e-09
         854        1.55        1.55 6.87902e-09
         855        1.55        1.55 6.98741e-09
         856        1.55        1.55 6.98332e-09
         857        1.55        1.55 7.01627e-09
         858        1.55        1.55 7.01218e-09
         859        1.55        1.55 7.04489e-09
         860        1.55        1.55 7.04079e-09
         861        1.55        1.55 7.07326e-09
         862        1.55        1.55 7.06915e-09
         863        1.55        1.55 7.10138e-09
         864        1.55        1.55 7.16932e-09
         865        1.55        1.55 7.20092e-09
         866        1.55        1.55 7.19676e-09
         867        1.55        1.55 7.19261e-09
         868        1.55        1.55 7.22396e-09
         869        1.55        1.55  7.2198e-09
         870        1.55        1.55 7.25094e-09
         871        1.55        1.55 7.24677e-09
         872        1.55        1.55 7.27769e-09
         873        1.55        1.55 7.30841e-09
         874        1.55        1.55 7.33892e-09
         875        1.55        1.55 7.33473e-09
         876        1.55        1.55 7.36504e-09
         877        1.55        1.55 7.36084e-09
         878        1.55        1.55 7.35664e-09
         879        1.55        1.55 7.38674e-09
         880        1.55        1.55 7.38254e-09
         881        1.55        1.55 7.41243e-09
         882        1.55        1.55 7.40822e-09
         883        1.55        1.55 7.50523e-09
         884        1.55        1.55 7.50098e-09
         885        1.55        1.55 7.53013e-09
         886        1.55        1.55 7.52588e-09
         887        1.55        1.55 7.52164e-09
         888        1.55        1.55 7.55059e-09
         889        1.55        1.55 7.54634e-09
         890        1.55        1.55 7.57511e-09
         891        1.55        1.55 7.57086e-09
         892        1.55        1.55 7.59944e-09
         893        1.55        1.55 7.62785e-09
         894        1.55        1.55  7.6561e-09
         895        1.55        1.55 7.65182e-09
         896        1.55        1.55 7.64755e-09
         897        1.55        1.55  7.6756e-09
         898        1.55        1.55 7.67133e-09
         899        1.55        1.55 7.69921e-09
         900        1.55        1.55 7.69493e-09
         901        1.55        1.55 7.72263e-09
         902        1.55        1.55 7.71835e-09
         903        1.55        1.55 7.77757e-09
         904        1.55        1.55  7.8048e-09
         905        1.55        1.55 7.80049e-09
         906        1.55        1.55 7.82755e-09
         907        1.55        1.55 7.82324e-09
         908        1.55        1.55 7.85014e-09
         909        1.55        1.55 7.84582e-09
         910        1.55        1.55 7.84151e-09
         911        1.55        1.55 7.86824e-09
         912        1.55        1.55 7.86393e-09
         913        1.55        1.55 7.92127e-09
         914        1.55        1.55 7.91693e-09
         915        1.55        1.55  7.9126e-09
         916        1.55        1.55 7.93888e-09
         917        1.55        1.55 7.93455e-09
         918        1.55        1.55 7.96067e-09
         919        1.55        1.55 7.95633e-09
         920        1.55        1.55  7.9823e-09
         921        1.55        1.55 7.97797e-09
         922        1.55        1.55 7.97364e-09
         923        1.55        1.55 7.99945e-09
         924        1.55        1.55 8.05501e-09
         925        1.55        1.55 8.08042e-09
         926        1.55        1.55 8.07605e-09
         927        1.55        1.55 8.07169e-09
         928        1.55        1.55 8.09695e-09
         929        1.55        1.55 8.09259e-09
         930        1.55        1.55  8.1177e-09
         931        1.55        1.55 8.11334e-09
         932        1.55        1.55 8.10899e-09
         933        1.55        1.55 8.13395e-09
         934        1.55        1.55  8.1296e-09
         935        1.55        1.55  8.1835e-09
         936        1.55        1.55 8.17912e-09
         937        1.55        1.55 8.17476e-09
         938        1.55        1.55 8.19932e-09
         939        1.55        1.55 8.19495e-09
         940        1.55        1.55 8.21938e-09
         941        1.55        1.55 8.21501e-09
         942        1.55        1.55 8.21065e-09
         943        1.55        1.55 8.23494e-09
         944        1.55        1.55 8.23058e-09
         945        1.55        1.55 8.25474e-09
         946        1.55        1.55 8.30708e-09
         947        1.55        1.55 8.30269e-09
         948        1.55        1.55 8.32649e-09
         949        1.55        1.55  8.3221e-09
         950        1.55        1.55 8.34577e-09
         951        1.55        1.55 8.34138e-09
         952        1.55        1.55   8.337e-09
         953        1.55        1.55 8.36054e-09
         954        1.55        1.55 8.35616e-09
         955        1.55        1.55 8.35178e-09
         956        1.55        1.55 8.37519e-09
         957        1.55        1.55 8.39848e-09
         958        1.55        1.55 8.42167e-09
         959        1.55        1.55 8.41728e-09
         960        1.55        1.55 8.41289e-09
         961        1.55        1.55 8.43595e-09
         962        1.55        1.55 8.43156e-09
         963        1.55        1.55 8.42718e-09
         964        1.55        1.55 8.45011e-09
         965        1.55        1.55 8.44573e-09
         966        1.55        1.55 8.46855e-09
         967        1.55        1.55 8.46417e-09
         968        1.55        1.55 8.45979e-09
         969        1.55        1.55 8.53634e-09
         970        1.55        1.55 8.53194e-09
         971        1.55        1.55 8.52755e-09
         972        1.55        1.55 8.54992e-09
         973        1.55        1.55 8.54552e-09
         974        1.55        1.55 8.56779e-09
         975        1.55        1.55 8.56339e-09
         976        1.55        1.55   8.559e-09
         977        1.55        1.55 8.58115e-09
         978        1.55        1.55 8.57676e-09
         979        1.55        1.55 8.57238e-09
         980        1.55        1.55 8.59441e-09
         981        1.55        1.55 8.64256e-09
         982        1.55        1.55 8.63816e-09
         983        1.55        1.55 8.65989e-09
         984        1.55        1.55 8.65549e-09
         985        1.55        1.55 8.67711e-09
         986        1.55        1.55 8.67271e-09
         987        1.55        1.55 8.66832e-09
         988        1.55        1.55 8.68983e-09
         989        1.55        1.55 8.68544e-09
         990        1.55        1.55 8.68105e-09
         991        1.55        1.55 8.70245e-09
         992        1.55        1.55 8.69806e-09
         993        1.55        1.55 8.71937e-09
         994        1.55        1.55 8.74057e-09
         995        1.55        1.55 8.73618e-09
         996        1.55        1.55 8.73179e-09
         997        1.55        1.55  8.7529e-09
         998        1.55        1.55 8.74851e-09
         999        1.55        1.55 8.74413e-09
        1000        1.55        1.55 8.76513e-09
        1001        1.55        1.55 8.76075e-09
        1002        1.55        1.55 8.78164e-09
        1003        1.55        1.55 8.77727e-09
        1004        1.55        1.55 8.77289e-09
        1005        1.55        1.55  8.8438e-09
        1006        1.55        1.55  8.8394e-09
        1007        1.55        1.55 8.83501e-09
        1008        1.55        1.55 8.85554e-09
        1009        1.55        1.55 8.85115e-09
        1010        1.55        1.55 8.84676e-09
        1011        1.55        1.55 8.86719e-09
        1012        1.55        1.55 8.86281e-09
        1013        1.55        1.55 8.85843e-09
        1014        1.55        1.55 8.87876e-09
        1015        1.55        1.55 8.87439e-09
        1016        1.55        1.55 8.87002e-09
        1017        1.55        1.55 8.89025e-09
        1018        1.55        1.55 8.91039e-09
        1019        1.55        1.55 8.90602e-09
        1020        1.55        1.55 8.92608e-09
        1021        1.55        1.55  8.9217e-09
        1022        1.55        1.55 8.91734e-09
        1023        1.55        1.55  8.9373e-09
        1024        1.55        1.55 8.93293e-09
        1025        1.55        1.55 8.92857e-09
        1026        1.55        1.55 8.94844e-09
        1027        1.55        1.55 8.94408e-09
        1028        1.55        1.55 8.93973e-09
        1029        1.55        1.55  8.9595e-09
        1030        1.55        1.55 8.95515e-09
        1031        1.55        1.55  8.9988e-09
        1032        1.55        1.55 9.01833e-09
        1033        1.55        1.55 9.01396e-09
        1034        1.55        1.55  9.0096e-09
        1035        1.55        1.55 9.02904e-09
        1036        1.55        1.55 9.02468e-09
        1037        1.55        1.55 9.02033e-09
        1038        1.55        1.55 9.03968e-09
        1039        1.55        1.55 9.03533e-09
        1040        1.55        1.55 9.03099e-09
        1041        1.55        1.55 9.05025e-09
        1042        1.55        1.55  9.0459e-09
        1043        1.55        1.55 9.04156e-09
        1044        1.55        1.55 9.06074e-09
        1045        1.55        1.55 9.07983e-09
        1046        1.55        1.55 9.07549e-09
        1047        1.55        1.55 9.07116e-09
        1048        1.55        1.55 9.09017e-09
        1049        1.55        1.55 9.08583e-09
        1050        1.55        1.55  9.0815e-09
        1051        1.55        1.55 9.10043e-09
        1052        1.55        1.55  9.0961e-09
        1053        1.55        1.55 9.09178e-09
        1054        1.55        1.55 9.11062e-09
        1055        1.55        1.55  9.1063e-09
        1056        1.55        1.55 9.10199e-09
        1057        1.55        1.55 9.12074e-09
        1058        1.55        1.55 9.16236e-09
        1059        1.55        1.55 9.15803e-09
        1060        1.55        1.55 9.17657e-09
        1061        1.55        1.55 9.17224e-09
        1062        1.55        1.55 9.16792e-09
        1063        1.55        1.55 9.16361e-09
        1064        1.55        1.55 9.18206e-09
        1065        1.55        1.55 9.17775e-09
        1066        1.55        1.55 9.17344e-09
        1067        1.55        1.55 9.19181e-09
        1068        1.55        1.55  9.1875e-09
        1069        1.55        1.55  9.1832e-09
        1070        1.55        1.55 9.20149e-09
        1071        1.55        1.55  9.1972e-09
        1072        1.55        1.55 9.19291e-09
        1073        1.55        1.55 9.23355e-09
        1074        1.55        1.55 9.22925e-09
        1075        1.55        1.55 9.22496e-09
        1076        1.55        1.55 9.22067e-09
        1077        1.55        1.55 9.23873e-09
        1078        1.55        1.55 9.23445e-09
        1079        1.55        1.55 9.23017e-09
        1080        1.55        1.55 9.24815e-09
        1081        1.55        1.55 9.24387e-09
        1082        1.55        1.55  9.2396e-09
        1083        1.55        1.55 9.25751e-09
        1084        1.55        1.55 9.25324e-09
        1085        1.55        1.55 9.24897e-09
        1086        1.55        1.55 9.24471e-09
        1087        1.55        1.55 9.30654e-09
        1088        1.55        1.55 9.30226e-09
        1089        1.55        1.55 9.29799e-09
        1090        1.55        1.55 9.31562e-09
        1091        1.55        1.55 9.31135e-09
        1092        1.55        1.55 9.30708e-09
        1093        1.55        1.55 9.30282e-09
        1094        1.55        1.55 9.32037e-09
        1095        1.55        1.55 9.31612e-09
        1096        1.55        1.55 9.31187e-09
        1097        1.55        1.55 9.32934e-09
        1098        1.55        1.55 9.32509e-09
        1099        1.55        1.55 9.32085e-09
        1100        1.55        1.55 9.31661e-09
        1101        1.55        1.55 9.33401e-09
        1102        1.55        1.55 9.37287e-09
        1103        1.55        1.55 9.36862e-09
        1104        1.55        1.55 9.38583e-09
        1105        1.55        1.55 9.38158e-09
        1106        1.55        1.55 9.37734e-09
        1107        1.55        1.55  9.3731e-09
        1108        1.55        1.55 9.39024e-09
        1109        1.55        1.55   9.386e-09
        1110        1.55        1.55 9.38177e-09
        1111        1.55        1.55 9.39884e-09
        1112        1.55        1.55 9.39461e-09
        1113        1.55        1.55 9.39039e-09
        1114        1.55        1.55 9.38618e-09
        1115        1.55        1.55 9.40317e-09
        1116        1.55        1.55 9.39895e-09
        1117        1.55        1.55 9.39475e-09
        1118        1.55        1.55 9.43275e-09
        1119        1.55        1.55 9.42853e-09
        1120        1.55        1.55 9.42432e-09
        1121        1.55        1.55 9.42012e-09
        1122        1.55        1.55 9.43691e-09
        1123        1.55        1.55 9.43271e-09
        1124        1.55        1.55 9.42851e-09
        1125        1.55        1.55 9.44524e-09
        1126        1.55        1.55 9.44105e-09
        1127        1.55        1.55 9.43686e-09
        1128        1.55        1.55 9.43267e-09
        1129        1.55        1.55 9.44933e-09
        1130        1.55        1.55 9.44515e-09
        1131        1.55        1.55 9.44097e-09
        1132        1.55        1.55  9.4368e-09
        1133        1.55        1.55 9.49476e-09
        1134        1.55        1.55 9.49057e-09
        1135        1.55        1.55 9.48639e-09
        1136        1.55        1.55 9.50281e-09
        1137        1.55        1.55 9.49863e-09
        1138        1.55        1.55 9.49445e-09
        1139        1.55        1.55 9.49028e-09
        1140        1.55        1.55 9.50663e-09
        1141        1.55        1.55 9.50247e-09
        1142        1.55        1.55  9.4983e-09
        1143        1.55        1.55 9.49415e-09
        1144        1.55        1.55 9.51043e-09
        1145        1.55        1.55 9.50627e-09
        1146        1.55        1.55 9.50213e-09
        1147        1.55        1.55 9.49798e-09
        1148        1.55        1.55  9.5142e-09
        1149        1.55        1.55 9.51005e-09
        1150        1.55        1.55 9.52621e-09
        1151        1.55        1.55 9.54231e-09
        1152        1.55        1.55 9.53817e-09
        1153        1.55        1.55 9.53403e-09
        1154        1.55        1.55  9.5299e-09
        1155        1.55        1.55 9.54593e-09
        1156        1.55        1.55  9.5418e-09
        1157        1.55        1.55 9.53768e-09
        1158        1.55        1.55 9.53356e-09
        1159        1.55        1.55 9.54953e-09
        1160        1.55        1.55 9.54541e-09
        1161        1.55        1.55  9.5413e-09
        1162        1.55        1.55 9.53719e-09
        1163        1.55        1.55  9.5531e-09
        1164        1.55        1.55 9.54899e-09
        1165        1.55        1.55 9.54489e-09
        1166        1.55        1.55  9.5408e-09
        1167        1.55        1.55 9.59638e-09
        1168        1.55        1.55 9.59227e-09
        1169        1.55        1.55 9.58817e-09
        1170        1.55        1.55 9.58407e-09
        1171        1.55        1.55 9.59975e-09
        1172        1.55        1.55 9.59565e-09
        1173        1.55        1.55 9.59156e-09
        1174        1.55        1.55 9.58747e-09
        1175        1.55        1.55 9.60309e-09
        1176        1.55        1.55 9.59901e-09
        1177        1.55        1.55 9.59493e-09
        1178        1.55        1.55 9.59086e-09
        1179        1.55        1.55 9.60641e-09
        1180        1.55        1.55 9.60234e-09
        1181        1.55        1.55 9.59828e-09
        1182        1.55        1.55 9.59421e-09
        1183        1.55        1.55 9.60971e-09
        1184        1.55        1.55 9.62516e-09
        1185        1.55        1.55 9.62109e-09
        1186        1.55        1.55 9.61704e-09
        1187        1.55        1.55 9.63242e-09
        1188        1.55        1.55 9.62837e-09
        1189        1.55        1.55 9.62432e-09
        1190        1.55        1.55 9.62027e-09
        1191        1.55        1.55  9.6356e-09
        1192        1.55        1.55 9.63156e-09
        1193        1.55        1.55 9.62752e-09
        1194        1.55        1.55 9.62349e-09
        1195        1.55        1.55 9.63876e-09
        1196        1.55        1.55 9.63473e-09
        1197        1.55        1.55  9.6307e-09
        1198        1.55        1.55 9.62668e-09
        1199        1.55        1.55 9.64189e-09
        1200        1.55        1.55 9.63788e-09
        1201        1.55        1.55 9.63386e-09
        1202        1.55        1.55 9.66814e-09
        1203        1.55        1.55 9.68321e-09
        1204        1.55        1.55 9.67918e-09
        1205        1.55        1.55 9.67517e-09
        1206        1.55        1.55 9.67115e-09
        1207        1.55        1.55 9.68616e-09
        1208        1.55        1.55 9.68215e-09
        1209        1.55        1.55 9.67814e-09
        1210        1.55        1.55 9.67414e-09
        1211        1.55        1.55 9.68909e-09
        1212        1.55        1.55 9.68509e-09
        1213        1.55        1.55  9.6811e-09
        1214        1.55        1.55 9.67711e-09
        1215        1.55        1.55 9.67313e-09
        1216        1.55        1.55 9.68802e-09
        1217        1.55        1.55 9.68404e-09
        1218        1.55        1.55 9.68006e-09
        1219        1.55        1.55 9.67609e-09
        1220        1.55        1.55 9.70968e-09
        1221        1.55        1.55 9.70571e-09
        1222        1.55        1.55 9.70173e-09
        1223        1.55        1.55 9.69777e-09
        1224        1.55        1.55  9.7125e-09
        1225        1.55        1.55 9.70854e-09
        1226        1.55        1.55 9.70458e-09
        1227        1.55        1.55 9.70062e-09
        1228        1.55        1.55 9.69667e-09
        1229        1.55        1.55 9.71135e-09
        1230        1.55        1.55  9.7074e-09
        1231        1.55        1.55 9.70345e-09
        1232        1.55        1.55 9.69951e-09
        1233        1.55        1.55 9.71414e-09
        1234        1.55        1.55  9.7102e-09
        1235        1.55        1.55 9.70627e-09
        1236        1.55        1.55 9.70234e-09
        1237        1.55        1.55 9.71691e-09
        1238        1.55        1.55 9.71298e-09
        1239        1.55        1.55 9.74591e-09
        1240        1.55        1.55 9.74198e-09
        1241        1.55        1.55 9.73805e-09
        1242        1.55        1.55 9.75248e-09
        1243        1.55        1.55 9.74856e-09
        1244        1.55        1.55 9.74464e-09
        1245        1.55        1.55 9.74072e-09
        1246        1.55        1.55  9.7551e-09
        1247        1.55        1.55 9.75119e-09
        1248        1.55        1.55 9.74728e-09
        1249        1.55        1.55 9.74338e-09
        1250        1.55        1.55 9.73948e-09
        1251        1.55        1.55  9.7538e-09
        1252        1.55        1.55  9.7499e-09
        1253        1.55        1.55 9.74601e-09
        1254        1.55        1.55 9.74213e-09
        1255        1.55        1.55  9.7564e-09
        1256        1.55        1.55 9.75251e-09
        1257        1.55        1.55 9.74863e-09
        1258        1.55        1.55 9.76285e-09
        1259        1.55        1.55 9.75897e-09
        1260        1.55        1.55 9.77315e-09
        1261        1.55        1.55 9.76927e-09
        1262        1.55        1.55  9.7654e-09
        1263        1.55        1.55 9.76153e-09
        1264        1.55        1.55 9.77566e-09
        1265        1.55        1.55 9.77179e-09
        1266        1.55        1.55 9.76793e-09
        1267        1.55        1.55 9.76408e-09
        1268        1.55        1.55 9.76023e-09
        1269        1.55        1.55  9.7743e-09
        1270        1.55        1.55 9.77045e-09
        1271        1.55        1.55 9.76661e-09
        1272        1.55        1.55 9.76277e-09
        1273        1.55        1.55 9.77679e-09
        1274        1.55        1.55 9.77295e-09
        1275        1.55        1.55 9.76912e-09
        1276        1.55        1.55 9.76529e-09
        1277        1.55        1.55 9.76146e-09
        1278        1.55        1.55 9.81092e-09
        1279        1.55        1.55 9.80708e-09
        1280        1.55        1.55 9.80325e-09
        1281        1.55        1.55 9.79942e-09
        1282        1.55        1.55  9.7956e-09
        1283        1.55        1.55 9.80944e-09
        1284        1.55        1.55 9.80562e-09
        1285        1.55        1.55  9.8018e-09
        1286        1.55        1.55 9.79799e-09
        1287        1.55        1.55 9.79418e-09
        1288        1.55        1.55 9.80797e-09
        1289        1.55        1.55 9.80417e-09
        1290        1.55        1.55 9.80037e-09
        1291        1.55        1.55 9.79657e-09
        1292        1.55        1.55 9.81031e-09
        1293        1.55        1.55 9.80652e-09
        1294        1.55        1.55 9.80273e-09
        1295        1.55        1.55 9.79894e-09
        1296        1.55        1.55 9.79516e-09
        1297        1.55        1.55 9.80885e-09
        1298        1.55        1.55 9.80508e-09
        1299        1.55        1.55 9.83612e-09
        1300        1.55        1.55 9.83233e-09
        1301        1.55        1.55 9.82856e-09
        1302        1.55        1.55 9.84212e-09
        1303        1.55        1.55 9.83835e-09
        1304        1.55        1.55 9.83457e-09
        1305        1.55        1.55  9.8308e-09
        1306        1.55        1.55 9.82704e-09
        1307        1.55        1.55 9.84056e-09
        1308        1.55        1.55  9.8368e-09
        1309        1.55        1.55 9.83304e-09
        1310        1.55        1.55 9.82928e-09
        1311        1.55        1.55 9.82553e-09
        1312        1.55        1.55 9.83901e-09
        1313        1.55        1.55 9.83526e-09
        1314        1.55        1.55 9.83151e-09
        1315        1.55        1.55 9.82778e-09
        1316        1.55        1.55 9.82404e-09
        1317        1.55        1.55 9.83746e-09
        1318        1.55        1.55 9.83373e-09
        1319        1.55        1.55    9.83e-09
        1320        1.55        1.55 9.82628e-09
        1321        1.55        1.55 9.83966e-09
        1322        1.55        1.55   9.853e-09
        1323        1.55        1.55 9.83222e-09
        1324        1.55        1.55 9.79432e-09
        1325        1.55        1.55 9.75633e-09
        1326        1.55        1.55 9.75265e-09
        1327        1.55        1.55 9.74897e-09
        1328        1.55        1.55 9.71093e-09
        1329        1.55        1.55 9.70727e-09
        1330        1.55        1.55  9.6864e-09
        1331        1.55        1.55 9.64824e-09
        1332        1.55        1.55 9.64462e-09
        1333        1.55        1.55   9.641e-09
        1334        1.55        1.55 9.60278e-09
        1335        1.55        1.55 9.58184e-09
        1336        1.55        1.55 9.54349e-09
        1337        1.55        1.55 9.55731e-09
        1338        1.55        1.55 9.53635e-09
        1339        1.55        1.55 9.49794e-09
        1340        1.55        1.55 9.49439e-09
        1341        1.55        1.55 9.45589e-09
        1342        1.55        1.55 9.45237e-09
        1343        1.55        1.55 9.44885e-09
        1344        1.55        1.55 9.41029e-09
        1345        1.55        1.55 9.38922e-09
        1346        1.55        1.55 9.35051e-09
        1347        1.55        1.55 9.36466e-09
        1348        1.55        1.55 9.34358e-09
        1349        1.55        1.55  9.3048e-09
        1350        1.55        1.55 9.30135e-09
        1351        1.55        1.55 9.28022e-09
        1352        1.55        1.55 9.24131e-09
        1353        1.55        1.55 9.25564e-09
        1354        1.55        1.55  9.2167e-09
        1355        1.55        1.55  9.1955e-09
        1356        1.55        1.55 9.15641e-09
        1357        1.55        1.55 9.15304e-09
        1358        1.55        1.55 9.14967e-09
        1359        1.55        1.55  9.1105e-09
        1360        1.55        1.55 9.10715e-09
        1361        1.55        1.55 9.08587e-09
        1362        1.55        1.55 9.04656e-09
        1363        1.55        1.55 9.06124e-09
        1364        1.55        1.55 9.03992e-09
        1365        1.55        1.55 9.00054e-09
        1366        1.55        1.55 8.99724e-09
        1367        1.55        1.55 8.97587e-09
        1368        1.55        1.55 8.93634e-09
        1369        1.55        1.55 8.95121e-09
        1370        1.55        1.55 8.91164e-09
        1371        1.55        1.55  8.8902e-09
        1372        1.55        1.55 8.85046e-09
        1373        1.55        1.55 8.84723e-09
        1374        1.55        1.55 8.84401e-09
        1375        1.55        1.55 8.80419e-09
        1376        1.55        1.55 8.80099e-09
        1377        1.55        1.55 8.77945e-09
        1378        1.55        1.55 8.73946e-09
        1379        1.55        1.55  8.7547e-09
        1380        1.55        1.55 8.73313e-09
        1381        1.55        1.55 8.69305e-09
        1382        1.55        1.55  8.6899e-09
        1383        1.55        1.55 8.64972e-09
        1384        1.55        1.55 8.62802e-09
        1385        1.55        1.55 8.64347e-09
        1386        1.55        1.55 8.60319e-09
        1387        1.55        1.55 8.58145e-09
        1388        1.55        1.55 8.57836e-09
        1389        1.55        1.55 8.53791e-09
        1390        1.55        1.55 8.53484e-09
        1391        1.55        1.55 8.53177e-09
        1392        1.55        1.55 8.49121e-09
        1393        1.55        1.55 8.46936e-09
        1394        1.55        1.55 8.46633e-09
        1395        1.55        1.55 8.42559e-09
        1396        1.55        1.55 8.44144e-09
        1397        1.55        1.55 8.41956e-09
        1398        1.55        1.55 8.37872e-09
        1399        1.55        1.55 8.37572e-09
        1400        1.55        1.55 8.33476e-09
        1401        1.55        1.55 8.31274e-09
        1402        1.55        1.55 8.32881e-09
        1403        1.55        1.55 8.28774e-09
        1404        1.55        1.55 8.26568e-09
        1405        1.55        1.55 8.26273e-09
        1406        1.55        1.55 8.22147e-09
        1407        1.55        1.55 8.21855e-09
        1408        1.55        1.55 8.21563e-09
        1409        1.55        1.55 8.17424e-09
        1410        1.55        1.55 8.15205e-09
        1411        1.55        1.55 8.14916e-09
        1412        1.55        1.55 8.10757e-09
        1413        1.55        1.55 8.12407e-09
        1414        1.55        1.55 8.08243e-09
        1415        1.55        1.55 8.06013e-09
        1416        1.55        1.55 8.05728e-09
        1417        1.55        1.55 8.01544e-09
        1418        1.55        1.55 7.99304e-09
        1419        1.55        1.55 8.00978e-09
        1420        1.55        1.55 7.96781e-09
        1421        1.55        1.55 7.94536e-09
        1422        1.55        1.55 7.94257e-09
        1423        1.55        1.55 7.90037e-09
        1424        1.55        1.55 7.91732e-09
        1425        1.55        1.55 7.89483e-09
        1426        1.55        1.55  7.8525e-09
        1427        1.55        1.55 7.84975e-09
        1428        1.55        1.55 7.82716e-09
        1429        1.55        1.55  7.7846e-09
        1430        1.55        1.55 7.80181e-09
        1431        1.55        1.55 7.75919e-09
        1432        1.55        1.55 7.75648e-09
        1433        1.55        1.55 7.73376e-09
        1434        1.55        1.55  7.6909e-09
        1435        1.55        1.55 7.68822e-09
        1436        1.55        1.55 7.68554e-09
        1437        1.55        1.55 7.64254e-09
        1438        1.55        1.55 7.63988e-09
        1439        1.55        1.55 7.61699e-09
        1440        1.55        1.55 7.61435e-09
        1441        1.55        1.55 7.57111e-09
        1442        1.55        1.55 7.56848e-09
        1443        1.55        1.55 7.56586e-09
        1444        1.55        1.55 7.52247e-09
        1445        1.55        1.55 7.51987e-09
        1446        1.55        1.55  7.4763e-09
        1447        1.55        1.55 7.45315e-09
        1448        1.55        1.55 7.47113e-09
        1449        1.55        1.55 7.42741e-09
        1450        1.55        1.55 7.42484e-09
        1451        1.55        1.55 7.40164e-09
        1452        1.55        1.55 7.35764e-09
        1453        1.55        1.55 7.35511e-09
        1454        1.55        1.55 7.35258e-09
        1455        1.55        1.55 7.35005e-09
        1456        1.55        1.55  7.3059e-09
        1457        1.55        1.55 7.28249e-09
        1458        1.55        1.55 7.27999e-09
        1459        1.55        1.55 7.23555e-09
        1460        1.55        1.55 7.25407e-09
        1461        1.55        1.55  7.2306e-09
        1462        1.55        1.55 7.18598e-09
        1463        1.55        1.55 7.18352e-09
        1464        1.55        1.55  7.1387e-09
        1465        1.55        1.55 7.13626e-09
        1466        1.55        1.55 7.13383e-09
        1467        1.55        1.55 7.08882e-09
        1468        1.55        1.55 7.08641e-09
        1469        1.55        1.55 7.06263e-09
        1470        1.55        1.55 7.06022e-09
        1471        1.55        1.55 7.01492e-09
        1472        1.55        1.55 6.99099e-09
        1473        1.55        1.55 7.01015e-09
        1474        1.55        1.55 6.96465e-09
        1475        1.55        1.55 6.96229e-09
        1476        1.55        1.55 6.93828e-09
        1477        1.55        1.55 6.89245e-09
        1478        1.55        1.55 6.89011e-09
        1479        1.55        1.55 6.86595e-09
        1480        1.55        1.55 6.86363e-09
        1481        1.55        1.55 6.83943e-09
        1482        1.55        1.55 6.83712e-09
        1483        1.55        1.55 6.79086e-09
        1484        1.55        1.55  6.7665e-09
        1485        1.55        1.55 6.78629e-09
        1486        1.55        1.55 6.73981e-09
        1487        1.55        1.55 6.73754e-09
        1488        1.55        1.55 6.71308e-09
        1489        1.55        1.55 6.71083e-09
        1490        1.55        1.55   6.664e-09
        1491        1.55        1.55 6.63937e-09
        1492        1.55        1.55 6.65953e-09
        1493        1.55        1.55 6.61247e-09
        1494        1.55        1.55 6.61026e-09
        1495        1.55        1.55 6.58553e-09
        1496        1.55        1.55 6.58333e-09
        1497        1.55        1.55  6.5359e-09
        1498        1.55        1.55 6.51099e-09
        1499        1.55        1.55 6.50882e-09
        1500        1.55        1.55 6.48386e-09
        1501        1.55        1.55  6.4817e-09
        1502        1.55        1.55 6.43375e-09
        1503        1.55        1.55 6.43161e-09
        1504        1.55        1.55 6.42947e-09
        1505        1.55        1.55 6.38126e-09
        1506        1.55        1.55 6.37914e-09
        1507        1.55        1.55 6.35388e-09
        1508        1.55        1.55 6.35177e-09
        1509        1.55        1.55 6.30315e-09
        1510        1.55        1.55 6.30106e-09
        1511        1.55        1.55 6.29897e-09
        1512        1.55        1.55 6.25007e-09
        1513        1.55        1.55 6.24801e-09
        1514        1.55        1.55  6.1988e-09
        1515        1.55        1.55 6.19676e-09
        1516        1.55        1.55 6.17102e-09
        1517        1.55        1.55 6.16899e-09
        1518        1.55        1.55 6.14319e-09
        1519        1.55        1.55 6.14117e-09
        1520        1.55        1.55 6.11531e-09
        1521        1.55        1.55  6.1133e-09
        1522        1.55        1.55 6.06336e-09
        1523        1.55        1.55 6.03726e-09
        1524        1.55        1.55 6.05938e-09
        1525        1.55        1.55 6.00912e-09
        1526        1.55        1.55 6.00715e-09
        1527        1.55        1.55 5.98092e-09
        1528        1.55        1.55 5.97896e-09
        1529        1.55        1.55 5.92822e-09
        1530        1.55        1.55 5.92628e-09
        1531        1.55        1.55 5.92434e-09
        1532        1.55        1.55 5.87326e-09
        1533        1.55        1.55 5.87134e-09
        1534        1.55        1.55  5.8199e-09
        1535        1.55        1.55   5.818e-09
        1536        1.55        1.55  5.7912e-09
        1537        1.55        1.55 5.78931e-09
        1538        1.55        1.55 5.76243e-09
        1539        1.55        1.55 5.76056e-09
        1540        1.55        1.55  5.7336e-09
        1541        1.55        1.55 5.73174e-09
        1542        1.55        1.55 5.67939e-09
        1543        1.55        1.55 5.67755e-09
        1544        1.55        1.55 5.67571e-09
        1545        1.55        1.55 5.67388e-09
        1546        1.55        1.55 5.62117e-09
        1547        1.55        1.55 5.59375e-09
        1548        1.55        1.55 5.59194e-09
        1549        1.55        1.55 5.53862e-09
        1550        1.55        1.55 5.53683e-09
        1551        1.55        1.55 5.50912e-09
        1552        1.55        1.55 5.50734e-09
        1553        1.55        1.55 5.47954e-09
        1554        1.55        1.55 5.47778e-09
        1555        1.55        1.55 5.42361e-09
        1556        1.55        1.55 5.42187e-09
        1557        1.55        1.55 5.39375e-09
        1558        1.55        1.55 5.41839e-09
        1559        1.55        1.55  5.3638e-09
        1560        1.55        1.55 5.36208e-09
        1561        1.55        1.55 5.33376e-09
        1562        1.55        1.55 5.33205e-09
        1563        1.55        1.55 5.27678e-09
        1564        1.55        1.55 5.24811e-09
        1565        1.55        1.55  5.2734e-09
        1566        1.55        1.55 5.21765e-09
        1567        1.55        1.55 5.21598e-09
        1568        1.55        1.55 5.18709e-09
        1569        1.55        1.55 5.18544e-09
        1570        1.55        1.55 5.12893e-09
        1571        1.55        1.55  5.1273e-09
        1572        1.55        1.55 5.09803e-09
        1573        1.55        1.55 5.09641e-09
        1574        1.55        1.55 5.06703e-09
        1575        1.55        1.55 5.06542e-09
        1576        1.55        1.55 5.00786e-09
        1577        1.55        1.55 5.00627e-09
        1578        1.55        1.55 4.97649e-09
        1579        1.55        1.55  5.0031e-09
        1580        1.55        1.55   4.945e-09
        1581        1.55        1.55 4.94343e-09
        1582        1.55        1.55 4.91339e-09
        1583        1.55        1.55 4.91184e-09
        1584        1.55        1.55 4.85285e-09
        1585        1.55        1.55 4.85132e-09
        1586        1.55        1.55 4.82084e-09
        1587        1.55        1.55 4.84826e-09
        1588        1.55        1.55 4.78869e-09
        1589        1.55        1.55 4.78718e-09
        1590        1.55        1.55 4.72696e-09
        1591        1.55        1.55 4.72547e-09
        1592        1.55        1.55 4.69437e-09
        1593        1.55        1.55 4.69289e-09
        1594        1.55        1.55 4.66163e-09
        1595        1.55        1.55 4.66017e-09
        1596        1.55        1.55 4.62875e-09
        1597        1.55        1.55  4.6273e-09
        1598        1.55        1.55 4.56538e-09
        1599        1.55        1.55 4.56396e-09
        1600        1.55        1.55 4.53201e-09
        1601        1.55        1.55 4.56111e-09
        1602        1.55        1.55 4.49847e-09
        1603        1.55        1.55 4.49707e-09
        1604        1.55        1.55 4.46477e-09
        1605        1.55        1.55 4.46338e-09
        1606        1.55        1.55 4.39958e-09
        1607        1.55        1.55 4.39821e-09
        1608        1.55        1.55 4.36533e-09
        1609        1.55        1.55 4.39548e-09
        1610        1.55        1.55 4.33088e-09
        1611        1.55        1.55 4.32954e-09
        1612        1.55        1.55 4.26407e-09
        1613        1.55        1.55 4.26275e-09
        1614        1.55        1.55 4.22902e-09
        1615        1.55        1.55 4.22771e-09
        1616        1.55        1.55 4.19377e-09
        1617        1.55        1.55 4.19247e-09
        1618        1.55        1.55  4.1583e-09
        1619        1.55        1.55 4.15702e-09
        1620        1.55        1.55 4.08924e-09
        1621        1.55        1.55 4.08798e-09
        1622        1.55        1.55 4.05308e-09
        1623        1.55        1.55 4.05183e-09
        1624        1.55        1.55 4.01669e-09
        1625        1.55        1.55 4.01545e-09
        1626        1.55        1.55 3.98005e-09
        1627        1.55        1.55 3.97883e-09
        1628        1.55        1.55 3.90843e-09
        1629        1.55        1.55 3.90723e-09
        1630        1.55        1.55 3.90603e-09
        1631        1.55        1.55 3.86981e-09
        1632        1.55        1.55 3.86862e-09
        1633        1.55        1.55 3.83212e-09
        1634        1.55        1.55 3.83095e-09
        1635        1.55        1.55 3.75818e-09
        1636        1.55        1.55 3.75703e-09
        1637        1.55        1.55  3.7196e-09
        1638        1.55        1.55 3.71846e-09
        1639        1.55        1.55  3.6807e-09
        1640        1.55        1.55 3.67958e-09
        1641        1.55        1.55 3.64149e-09
        1642        1.55        1.55 3.64038e-09
        1643        1.55        1.55 3.56423e-09
        1644        1.55        1.55 3.56314e-09
        1645        1.55        1.55 3.52396e-09
        1646        1.55        1.55 3.52289e-09
        1647        1.55        1.55 3.48333e-09
        1648        1.55        1.55 3.48227e-09
        1649        1.55        1.55 3.48122e-09
        1650        1.55        1.55 3.44128e-09
        1651        1.55        1.55 3.44023e-09
        1652        1.55        1.55 3.36012e-09
        1653        1.55        1.55  3.3591e-09
        1654        1.55        1.55 3.31787e-09
        1655        1.55        1.55 3.31687e-09
        1656        1.55        1.55 3.27518e-09
        1657        1.55        1.55 3.27419e-09
        1658        1.55        1.55 3.19032e-09
        1659        1.55        1.55 3.18936e-09
        1660        1.55        1.55 3.14617e-09
        1661        1.55        1.55 3.14522e-09
        1662        1.55        1.55 3.10149e-09
        1663        1.55        1.55 3.10056e-09
        1664        1.55        1.55 3.09963e-09
        1665        1.55        1.55 3.05536e-09
        1666        1.55        1.55 3.05444e-09
        1667        1.55        1.55   2.965e-09
        1668        1.55        1.55 2.96411e-09
        1669        1.55        1.55 2.91798e-09
        1670        1.55        1.55 2.96233e-09
        1671        1.55        1.55  2.8703e-09
        1672        1.55        1.55 2.86944e-09
        1673        1.55        1.55 2.77451e-09
        1674        1.55        1.55 2.77368e-09
        1675        1.55        1.55 2.77285e-09
        1676        1.55        1.55 2.72381e-09
        1677        1.55        1.55   2.723e-09
        1678        1.55        1.55 2.67314e-09
        1679        1.55        1.55 2.67234e-09
        1680        1.55        1.55  2.6216e-09
        1681        1.55        1.55 2.62082e-09
        1682        1.55        1.55 2.51726e-09
        1683        1.55        1.55 2.51651e-09
        1684        1.55        1.55 2.46279e-09
        1685        1.55        1.55 2.46206e-09
        1686        1.55        1.55 2.46133e-09
        1687        1.55        1.55 2.40652e-09
        1688        1.55        1.55  2.4058e-09
        1689        1.55        1.55 2.34979e-09
        1690        1.55        1.55  2.3491e-09
        1691        1.55        1.55 2.23378e-09
        1692        1.55        1.55 2.23312e-09
        1693        1.55        1.55 2.17292e-09
        1694        1.55        1.55 2.17227e-09
        1695        1.55        1.55 2.23114e-09
        1696        1.55        1.55 2.10983e-09
        1697        1.55        1.55  2.1092e-09
        1698        1.55        1.55 1.98067e-09
        1699        1.55        1.55 1.98009e-09
        1700        1.55        1.55 1.91238e-09
        1701        1.55        1.55 1.91182e-09
        1702        1.55        1.55 1.76948e-09
        1703        1.55        1.55 1.84119e-09
        1704        1.55        1.55 1.84065e-09
        1705        1.55        1.55 1.76792e-09
        1706        1.55        1.55 1.76741e-09
        1707        1.55        1.55 1.61294e-09
        1708        1.55        1.55 1.61247e-09
        1709        1.55        1.55 1.52927e-09
        1710        1.55        1.55 1.52883e-09
        1711        1.55        1.55 1.61105e-09
        1712        1.55        1.55 1.44055e-09
        1713        1.55        1.55 1.44013e-09
        1714        1.55        1.55 1.34672e-09
        1715        1.55        1.55 1.34633e-09
        1716        1.55        1.55 1.13753e-09
        1717        1.55        1.55  1.1372e-09
        1718        1.55        1.55 8.80611e-10
        1719        1.55        1.55 8.80355e-10
        1720        1.55        1.55 1.01625e-09
        1721        1.55        1.55 8.79843e-10
        1722        1.55        1.55 8.79588e-10
        1723        1.55        1.55 5.07683e-10
        1724        1.55        1.55 5.07536e-10
        1725        1.55        1.55           0
        1726        1.55        1.55           0
        1727        1.55        1.55           0
        1728        1.55        1.55 5.06948e-10
        1729        1.55        1.55 5.06801e-10
        1730        1.55        1.55 7.16518e-10
        1731        1.55        1.55 7.16311e-10
        1732        1.55        1.55 1.01272e-09
        1733        1.55        1.55 1.01243e-09
        1734        1.55        1.55 1.01214e-09
        1735        1.55        1.55 1.13128e-09
        1736        1.55        1.55 1.13095e-09
        1737        1.55        1.55 1.23854e-09
        1738        1.55        1.55 1.23819e-09
        1739        1.55        1.55 1.23783e-09
        1740        1.55        1.55 1.33662e-09
        1741        1.55        1.55 1.33624e-09
        1742        1.55        1.55 1.51472e-09
        1743        1.55        1.55 1.51429e-09
        1744        1.55        1.55 1.67363e-09
        1745        1.55        1.55 1.67315e-09
        1746        1.55        1.55 1.59482e-09
        1747        1.55        1.55 1.67219e-09
        1748        1.55        1.55 1.67171e-09
        1749        1.55        1.55 1.81682e-09
        1750        1.55        1.55  1.8163e-09
        1751        1.55        1.55 1.81578e-09
        1752        1.55        1.55 1.88379e-09
        1753        1.55        1.55 1.88325e-09
        1754        1.55        1.55 1.94879e-09
        1755        1.55        1.55 1.94824e-09
        1756        1.55        1.55 2.01156e-09
        1757        1.55        1.55 2.01099e-09
        1758        1.55        1.55 2.01041e-09
        1759        1.55        1.55 2.13176e-09
        1760        1.55        1.55 2.13115e-09
        1761        1.55        1.55 2.18893e-09
        1762        1.55        1.55 2.18831e-09
        1763        1.55        1.55 2.12934e-09
        1764        1.55        1.55 2.24389e-09
        1765        1.55        1.55 2.24325e-09
        1766        1.55        1.55 2.35207e-09
        1767        1.55        1.55 2.35141e-09
        1768        1.55        1.55 2.35074e-09
        1769        1.55        1.55  2.4029e-09
        1770        1.55        1.55 2.40222e-09
        1771        1.55        1.55 2.50378e-09
        1772        1.55        1.55  2.4525e-09
        1773        1.55        1.55 2.50237e-09
        1774        1.55        1.55 2.50166e-09
        1775        1.55        1.55 2.50096e-09
        1776        1.55        1.55 2.59834e-09
        1777        1.55        1.55 2.59761e-09
        1778        1.55        1.55 2.64453e-09
        1779        1.55        1.55 2.64379e-09
        1780        1.55        1.55 2.64304e-09
        1781        1.55        1.55 2.68907e-09
        1782        1.55        1.55 2.68832e-09
        1783        1.55        1.55 2.73351e-09
        1784        1.55        1.55 2.73274e-09
        1785        1.55        1.55 2.73197e-09
        1786        1.55        1.55 2.82078e-09
        1787        1.55        1.55 2.81999e-09
        1788        1.55        1.55 2.86291e-09
        1789        1.55        1.55 2.86211e-09
        1790        1.55        1.55 2.86131e-09
        1791        1.55        1.55 2.90353e-09
        1792        1.55        1.55 2.90272e-09
        1793        1.55        1.55 2.98604e-09
        1794        1.55        1.55 2.98521e-09
        1795        1.55        1.55 2.98438e-09
        1796        1.55        1.55  3.0247e-09
        1797        1.55        1.55 3.02386e-09
        1798        1.55        1.55 3.10365e-09
        1799        1.55        1.55 3.10279e-09
        1800        1.55        1.55  3.0619e-09
        1801        1.55        1.55 3.10106e-09
        1802        1.55        1.55  3.1002e-09
        1803        1.55        1.55 3.09934e-09
        1804        1.55        1.55 3.17694e-09
        1805        1.55        1.55 3.17606e-09
        1806        1.55        1.55 3.21367e-09
        1807        1.55        1.55 3.21278e-09
        1808        1.55        1.55 3.21189e-09
        1809        1.55        1.55   3.249e-09
        1810        1.55        1.55  3.2481e-09
        1811        1.55        1.55 3.28475e-09
        1812        1.55        1.55 3.28384e-09
        1813        1.55        1.55 3.28294e-09
        1814        1.55        1.55 3.35579e-09
        1815        1.55        1.55 3.35487e-09
        1816        1.55        1.55 3.42608e-09
        1817        1.55        1.55 3.42514e-09
        1818        1.55        1.55  3.4242e-09
        1819        1.55        1.55 3.42326e-09
        1820        1.55        1.55 3.42232e-09
        1821        1.55        1.55 3.42138e-09
        1822        1.55        1.55 3.49097e-09
        1823        1.55        1.55 3.49001e-09
        1824        1.55        1.55 3.52377e-09
        1825        1.55        1.55 3.52281e-09
        1826        1.55        1.55 3.52184e-09
        1827        1.55        1.55 3.58925e-09
        1828        1.55        1.55 3.55426e-09
        1829        1.55        1.55 3.58729e-09
        1830        1.55        1.55 3.58631e-09
        1831        1.55        1.55 3.58533e-09
        1832        1.55        1.55 3.65135e-09
        1833        1.55        1.55 3.65036e-09
        1834        1.55        1.55 3.64936e-09
        1835        1.55        1.55 3.68138e-09
        1836        1.55        1.55 3.68038e-09
        1837        1.55        1.55 3.74451e-09
        1838        1.55        1.55 3.71108e-09
        1839        1.55        1.55 3.71007e-09
        1840        1.55        1.55 3.74145e-09
        1841        1.55        1.55 3.74044e-09
        1842        1.55        1.55 3.73942e-09
        1843        1.55        1.55 3.80231e-09
        1844        1.55        1.55 3.80128e-09
        1845        1.55        1.55 3.86307e-09
        1846        1.55        1.55 3.86203e-09
        1847        1.55        1.55 3.86098e-09
        1848        1.55        1.55 3.85993e-09
        1849        1.55        1.55 3.85889e-09
        1850        1.55        1.55 3.85785e-09
        1851        1.55        1.55 3.91852e-09
        1852        1.55        1.55 3.91746e-09
        1853        1.55        1.55 3.94688e-09
        1854        1.55        1.55 3.94582e-09
        1855        1.55        1.55 3.94475e-09
        1856        1.55        1.55  4.0039e-09
        1857        1.55        1.55 3.97284e-09
        1858        1.55        1.55 3.97177e-09
        1859        1.55        1.55 4.00067e-09
        1860        1.55        1.55  3.9996e-09
        1861        1.55        1.55 3.99852e-09
        1862        1.55        1.55 4.05667e-09
        1863        1.55        1.55 4.05558e-09
        1864        1.55        1.55 4.08377e-09
        1865        1.55        1.55 4.08267e-09
        1866        1.55        1.55 4.08158e-09
        1867        1.55        1.55 4.10953e-09
        1868        1.55        1.55 4.10843e-09
        1869        1.55        1.55 4.10733e-09
        1870        1.55        1.55 4.16366e-09
        1871        1.55        1.55 4.16255e-09
        1872        1.55        1.55 4.18985e-09
        1873        1.55        1.55 4.18873e-09
        1874        1.55        1.55 4.18761e-09
        1875        1.55        1.55 4.24269e-09
        1876        1.55        1.55 4.24156e-09
        1877        1.55        1.55 4.21244e-09
        1878        1.55        1.55  4.2393e-09
        1879        1.55        1.55 4.23817e-09
        1880        1.55        1.55 4.23704e-09
        1881        1.55        1.55 4.29129e-09
        1882        1.55        1.55 4.29015e-09
        1883        1.55        1.55 4.28901e-09
        1884        1.55        1.55 4.31527e-09
        1885        1.55        1.55 4.31413e-09
        1886        1.55        1.55 4.36724e-09
        1887        1.55        1.55 4.36608e-09
        1888        1.55        1.55  4.3379e-09
        1889        1.55        1.55 4.36377e-09
        1890        1.55        1.55 4.36261e-09
        1891        1.55        1.55 4.36146e-09
        1892        1.55        1.55 4.41381e-09
        1893        1.55        1.55 4.41264e-09
        1894        1.55        1.55 4.41148e-09
        1895        1.55        1.55  4.4368e-09
        1896        1.55        1.55 4.43563e-09
        1897        1.55        1.55 4.43446e-09
        1898        1.55        1.55 4.45961e-09
        1899        1.55        1.55 4.45843e-09
        1900        1.55        1.55 4.50939e-09
        1901        1.55        1.55 4.50821e-09
        1902        1.55        1.55 4.50702e-09
        1903        1.55        1.55 4.53166e-09
        1904        1.55        1.55 4.53047e-09
        1905        1.55        1.55 4.52928e-09
        1906        1.55        1.55 4.57926e-09
        1907        1.55        1.55 4.57806e-09
        1908        1.55        1.55 4.55136e-09
        1909        1.55        1.55 4.57566e-09
        1910        1.55        1.55 4.57446e-09
        1911        1.55        1.55 4.57326e-09
        1912        1.55        1.55 4.62259e-09
        1913        1.55        1.55 4.62138e-09
        1914        1.55        1.55 4.62017e-09
        1915        1.55        1.55   4.644e-09
        1916        1.55        1.55 4.64279e-09
        1917        1.55        1.55 4.64158e-09
        1918        1.55        1.55    4.69e-09
        1919        1.55        1.55 4.66403e-09
        1920        1.55        1.55 4.68755e-09
        1921        1.55        1.55 4.68633e-09
        1922        1.55        1.55 4.68511e-09
        1923        1.55        1.55 4.73294e-09
        1924        1.55        1.55 4.73171e-09
        1925        1.55        1.55 4.73048e-09
        1926        1.55        1.55 4.77776e-09
        1927        1.55        1.55 4.77652e-09
        1928        1.55        1.55 4.77528e-09
        1929        1.55        1.55 4.77405e-09
        1930        1.55        1.55 4.77281e-09
        1931        1.55        1.55 4.77157e-09
        1932        1.55        1.55 4.81828e-09
        1933        1.55        1.55 4.81704e-09
        1934        1.55        1.55 4.81579e-09
        1935        1.55        1.55 4.83832e-09
        1936        1.55        1.55 4.83707e-09
        1937        1.55        1.55 4.83582e-09
        1938        1.55        1.55 4.88174e-09
        1939        1.55        1.55 4.88048e-09
        1940        1.55        1.55 4.85571e-09
        1941        1.55        1.55 4.87797e-09
        1942        1.55        1.55 4.87671e-09
        1943        1.55        1.55 4.87546e-09
        1944        1.55        1.55 4.92085e-09
        1945        1.55        1.55 4.91958e-09
        1946        1.55        1.55 4.91832e-09
        1947        1.55        1.55 4.94019e-09
        1948        1.55        1.55 4.93893e-09
        1949        1.55        1.55 4.93766e-09
        1950        1.55        1.55 4.98231e-09
        1951        1.55        1.55 4.95814e-09
        1952        1.55        1.55 4.95686e-09
        1953        1.55        1.55 4.97849e-09
        1954        1.55        1.55 4.97721e-09
        1955        1.55        1.55 4.97594e-09
        1956        1.55        1.55  5.0201e-09
        1957        1.55        1.55 5.01881e-09
        1958        1.55        1.55 5.01753e-09
        1959        1.55        1.55 5.06124e-09
        1960        1.55        1.55 5.05995e-09
        1961        1.55        1.55 5.05866e-09
        1962        1.55        1.55 5.05737e-09
        1963        1.55        1.55 5.05608e-09
        1964        1.55        1.55  5.0548e-09
        1965        1.55        1.55 5.09803e-09
        1966        1.55        1.55 5.09674e-09
        1967        1.55        1.55 5.09544e-09
        1968        1.55        1.55 5.11625e-09
        1969        1.55        1.55 5.11495e-09
        1970        1.55        1.55 5.11365e-09
        1971        1.55        1.55 5.15624e-09
        1972        1.55        1.55 5.15493e-09
        1973        1.55        1.55 5.13174e-09
        1974        1.55        1.55 5.15232e-09
        1975        1.55        1.55 5.15101e-09
        1976        1.55        1.55 5.14971e-09
        1977        1.55        1.55 5.19185e-09
        1978        1.55        1.55 5.19054e-09
        1979        1.55        1.55 5.18923e-09
        1980        1.55        1.55 5.20949e-09
        1981        1.55        1.55 5.20817e-09
        1982        1.55        1.55 5.20686e-09
        1983        1.55        1.55 5.24839e-09
        1984        1.55        1.55  5.2257e-09
        1985        1.55        1.55 5.22438e-09
        1986        1.55        1.55  5.2657e-09
        1987        1.55        1.55 5.26438e-09
        1988        1.55        1.55 5.26305e-09
        1989        1.55        1.55  5.2829e-09
        1990        1.55        1.55 5.28158e-09
        1991        1.55        1.55 5.28025e-09
        1992        1.55        1.55 5.32099e-09
        1993        1.55        1.55 5.31965e-09
        1994        1.55        1.55 5.31832e-09
        1995        1.55        1.55 5.31699e-09
        1996        1.55        1.55 5.31565e-09
        1997        1.55        1.55 5.31432e-09
        1998        1.55        1.55 5.31299e-09
        1999        1.55        1.55 5.35332e-09
        2000        1.55        1.55 5.35199e-09
