           1     5.51688     5.51688           0
           2     6.96872      6.2428    0.513304
           3     7.90673     6.79744    0.567617
           4     8.90463     7.32424    0.623994
           5     9.45587     7.75057     0.62817
           6     10.3277     8.18008    0.654036
           7     10.3942     8.49638    0.632479
           8     11.0376     8.81404    0.628142
           9     11.9697     9.16466    0.648871
          10     12.0733     9.45552    0.645892
          11     12.2612     9.71059    0.635544
          12     12.3838     9.93335    0.620396
          13     12.9518     10.1655    0.614587
          14     12.9991     10.3679    0.603095
          15     13.6608     10.5875    0.601516
          16     13.6534     10.7791     0.59366
          17     13.7845     10.9559    0.584471
          18      15.135      11.188    0.596333
          19     14.8909     11.3829    0.595942
          20     14.7553     11.5516    0.589517
          21     15.5792     11.7433    0.591822
          22     15.3054     11.9053    0.586651
          23     14.5045     12.0183    0.571926
          24     13.6055     12.0844    0.551907
          25     13.5579     12.1433    0.532968
          26     14.0843      12.218    0.517671
          27     13.7237     12.2738    0.501493
          28     13.9138     12.3323    0.486991
          29     14.4999     12.4071    0.475899
          30     15.5171     12.5107    0.471192
          31     15.0877     12.5939    0.463267
          32     14.9055     12.6661    0.454387
          33     13.8929     12.7033    0.442135
          34     13.6583     12.7314    0.430023
          35     13.8308     12.7628    0.418882
          36     13.8309     12.7925    0.408296
          37      14.534     12.8395    0.399965
          38     14.7526     12.8899    0.392595
          39     14.6471     12.9349    0.385105
          40     15.4745     12.9984    0.380675
          41     16.1073     13.0742    0.378867
          42     16.0297     13.1446    0.376325
          43     15.8566     13.2077    0.372821
          44     15.9189     13.2693    0.369405
          45     16.4126     13.3391    0.367741
          46     16.6923      13.412      0.3669
          47     15.8818     13.4646    0.362837
          48     15.8148     13.5136    0.358566
          49     15.8142     13.5605    0.354309
          50      15.476     13.5988    0.349288
          51     15.3128     13.6324    0.344052
          52     15.0959     13.6606    0.338585
          53     14.2231     13.6712    0.332363
          54     14.1635     13.6803    0.326333
          55     14.3873     13.6932    0.320653
          56     14.5643     13.7087    0.315304
          57     14.3695     13.7203    0.309986
          58     14.1814     13.7283    0.304743
          59     14.3865     13.7394    0.299782
          60     14.3672     13.7499    0.294968
          61     14.5851     13.7636     0.29045
          62     14.7504     13.7795    0.286201
          63     14.4653     13.7904    0.281865
          64     14.5476     13.8022    0.277709
          65     14.6998      13.816     0.27378
          66     14.9725     13.8335    0.270192
          67     15.3814     13.8566    0.267145
          68     15.3851     13.8791    0.264161
          69     15.7291     13.9059    0.261689
          70     15.3353     13.9263    0.258746
          71     16.0255     13.9559    0.256786
          72     16.0247     13.9846    0.254822
          73     14.3874     13.9902    0.251391
          74     14.5578     13.9978     0.24811
          75     14.8951     14.0098    0.245091
          76     14.9648     14.0224    0.242188
          77     15.2213     14.0379    0.239542
          78     14.9538     14.0497    0.236759
          79       14.93     14.0608    0.234024
          80     15.5939       14.08    0.231882
          81     15.1671     14.0934    0.229407
          82     15.5381      14.111    0.227285
          83     14.9521     14.1212    0.224773
          84     14.5382     14.1261    0.222152
          85     15.3126     14.1401    0.219976
          86     14.6674     14.1462    0.217504
          87     14.5835     14.1512    0.215062
          88     13.1543     14.1399    0.212916
          89     14.6664     14.1458    0.210606
          90     14.6632     14.1516    0.208344
          91     14.6332     14.1569    0.206122
          92     14.8021     14.1639    0.204001
          93       15.02     14.1731    0.202015
          94     15.0547     14.1825    0.200083
          95     15.1964     14.1931    0.198262
          96     15.4869     14.2066    0.196654
          97     14.5014     14.2096     0.19465
          98     14.3893     14.2115    0.192672
          99     14.7533      14.217    0.190804
         100     15.4395     14.2292    0.189287
         101     15.0759     14.2376    0.187599
         102     15.3203     14.2482     0.18606
         103     14.7534     14.2531    0.184318
         104     15.0557     14.2608    0.182707
         105     14.9493     14.2674    0.181085
         106     14.5616     14.2701    0.179397
         107     14.8132     14.2752    0.177793
         108     15.3433     14.2851    0.176421
         109     15.0523     14.2921    0.174943
         110     14.9056     14.2977    0.173442
         111     14.4426      14.299    0.171884
         112     14.2214     14.2983    0.170351
         113     14.1257     14.2968     0.16885
         114     14.5992     14.2995     0.16739
         115          15     14.3055    0.166045
         116     15.1884     14.3132    0.164788
         117     15.6042     14.3242    0.163748
         118     15.5441     14.3345    0.162687
         119     14.6569     14.3372    0.161342
         120     13.9154     14.3337    0.160036
         121     14.1149     14.3319    0.158724
         122      13.848     14.3279    0.157472
         123     14.0089     14.3254    0.156213
         124     13.5924     14.3194    0.155065
         125      14.874     14.3239    0.153888
         126     14.2403     14.3232    0.152668
         127     13.6369     14.3178    0.151562
         128     13.9872     14.3152      0.1504
         129     14.3796     14.3157    0.149235
         130     14.7941     14.3194    0.148132
         131     14.6712     14.3221    0.147026
         132     14.4697     14.3232    0.145916
         133     14.3735     14.3236    0.144819
         134      14.926     14.3281    0.143808
         135     15.2676      14.335    0.142911
         136     14.7832     14.3383    0.141899
         137     14.5749     14.3401    0.140873
         138     13.9319     14.3371    0.139884
         139     14.0071     14.3347    0.138897
         140     13.6659       14.33    0.137987
         141     13.8203     14.3263    0.137056
         142     13.7999     14.3226    0.136141
         143     14.2187     14.3219    0.135191
         144     13.9451     14.3193    0.134277
         145     14.4499     14.3202    0.133354
         146     14.9316     14.3244    0.132507
         147     14.5384     14.3258    0.131613
         148     15.2515     14.3321    0.130873
         149     15.4875     14.3398    0.130224
         150     16.6461     14.3552     0.13026
         151     16.5855       14.37    0.130232
         152     16.2353     14.3823    0.129952
         153     16.9036     14.3987    0.130144
         154     15.2495     14.4043    0.129416
         155      15.804     14.4133    0.128895
         156     15.0822     14.4176     0.12814
         157     14.9901     14.4212    0.127376
         158     15.0052     14.4249    0.126624
         159     14.7811     14.4272    0.125847
         160      14.789     14.4294    0.125081
         161     14.7889     14.4317    0.124324
         162     14.8407     14.4342    0.123582
         163     14.7849     14.4363    0.122843
         164     14.8036     14.4386    0.122114
         165     14.0895     14.4365    0.121392
         166     14.4286     14.4364    0.120661
         167     14.4923     14.4367    0.119939
         168       14.27     14.4358    0.119229
         169     14.3296     14.4351    0.118525
         170     14.8535     14.4376    0.117854
         171     14.7186     14.4392    0.117176
         172     14.7322     14.4409    0.116507
         173     15.7199     14.4483    0.116068
         174     16.6327     14.4609    0.116078
         175     15.6501     14.4677    0.115613
         176     15.4552     14.4733    0.115092
         177      14.432     14.4731    0.114442
         178     14.5202     14.4733      0.1138
         179      14.664     14.4744    0.113169
         180     15.2273     14.4786    0.112617
         181     14.7051     14.4798    0.112002
         182     15.8548     14.4874    0.111641
         183     15.5494     14.4932    0.111182
         184     15.0448     14.4962    0.110618
         185     16.0764     14.5047     0.11035
         186     15.8623      14.512    0.109997
         187     16.0598     14.5203     0.10972
         188     15.7183     14.5267    0.109321
         189     15.9084      14.534    0.108987
         190     15.1388     14.5372     0.10846
         191     16.3215     14.5465    0.108294
         192     15.2287     14.5501    0.107788
         193     16.1879     14.5585    0.107563
         194     15.8255     14.5651    0.107207
         195      16.363     14.5743    0.107053
         196     16.2271     14.5827    0.106838
         197     16.0482     14.5902    0.106554
         198     16.2104     14.5983     0.10633
         199     15.7851     14.6043    0.105963
         200      15.106     14.6068    0.105463
         201     14.7713     14.6076    0.104941
         202     14.8099     14.6086    0.104426
         203     14.5837     14.6085    0.103912
         204     14.1649     14.6063    0.103425
         205     14.6635     14.6066    0.102921
         206     14.9738     14.6084    0.102437
         207     15.7429     14.6139    0.102089
         208     16.1465     14.6212    0.101863
         209     15.6774     14.6263    0.101501
         210      16.336     14.6344    0.101344
         211     15.6824     14.6394    0.100985
         212     14.7967     14.6402    0.100512
         213     14.4132     14.6391    0.100045
         214     13.5389     14.6339     0.09971
         215     13.0458     14.6266   0.0995194
         216     13.1756     14.6198   0.0992852
         217     14.0312     14.6171   0.0988647
         218      13.741     14.6131   0.0984928
         219     13.2109     14.6067    0.098251
         220     13.4057     14.6012   0.0979559
         221     13.5228     14.5964   0.0976342
         222     14.0356     14.5938    0.097227
         223     13.8717     14.5906    0.096845
         224     14.2332      14.589   0.0964258
         225     15.2807     14.5921   0.0960462
         226     14.7537     14.5928   0.0956239
         227     15.3916     14.5963   0.0952674
         228      16.505     14.6047   0.0952166
         229     16.5377     14.6131   0.0951743
         230     16.0203     14.6192   0.0949569
         231     15.1245     14.6214    0.094571
         232     15.3281     14.6245   0.0942125
         233     15.4886     14.6282   0.0938811
         234     14.9813     14.6297    0.093492
         235     15.1607      14.632   0.0931215
         236     15.6736     14.6364   0.0928314
         237     15.9636      14.642   0.0926085
         238     15.8778     14.6472   0.0923648
         239     15.4645     14.6506   0.0920417
         240     15.4013     14.6537   0.0917113
         241     15.1611     14.6558   0.0913549
         242     15.1153     14.6577   0.0909971
         243     15.4633      14.661    0.090683
         244     15.4665     14.6643   0.0903714
         245     15.4253     14.6674   0.0900559
         246     15.1028     14.6692   0.0897072
         247     15.0136     14.6706   0.0893549
         248     15.3287     14.6733    0.089034
         249     15.5221     14.6767   0.0887417
         250     16.7484      14.685   0.0887728
         251     17.7824     14.6973   0.0892727
         252     17.4329     14.7081    0.089576
         253     16.4516      14.715   0.0894866
         254     15.4819     14.7181   0.0891852
         255     16.0843     14.7234   0.0889963
         256     15.7274     14.7273    0.088735
         257     15.6025     14.7307    0.088455
         258     15.8047     14.7349   0.0882101
         259     14.6269     14.7345   0.0878705
         260     14.5365     14.7337   0.0875358
         261     14.5396      14.733   0.0872036
         262     14.1316     14.7307    0.086901
         263     13.7911     14.7271   0.0866439
         264     14.0164     14.7244   0.0863576
         265     14.9143     14.7251   0.0860347
         266     14.0512     14.7226   0.0857485
         267     13.9972     14.7199   0.0854704
         268     15.3706     14.7223    0.085186
         269     15.3228     14.7245   0.0848985
         270      16.369     14.7306   0.0848023
         271     15.9547     14.7352   0.0846096
         272     15.9089     14.7395   0.0844085
         273     15.6876     14.7429   0.0841707
         274     15.8067     14.7468    0.083953
         275     15.3761     14.7491   0.0836789
         276     16.0287     14.7538    0.083504
         277     15.2516     14.7555   0.0832219
         278     15.8264     14.7594   0.0830116
         279     15.4028     14.7617   0.0827461
         280     15.3568     14.7638   0.0824779
         281      15.417     14.7662   0.0822171
         282      15.211     14.7677   0.0819407
         283     15.8551     14.7716   0.0817412
         284     15.8607     14.7754   0.0815433
         285     15.3006     14.7773    0.081278
         286     14.1958     14.7752   0.0810192
         287     13.7971     14.7718   0.0808086
         288     14.6893     14.7715   0.0805285
         289     14.8411     14.7718   0.0802502
         290      14.515     14.7709   0.0799784
         291     14.5918     14.7703   0.0797059
         292     15.1814     14.7717   0.0794454
         293     15.3641     14.7737      0.0792
         294     15.7684     14.7771   0.0790028
         295     15.0755     14.7781   0.0787415
         296     14.5953     14.7775   0.0784779
         297     14.9167     14.7779    0.078215
         298     14.6511     14.7775   0.0779537
         299     14.2714     14.7758   0.0777114
         300     14.4125     14.7746   0.0774618
         301     14.4073     14.7734   0.0772141
         302     14.8084     14.7735   0.0769585
         303     14.6347     14.7731   0.0767058
         304     14.4442      14.772   0.0764611
         305     14.6531     14.7716   0.0762114
         306     14.5266     14.7708   0.0759666
         307     14.3511     14.7694   0.0757314
         308     15.0786     14.7704   0.0754922
         309     14.9877     14.7711   0.0752512
         310     15.0199     14.7719   0.0750127
         311     15.2308     14.7734    0.074786
         312     15.3529     14.7753   0.0745694
         313     14.6297     14.7748   0.0743326
         314     14.6618     14.7744   0.0740967
         315     15.2268     14.7759   0.0738754
         316     15.1602     14.7771   0.0736517
         317     15.3022     14.7787   0.0734379
         318     14.6458     14.7783   0.0732082
         319     14.4804     14.7774   0.0729847
         320     14.9043     14.7778   0.0727577
         321     15.3119     14.7794     0.07255
         322     14.7659     14.7794   0.0723247
         323     14.3232      14.778   0.0721146
         324     14.1813     14.7761   0.0719155
         325     13.8414     14.7733   0.0717517
         326     14.4164     14.7722     0.07154
         327     14.0643       14.77    0.071354
         328     14.1068      14.768   0.0711651
         329     14.3714     14.7668    0.070959
         330     14.0295     14.7646   0.0707791
         331     14.0403     14.7624   0.0705991
         332     13.9598     14.7599   0.0704278
         333     13.0726     14.7549   0.0703984
         334     12.9893     14.7496   0.0703858
         335     13.0062     14.7444   0.0703678
         336     13.7942     14.7416   0.0702152
         337     13.7018     14.7385   0.0700746
         338     14.4235     14.7375   0.0698735
         339     15.0847     14.7386   0.0696748
         340     15.5228     14.7409   0.0695081
         341     14.9571     14.7415   0.0693071
         342     15.1186     14.7426   0.0691133
         343      14.998     14.7434   0.0689158
         344      15.062     14.7443   0.0687217
         345     14.6547      14.744    0.068523
         346     14.4885     14.7433   0.0683289
         347     14.1322     14.7415   0.0681547
         348     15.2462      14.743   0.0679743
         349     15.1633     14.7442   0.0677902
         350     14.7385     14.7442   0.0675965
         351     15.0772     14.7451   0.0674105
         352     15.6092     14.7476   0.0672637
         353     15.4252     14.7495   0.0671006
         354     15.5674     14.7518   0.0669508
         355     15.1708      14.753   0.0667726
         356     14.0623      14.751   0.0666132
         357     14.1803     14.7494   0.0664458
         358     14.7303     14.7494   0.0662602
         359     15.3465      14.751   0.0660965
         360     15.1654     14.7522   0.0659229
         361     15.1816     14.7534   0.0657511
         362     15.6512     14.7559   0.0656162
         363     15.4021     14.7576   0.0654596
         364       15.33     14.7592   0.0652986
         365     15.8413     14.7622    0.065187
         366     15.6551     14.7646   0.0650545
         367      15.573     14.7668   0.0649145
         368     15.1389     14.7678    0.064746
         369     14.7208     14.7677   0.0645707
         370     14.8422     14.7679   0.0643965
         371     15.4244     14.7697   0.0642472
         372     15.6913     14.7722   0.0641222
         373     15.0382     14.7729   0.0639543
         374     15.0875     14.7737   0.0637888
         375     15.5086     14.7757   0.0636488
         376      14.695     14.7755   0.0634799
         377     15.3413      14.777   0.0633293
         378     15.2722     14.7783   0.0631753
         379     15.1902     14.7794   0.0630179
         380     15.6761     14.7817   0.0628963
         381     15.1891     14.7828   0.0627403
         382      14.606     14.7823   0.0625777
         383     14.5476     14.7817   0.0624173
         384     14.7972     14.7818   0.0622548
         385     14.5239     14.7811   0.0620967
         386      15.082     14.7819   0.0619407
         387     15.5441     14.7838    0.061812
         388     15.9963      14.787   0.0617316
         389     15.4262     14.7886   0.0615948
         390      15.964     14.7916   0.0615106
         391     15.8682     14.7944   0.0614148
         392     14.7621     14.7943   0.0612582
         393     14.8057     14.7943   0.0611024
         394     13.9408     14.7921   0.0609857
         395     14.8864     14.7924   0.0608317
         396     15.1014     14.7932   0.0606831
         397     15.2458     14.7943    0.060541
         398     14.8542     14.7945   0.0603891
         399      14.932     14.7948   0.0602387
         400     14.7051     14.7946   0.0600885
         401     13.8541     14.7922   0.0599844
         402     13.8585     14.7899   0.0598801
         403      14.958     14.7903    0.059733
         404     14.7406     14.7902   0.0595853
         405     14.6245     14.7898   0.0594396
         406     14.8016     14.7898   0.0592932
         407     15.7597     14.7922   0.0591954
         408     15.6737     14.7944   0.0590897
         409     14.8527     14.7945   0.0589454
         410     14.6015      14.794   0.0588035
         411     14.8609     14.7942   0.0586606
         412     14.1817     14.7927   0.0585371
         413      14.245     14.7914   0.0584104
         414     13.8146      14.789   0.0583169
         415     14.3337     14.7879   0.0581867
         416      14.557     14.7874   0.0580495
         417     14.5772     14.7869   0.0579125
         418     14.1782     14.7854   0.0577922
         419     14.0861     14.7837   0.0576784
         420     14.5469     14.7832   0.0575438
         421      14.588     14.7827    0.057409
         422     14.4381     14.7819   0.0572788
         423     14.0184     14.7801   0.0571718
         424     14.4823     14.7794   0.0570413
         425     14.4791     14.7787   0.0569114
         426     13.7053     14.7762   0.0568336
         427     14.0707     14.7745   0.0567245
         428     14.4418     14.7737   0.0565973
         429     14.1524     14.7723   0.0564839
         430     14.3563     14.7713   0.0563608
         431     13.8557     14.7692   0.0562701
         432     14.0723     14.7676    0.056163
         433     14.2541     14.7664   0.0560458
         434     14.4832     14.7657   0.0559204
         435     15.3105      14.767   0.0558059
         436     15.1205     14.7678   0.0556838
         437     15.0732     14.7685   0.0555608
         438     15.6403     14.7705   0.0554695
         439     15.5304     14.7722   0.0553702
         440     16.1701     14.7754   0.0553354
         441     16.0169     14.7782   0.0552815
         442     16.3071     14.7817   0.0552645
         443      15.185     14.7826   0.0551473
         444     15.0559     14.7832   0.0550265
         445      14.868     14.7834   0.0549032
         446     15.1693     14.7843   0.0547869
         447     15.3665     14.7856   0.0546798
         448     15.9424     14.7881   0.0546187
         449     16.1809     14.7912   0.0545851
         450     16.8941     14.7959   0.0546635
         451     16.6601     14.8001   0.0546983
         452     16.4927     14.8038   0.0547053
         453     16.2533      14.807   0.0546781
         454     15.2922     14.8081   0.0545681
         455     15.0556     14.8086   0.0544508
         456     14.4887     14.8079    0.054336
         457     15.1666     14.8087   0.0542227
         458     15.4636     14.8101   0.0541232
         459     15.7673     14.8122   0.0540454
         460     15.4032     14.8135   0.0539432
         461     15.8003     14.8156   0.0538687
         462      15.309     14.8167   0.0537626
         463     15.3814     14.8179   0.0536604
         464     15.4731     14.8193   0.0535633
         465     16.1155     14.8221   0.0535206
         466     16.6104      14.826   0.0535431
         467     17.1986      14.831    0.053669
         468     16.6592     14.8349   0.0536963
         469     15.3842     14.8361   0.0535945
         470     15.7651     14.8381   0.0535169
         471      16.287     14.8412   0.0534917
         472     16.1538      14.844   0.0534506
         473     16.1913     14.8468   0.0534134
         474     15.3639     14.8479   0.0533119
         475     15.7649     14.8498   0.0532346
         476     16.0843     14.8524   0.0531859
         477      16.574      14.856   0.0531967
         478     16.1322     14.8587   0.0531524
         479      15.944      14.861   0.0530897
         480     16.3357      14.864   0.0530679
         481     16.1697     14.8667    0.053027
         482     15.9578      14.869   0.0529652
         483     14.5116     14.8683   0.0528607
         484     15.5145     14.8696   0.0527684
         485     15.1731     14.8702   0.0526633
         486     14.6209     14.8697   0.0525574
         487     14.2201     14.8684   0.0524664
         488     13.6964      14.866   0.0524139
         489     14.0537     14.8643    0.052333
         490     13.4784     14.8615   0.0523026
         491     13.7715     14.8593   0.0522431
         492      13.976     14.8575   0.0521678
         493     14.4486     14.8567   0.0520686
         494     15.1924     14.8573   0.0519676
         495     14.3904     14.8564   0.0518712
         496     14.0596     14.8548   0.0517915
         497      14.237     14.8535   0.0517022
         498     14.5454     14.8529    0.051602
         499     14.9225     14.8531   0.0514988
         500     14.8286      14.853   0.0513958
         501     15.0285     14.8534   0.0512945
         502     15.0929     14.8538   0.0511945
         503     15.2887     14.8547      0.0511
         504     14.8835     14.8548   0.0509987
         505     15.2607     14.8556    0.050904
         506     15.2156     14.8563   0.0508084
         507     15.1742     14.8569    0.050712
         508     14.9483     14.8571   0.0506125
         509     15.1906     14.8577   0.0505173
         510     15.0411     14.8581   0.0504196
         511     14.6415     14.8577   0.0503227
         512     15.5791     14.8591   0.0502441
         513     15.3071       14.86   0.0501538
         514      14.935     14.8601   0.0500564
         515     14.4186     14.8592   0.0499665
         516     14.7635     14.8591     0.04987
         517      13.438     14.8563   0.0498493
         518     13.6493      14.854   0.0498075
         519     13.5661     14.8515   0.0497733
         520     14.1594     14.8502   0.0496954
         521     15.0911     14.8506   0.0496021
         522     14.5886     14.8501   0.0495096
         523      15.059     14.8505   0.0494166
         524     15.3472     14.8515   0.0493314
         525     15.0808     14.8519   0.0492393
         526     15.8848     14.8539   0.0491849
         527     16.6256     14.8572   0.0492063
         528      16.815     14.8609   0.0492526
         529     17.1868     14.8653   0.0493554
         530     17.5005     14.8703    0.049512
         531      17.029     14.8744   0.0495854
         532     16.2047     14.8769   0.0495552
         533     16.3801     14.8797   0.0495424
         534      15.411     14.8807   0.0494597
         535     15.2482     14.8814    0.049372
         536     16.1796     14.8838   0.0493392
         537     16.5241     14.8869   0.0493418
         538     15.6448     14.8883   0.0492702
         539     16.0618     14.8904   0.0492269
         540     16.1396     14.8928   0.0491901
         541     16.3429     14.8954   0.0491721
         542     16.3835     14.8982    0.049158
         543     16.4822     14.9011   0.0491539
         544     17.4493     14.9058   0.0492862
         545     16.8681     14.9094   0.0493271
         546     16.6413     14.9126   0.0493387
         547     15.9196     14.9144   0.0492828
         548     15.3181     14.9151   0.0491984
         549     15.0018     14.9153    0.049109
         550     14.7686      14.915   0.0490205
         551     14.2618     14.9138   0.0489458
         552     14.2008     14.9125   0.0488742
         553     15.2394     14.9131   0.0487894
         554     15.0269     14.9133   0.0487018
         555     15.0071     14.9135   0.0486143
         556     15.1265     14.9139   0.0485284
         557     15.0658     14.9142    0.048442
         558     14.6929     14.9138   0.0483568
         559     15.3047     14.9145   0.0482754
         560     14.9822     14.9146   0.0481893
         561     14.5804      14.914   0.0481071
         562     14.1886     14.9127   0.0480388
         563     14.4742     14.9119   0.0479598
         564      14.704     14.9116   0.0478762
         565     14.2253     14.9103   0.0478069
         566     13.5856      14.908   0.0477797
         567     14.2497     14.9068   0.0477095
         568     15.0219      14.907   0.0476259
         569     15.4835     14.9081    0.047553
         570     15.9508     14.9099   0.0475048
         571      15.644     14.9112   0.0474389
         572     15.0911     14.9115   0.0473571
         573     14.8655     14.9114   0.0472745
         574     15.5728     14.9126   0.0472062
         575     15.5718     14.9137    0.047138
         576     15.1355     14.9141   0.0470577
         577     15.3491     14.9148   0.0469822
         578     15.8381     14.9164   0.0469281
         579      15.278     14.9171   0.0468512
         580     15.3462     14.9178   0.0467762
         581     14.6482     14.9173    0.046698
         582     14.4742     14.9166    0.046624
         583      13.339     14.9139   0.0466225
         584     13.7444     14.9119   0.0465856
         585     13.8717     14.9101   0.0465399
         586     14.6263     14.9096    0.046463
         587     14.3322     14.9086   0.0463943
         588     14.6638     14.9082   0.0463172
         589     14.4647     14.9075   0.0462447
         590     14.3926     14.9066   0.0461746
         591     15.0674     14.9069   0.0460972
         592     14.5234     14.9062   0.0460239
         593     14.7715      14.906   0.0459469
         594     14.1793     14.9048   0.0458858
         595     14.4664      14.904   0.0458146
         596     14.6613     14.9036   0.0457395
         597     14.4256     14.9028   0.0456699
         598     14.2051     14.9016   0.0456085
         599     13.9224        14.9   0.0455616
         600     13.6482     14.8979   0.0455334
         601     14.2029     14.8968   0.0454723
         602     14.1602     14.8955   0.0454133
         603     14.4741     14.8948   0.0453433
         604     14.1376     14.8936   0.0452856
         605     14.0135     14.8921   0.0452341
         606     14.4682     14.8914   0.0451649
         607     14.7747     14.8912   0.0450909
         608     14.9458     14.8913   0.0450168
         609     15.2947      14.892   0.0449477
         610     15.2378     14.8926   0.0448776
         611     14.5264      14.892   0.0448082
         612     14.0458     14.8906   0.0447563
         613     14.1782     14.8894   0.0446984
         614     14.4407     14.8887   0.0446315
         615     13.6663     14.8867   0.0446032
         616     13.5729     14.8846   0.0445818
         617     14.0813     14.8833   0.0445285
         618      14.113      14.882   0.0444739
         619     14.2371      14.881   0.0444143
         620     14.4958     14.8804    0.044347
         621     14.5346     14.8798    0.044279
         622     13.9794     14.8784   0.0442315
         623     14.4259     14.8776   0.0441665
         624     15.1501     14.8781   0.0440979
         625      14.702     14.8778   0.0440282
         626     14.7835     14.8776   0.0439581
         627     15.6114     14.8788   0.0439036
         628     15.2818     14.8794   0.0438384
         629     15.3064     14.8801   0.0437739
         630     14.9759     14.8803   0.0437047
         631     14.9602     14.8804   0.0436356
         632     15.1271     14.8808   0.0435683
         633     15.6301      14.882   0.0435156
         634     15.9261     14.8836   0.0434781
         635     15.7473      14.885   0.0434309
         636     15.9327     14.8866   0.0433938
         637     16.3096     14.8889   0.0433832
         638     16.3973     14.8912   0.0433796
         639     14.9881     14.8914   0.0433119
         640     15.0305     14.8916   0.0432448
         641     14.6219     14.8912   0.0431794
         642     14.5852     14.8907   0.0431148
         643     14.3176     14.8898   0.0430569
         644     15.1514     14.8902    0.042992
         645     13.4316      14.888   0.0429848
         646     13.9541     14.8865   0.0429425
         647     13.1243     14.8838   0.0429624
         648     13.0048     14.8809   0.0429939
         649     12.9488     14.8779   0.0430306
         650     14.1003     14.8767    0.042981
         651     14.6439     14.8764   0.0429165
         652     14.2455     14.8754   0.0428616
         653     14.6353      14.875   0.0427975
         654     14.5071     14.8745   0.0427357
         655     14.5952      14.874   0.0426726
         656     14.8519      14.874   0.0426076
         657     15.3845     14.8748   0.0425498
         658     16.1516     14.8767   0.0425294
         659     15.9987     14.8784   0.0424989
         660      15.746     14.8797   0.0424548
         661     16.1023     14.8816   0.0424309
         662     16.1486     14.8835   0.0424099
         663     15.7321     14.8848   0.0423653
         664     15.4392     14.8856   0.0423097
         665     15.0941     14.8859   0.0422472
         666     14.7445     14.8857   0.0421843
         667     15.1331     14.8861   0.0421227
         668     16.1409      14.888   0.0421015
         669     16.0686     14.8897   0.0420756
         670     14.3998      14.889   0.0420191
         671     13.7702     14.8873   0.0419896
         672     14.0344     14.8861   0.0419463
         673     14.1058     14.8849      0.0419
         674     13.8736     14.8834   0.0418646
         675     14.1987     14.8824   0.0418149
         676     14.5913      14.882   0.0417553
         677     14.8583     14.8819   0.0416936
         678     13.9886     14.8806   0.0416529
         679     14.1723     14.8796   0.0416046
         680     14.2242     14.8786   0.0415546
         681      14.091     14.8774   0.0415097
         682     15.0468     14.8777   0.0414496
         683      14.703     14.8774   0.0413897
         684      13.378     14.8752   0.0413872
         685     13.3709      14.873    0.041385
         686     13.4468      14.871   0.0413768
         687     13.8683     14.8695   0.0413423
         688     14.4156     14.8688   0.0412875
         689     14.2953      14.868    0.041236
         690     14.5065     14.8675   0.0411796
         691     14.0856     14.8664   0.0411355
         692     13.9519      14.865   0.0410973
         693      13.748     14.8634   0.0410696
         694     14.6191     14.8631   0.0410119
         695      13.897     14.8617   0.0409764
         696     14.2119     14.8607   0.0409282
         697     14.6598     14.8605   0.0408705
         698     15.8744     14.8619   0.0408378
         699     15.6758     14.8631   0.0407959
         700     15.9908     14.8647   0.0407694
         701     16.2686     14.8667   0.0407604
         702     16.1763     14.8686    0.040745
         703      15.843     14.8699   0.0407107
         704     15.4698     14.8708   0.0406617
         705      15.202     14.8713   0.0406068
         706      14.874     14.8713   0.0405493
         707     15.0464     14.8715   0.0404927
         708     14.9739     14.8717   0.0404357
         709     15.5075     14.8726   0.0403886
         710     15.4734     14.8734   0.0403406
         711     16.0176      14.875    0.040316
         712      15.696     14.8762   0.0402758
         713     15.7362     14.8774   0.0402374
         714     15.8079     14.8787   0.0402021
         715     15.1219      14.879   0.0401474
         716     15.4377     14.8798   0.0400989
         717     15.2346     14.8803    0.040046
         718     15.0598     14.8805    0.039991
         719     15.4279     14.8813   0.0399426
         720      16.371     14.8834   0.0399407
         721     16.4876     14.8856   0.0399472
         722     16.5437     14.8879   0.0399579
         723     16.4087       14.89   0.0399579
         724     15.8959     14.8914   0.0399269
         725     15.5731     14.8923   0.0398829
         726     15.2835     14.8929   0.0398316
         727      15.319     14.8934   0.0397811
         728     15.4413     14.8942   0.0397336
         729     14.9145     14.8942   0.0396791
         730     15.5176     14.8951   0.0396339
         731     15.9891     14.8966    0.039608
         732      15.737     14.8977   0.0395705
         733     15.9694     14.8992   0.0395435
         734     16.1594     14.9009   0.0395269
         735     15.5089     14.9017   0.0394817
         736     15.7808     14.9029   0.0394462
         737     16.0814     14.9045    0.039425
         738     16.3257     14.9065   0.0394186
         739     16.2526     14.9083   0.0394074
         740     16.0136     14.9098   0.0393824
         741     15.3467     14.9104   0.0393337
         742     15.0895     14.9106   0.0392814
         743     15.0099     14.9107   0.0392287
         744     15.0454     14.9109   0.0391764
         745     15.0214     14.9111   0.0391241
         746     13.8852     14.9097   0.0390958
         747     14.4729     14.9091   0.0390479
         748     14.2513     14.9082   0.0390056
         749     13.6744     14.9066   0.0389883
         750     12.8929     14.9039   0.0390286
         751     13.4037     14.9019   0.0390277
         752      13.312     14.8998   0.0390331
         753     13.4773     14.8979   0.0390269
         754     14.4682     14.8973   0.0389793
         755     14.0139     14.8961   0.0389453
         756     13.9924      14.895   0.0389121
         757     13.9003     14.8936   0.0388829
         758     13.4045     14.8917   0.0388812
         759     13.9656     14.8905   0.0388491
         760     13.9386     14.8892   0.0388181
         761     13.8291     14.8878   0.0387921
         762     13.7132     14.8863   0.0387718
         763     13.7866     14.8848   0.0387478
         764     14.8176     14.8847   0.0386972
         765     14.8909     14.8847   0.0386466
         766     14.3892     14.8841   0.0386015
         767     14.4563     14.8835   0.0385552
         768     13.7764     14.8821    0.038532
         769     13.6867     14.8805   0.0385132
         770      14.379     14.8799   0.0384687
         771     14.3787     14.8792   0.0384243
         772     13.6091     14.8776   0.0384097
         773     13.0871     14.8753   0.0384298
         774     12.8495     14.8727   0.0384692
         775     13.7031     14.8712   0.0384492
         776     13.0282     14.8688   0.0384729
         777      13.257     14.8667   0.0384793
         778      13.703     14.8652   0.0384589
         779     13.1719      14.863   0.0384709
         780     13.5665     14.8614   0.0384574
         781     13.1409     14.8592   0.0384712
         782     13.7152     14.8577   0.0384498
         783     13.2449     14.8557   0.0384559
         784     13.4578     14.8539   0.0384481
         785     13.8178     14.8525   0.0384218
         786     13.8262     14.8512   0.0383951
         787     14.3945     14.8507   0.0383507
         788     14.9411     14.8508   0.0383022
         789     15.1756     14.8512   0.0382559
         790     15.3763     14.8519   0.0382132
         791     15.3672     14.8525   0.0381705
         792     15.3833     14.8532   0.0381281
         793     15.1787     14.8536   0.0380823
         794     14.7521     14.8535   0.0380345
         795     14.2926     14.8528   0.0379932
         796     14.7008     14.8526    0.037946
         797     15.1925      14.853   0.0379008
         798     15.0069     14.8532   0.0378538
         799     14.4881     14.8527   0.0378091
         800     14.0612     14.8517   0.0377748
         801     14.8364     14.8517   0.0377277
         802     14.3585     14.8511   0.0376856
         803     14.4691     14.8506   0.0376417
         804     14.9717     14.8508   0.0375952
         805     14.7104     14.8506   0.0375489
         806     14.5099     14.8502   0.0375047
         807     14.2895     14.8495   0.0374646
         808     15.3764     14.8501    0.037424
         809     15.4264     14.8508   0.0373845
         810     14.9997      14.851   0.0373388
         811     15.0262     14.8512   0.0372934
         812     15.5033     14.8521   0.0372561
         813     15.2946     14.8526   0.0372142
         814     14.4003      14.852   0.0371727
         815      14.772     14.8519   0.0371272
         816     14.3771     14.8514   0.0370862
         817      14.971     14.8515   0.0370411
         818     14.9288     14.8516    0.036996
         819     14.8833     14.8516   0.0369508
         820     14.6906     14.8514   0.0369063
         821     14.6078     14.8511   0.0368625
         822     15.1617     14.8515   0.0368196
         823     14.6852     14.8513   0.0367754
         824     15.8372     14.8525   0.0367503
         825     15.8147     14.8537   0.0367242
         826     15.8305     14.8549   0.0366988
         827       16.33     14.8567   0.0366977
         828     17.3519     14.8597   0.0367769
         829     16.9553     14.8622   0.0368194
         830     16.8608     14.8646   0.0368537
         831     16.3467     14.8664   0.0368524
         832     15.5665     14.8672   0.0368177
         833     15.4572     14.8679   0.0367804
         834      15.638     14.8689   0.0367478
         835      15.994     14.8702   0.0367285
         836     15.7684     14.8713   0.0367003
         837     15.0928     14.8715   0.0366574
         838     15.5111     14.8723   0.0366216
         839     14.7464     14.8722   0.0365783
         840     15.2782     14.8726   0.0365379
         841     15.7653     14.8737   0.0365099
         842     16.1711     14.8752    0.036499
         843     15.5036      14.876   0.0364633
         844     15.2448     14.8764   0.0364228
         845     14.8393     14.8764   0.0363797
         846     15.4551     14.8771   0.0363431
         847     16.0142     14.8784    0.036325
         848     16.5494     14.8804   0.0363356
         849     15.7707     14.8814   0.0363079
         850     16.4899     14.8833   0.0363145
         851     16.1227     14.8848    0.036301
         852     15.8014     14.8859   0.0362743
         853     15.8584      14.887   0.0362497
         854     16.1357     14.8885   0.0362367
         855     16.0573     14.8898   0.0362201
         856     16.0112     14.8911   0.0362015
         857     16.6867     14.8932   0.0362198
         858     16.9118     14.8956   0.0362539
         859     16.4548     14.8974   0.0362571
         860     15.9214     14.8986   0.0362345
         861     15.0708     14.8988    0.036193
         862     15.6424     14.8996   0.0361613
         863     16.2357     14.9012   0.0361525
         864     15.5504     14.9019   0.0361185
         865     15.1139     14.9022   0.0360776
         866     15.0045     14.9023   0.0360361
         867     15.0211     14.9024   0.0359948
         868     14.8661     14.9024   0.0359533
         869      14.936     14.9024    0.035912
         870     14.5768     14.9021   0.0358727
         871     14.5749     14.9017   0.0358334
         872      15.308     14.9022   0.0357954
         873     14.8045      14.902   0.0357545
         874     14.6123     14.9017   0.0357152
         875     14.7848     14.9016   0.0356746
         876     15.3853     14.9021   0.0356382
         877     14.7198     14.9019   0.0355981
         878     15.2356     14.9023   0.0355596
         879     15.2465     14.9027   0.0355213
         880     14.9851     14.9028   0.0354811
         881      15.619     14.9036   0.0354501
         882     15.6986     14.9045   0.0354214
         883      16.239      14.906   0.0354135
         884     15.0303     14.9062   0.0353737
         885     15.2045     14.9065   0.0353353
         886     15.2895     14.9069   0.0352981
         887     14.6706     14.9067   0.0352593
         888     14.1363     14.9058   0.0352303
         889      14.621     14.9055   0.0351921
         890     15.2466     14.9059   0.0351547
         891     15.2371     14.9062   0.0351172
         892     16.2752     14.9078   0.0351113
         893     16.6232     14.9097   0.0351245
         894       15.84     14.9107   0.0351006
         895     15.9696     14.9119   0.0350813
         896     14.8801     14.9119   0.0350422
         897      14.946     14.9119   0.0350032
         898     15.4327     14.9125    0.034969
         899      14.043     14.9115   0.0349435
         900     13.1077     14.9095   0.0349621
         901     14.1301     14.9087    0.034934
         902     14.1049     14.9078   0.0349066
         903     14.1662     14.9069   0.0348776
         904     14.5062     14.9065   0.0348418
         905     14.1726     14.9057   0.0348128
         906     13.5826     14.9042    0.034805
         907     14.1674     14.9034   0.0347761
         908     14.1817     14.9026   0.0347469
         909     13.5655     14.9011   0.0347398
         910      13.944     14.9001   0.0347175
         911     13.9245      14.899   0.0346959
         912      14.194     14.8983   0.0346665
         913     14.4182     14.8977   0.0346325
         914     14.4065     14.8972   0.0345988
         915     13.6219     14.8958    0.034589
         916     13.3466     14.8941   0.0345926
         917     14.2333     14.8934   0.0345624
         918     13.6956     14.8921   0.0345493
         919     13.6553     14.8907   0.0345379
         920     12.5926     14.8882   0.0345906
         921      12.925     14.8861   0.0346187
         922     13.5593     14.8847    0.034611
         923     14.5062     14.8843   0.0345759
         924     14.7555     14.8841   0.0345388
         925      14.685     14.8839   0.0345021
         926     15.1617     14.8842   0.0344662
         927     14.9025     14.8842    0.034429
         928     15.0555     14.8844   0.0343924
         929      14.993     14.8845   0.0343556
         930     14.7677     14.8844   0.0343189
         931     14.6306     14.8841   0.0342831
         932     15.3825     14.8847   0.0342505
         933     14.3652     14.8841   0.0342183
         934     14.4259     14.8836   0.0341852
         935     14.7549     14.8835   0.0341489
         936     15.0426     14.8836   0.0341128
         937     15.1912      14.884    0.034078
         938     15.3624     14.8845   0.0340455
         939     15.6719     14.8853   0.0340195
         940     15.3069     14.8858   0.0339863
         941     16.1071     14.8871    0.033975
         942     16.3302     14.8886   0.0339734
         943     15.6737     14.8894   0.0339476
         944     15.3255     14.8899   0.0339148
         945     15.2928     14.8903   0.0338816
         946     15.8205     14.8913     0.03386
         947     15.9063     14.8924   0.0338412
         948     15.7165     14.8932   0.0338167
         949     15.4455     14.8938   0.0337861
         950      15.888     14.8949   0.0337667
         951     15.8846     14.8959   0.0337472
         952     16.0484     14.8971   0.0337335
         953     15.8083     14.8981   0.0337116
         954     15.0539     14.8982   0.0336767
         955     14.8631     14.8982   0.0336415
         956     14.7414      14.898   0.0336067
         957     15.6423     14.8988   0.0335805
         958     15.1247     14.8991   0.0335463
         959     15.7001     14.8999   0.0335217
         960     16.3524     14.9014   0.0335209
         961     17.4689     14.9041   0.0335924
         962     17.2514     14.9065   0.0336459
         963     16.0994     14.9078   0.0336338
         964     15.9159     14.9088   0.0336152
         965     16.1372     14.9101   0.0336044
         966     16.8468     14.9121   0.0336294
         967     16.8425     14.9141   0.0336538
         968      16.705     14.9159   0.0336699
         969     15.9869      14.917   0.0336533
         970     15.8321      14.918   0.0336318
         971     15.6345     14.9187   0.0336052
         972     15.1788      14.919   0.0335717
         973     16.1702     14.9203   0.0335618
         974     16.0983     14.9215   0.0335492
         975     16.4289      14.923   0.0335504
         976     16.5194     14.9247   0.0335558
         977     17.1777      14.927   0.0336006
         978     17.2476     14.9293     0.03365
         979     16.1532     14.9306   0.0336388
         980      15.658     14.9313   0.0336127
         981     16.1203     14.9325   0.0336003
         982     16.0573     14.9337   0.0335856
         983     16.3136     14.9351   0.0335807
         984     15.7826     14.9359   0.0335576
         985     16.0969     14.9371   0.0335442
         986     15.7733      14.938   0.0335209
         987     15.3371     14.9384   0.0334894
         988     14.9978     14.9384   0.0334556
         989     14.6748     14.9382   0.0334228
         990      14.873     14.9381   0.0333891
         991     14.8309      14.938   0.0333556
         992     14.6482     14.9377   0.0333233
         993     15.2157      14.938   0.0332909
         994     15.1361     14.9382    0.033258
         995      14.558     14.9378   0.0332268
         996     15.0511     14.9379   0.0331936
         997     14.3498     14.9373   0.0331655
         998     14.6325      14.937   0.0331337
         999     14.1746     14.9363   0.0331093
        1000     14.1845     14.9355   0.0330848
        1001     15.1832     14.9358   0.0330526
        1002     15.4162     14.9362   0.0330231
        1003     15.7906     14.9371   0.0330012
        1004     15.5984     14.9377   0.0329749
        1005     15.4751     14.9383   0.0329464
        1006     15.6368      14.939    0.032921
        1007     15.6669     14.9397   0.0328962
        1008     16.0535     14.9408   0.0328821
        1009     15.8194     14.9417   0.0328611
        1010      15.661     14.9424   0.0328362
        1011     15.2148     14.9427   0.0328049
        1012     14.4744     14.9422   0.0327757
        1013     14.9927     14.9422   0.0327434
        1014      14.764     14.9421   0.0327116
        1015     15.1093     14.9422   0.0326798
        1016     15.2708     14.9426   0.0326492
        1017     15.8787     14.9435   0.0326301
        1018     15.1432     14.9437   0.0325986
        1019     16.4346     14.9451   0.0325994
        1020      16.592     14.9467   0.0326074
        1021      16.358     14.9481   0.0326048
        1022     16.0717     14.9492   0.0325914
        1023     16.2319     14.9505   0.0325837
        1024     16.3159     14.9518   0.0325791
        1025     16.7205     14.9535    0.032593
        1026     16.9162     14.9555   0.0326173
        1027     17.5942      14.958   0.0326866
        1028     16.4744     14.9595   0.0326881
        1029     16.1174     14.9606   0.0326757
        1030     16.0716     14.9617   0.0326617
        1031     15.1057     14.9618   0.0326304
        1032      15.356     14.9622    0.032601
        1033     15.2491     14.9625   0.0325706
        1034     14.8955     14.9624   0.0325392
        1035     13.7989     14.9613   0.0325271
        1036     14.3435     14.9607   0.0325012
        1037     13.7705     14.9596   0.0324901
        1038     14.7213     14.9593   0.0324596
        1039     14.7366     14.9591   0.0324291
        1040     13.0481     14.9573   0.0324499
        1041     13.0101     14.9554   0.0324726
        1042     13.2414     14.9538   0.0324831
        1043     13.5537     14.9524   0.0324797
        1044     13.8756     14.9514   0.0324649
        1045     14.6175     14.9511   0.0324354
        1046     14.2611     14.9504   0.0324111
        1047     14.3067     14.9498    0.032386
        1048     14.3687     14.9493   0.0323599
        1049     14.8204     14.9491   0.0323293
        1050     14.7824      14.949   0.0322989
        1051     14.9273     14.9489   0.0322681
        1052     14.9059     14.9489   0.0322375
        1053     14.4592     14.9484   0.0322102
        1054     14.8796     14.9484   0.0321797
        1055     14.9517     14.9484   0.0321492
        1056     14.4713     14.9479    0.032122
        1057     14.5505     14.9476   0.0320938
        1058     14.6701     14.9473   0.0320645
        1059     15.8783     14.9482   0.0320463
        1060     15.5454     14.9487    0.032021
        1061     16.0365     14.9498   0.0320072
        1062      16.082     14.9508   0.0319948
        1063     16.2539     14.9521   0.0319882
        1064     15.8546     14.9529   0.0319694
        1065     15.4336     14.9533   0.0319426
        1066      15.557     14.9539   0.0319176
        1067     15.2342     14.9542   0.0318888
        1068     15.3872     14.9546   0.0318615
        1069     16.0209     14.9556   0.0318473
        1070     15.5895     14.9562   0.0318231
        1071     15.4969     14.9567   0.0317973
        1072       14.96     14.9567   0.0317677
        1073     14.2111      14.956   0.0317457
        1074     13.6511     14.9548   0.0317394
        1075     14.4463     14.9543   0.0317134
        1076     14.9361     14.9543   0.0316839
        1077     14.6118      14.954   0.0316561
        1078     14.7572     14.9538   0.0316272
        1079     14.7008     14.9535   0.0315988
        1080     15.3259     14.9539   0.0315714
        1081     16.2275     14.9551   0.0315642
        1082     16.1123     14.9561   0.0315531
        1083     16.5345     14.9576   0.0315576
        1084     16.4886      14.959   0.0315601
        1085     15.6375     14.9596   0.0315372
        1086     15.0579     14.9597   0.0315083
        1087     15.2867       14.96   0.0314807
        1088     15.7052     14.9607   0.0314593
        1089     15.2047     14.9609   0.0314312
        1090     15.0709      14.961   0.0314025
        1091     15.3717     14.9614    0.031376
        1092     16.3153     14.9627   0.0313717
        1093     15.7709     14.9634   0.0313517
        1094     15.2944     14.9637   0.0313245
        1095     15.7541     14.9644   0.0313042
        1096     16.0485     14.9654   0.0312913
        1097     15.6824     14.9661   0.0312696
        1098     15.5692     14.9666    0.031246
        1099     16.2468     14.9678   0.0312392
        1100     15.2208      14.968   0.0312117
        1101     15.0539     14.9681   0.0311834
        1102      14.604     14.9678   0.0311569
        1103     15.8638     14.9686   0.0311392
        1104     16.4807     14.9699   0.0311411
        1105     16.6991     14.9715   0.0311522
        1106     16.2002     14.9726   0.0311439
        1107      15.679     14.9732   0.0311223
        1108     15.1645     14.9734   0.0310947
        1109      16.297     14.9746   0.0310895
        1110     16.2567     14.9758    0.031083
        1111     15.4554     14.9762    0.031058
        1112      15.579     14.9767   0.0310348
        1113      14.237     14.9761    0.031014
        1114     14.2596     14.9754   0.0309928
        1115     14.5496     14.9751   0.0309674
        1116     14.8551     14.9749   0.0309398
        1117     15.0196      14.975   0.0309122
        1118     14.8298     14.9749   0.0308848
        1119     15.3386     14.9752   0.0308589
        1120     15.2232     14.9754   0.0308321
        1121     15.1834     14.9756   0.0308052
        1122     15.7903     14.9763   0.0307863
        1123     14.9619     14.9763   0.0307589
        1124     14.0848     14.9755   0.0307417
        1125     14.9008     14.9754   0.0307145
        1126     15.4442     14.9759     0.03069
        1127     14.9739     14.9759   0.0306628
        1128     14.3987     14.9753   0.0306399
        1129      14.289     14.9747   0.0306188
        1130     14.4259     14.9743   0.0305955
        1131     14.5647     14.9739   0.0305706
        1132     14.4236     14.9734   0.0305475
        1133     13.7181     14.9723   0.0305406
        1134     13.9952     14.9714   0.0305258
        1135     13.5259     14.9702   0.0305255
        1136     13.6231      14.969   0.0305216
        1137     13.3672     14.9676   0.0305273
        1138     13.8168     14.9666   0.0305172
        1139     14.1914     14.9659    0.030498
        1140     14.4008     14.9654   0.0304753
        1141     15.2106     14.9656   0.0304493
        1142     15.0575     14.9657   0.0304228
        1143     15.0452     14.9657   0.0303962
        1144     15.8057     14.9665   0.0303785
        1145     15.2238     14.9667   0.0303528
        1146     14.5152     14.9663   0.0303289
        1147     15.0219     14.9664   0.0303025
        1148     15.2933     14.9666   0.0302774
        1149     15.2304     14.9669    0.030252
        1150     14.5336     14.9665    0.030228
        1151     13.6835     14.9654   0.0302223
        1152     13.4796     14.9641   0.0302236
        1153      13.347     14.9627   0.0302299
        1154     13.5615     14.9615    0.030228
        1155     14.0087     14.9606   0.0302131
        1156     13.5898     14.9595   0.0302103
        1157     13.8186     14.9585   0.0302002
        1158      14.093     14.9577   0.0301834
        1159     13.8481     14.9568   0.0301725
        1160     13.9567     14.9559   0.0301588
        1161     14.6845     14.9557   0.0301338
        1162     14.7287     14.9555   0.0301085
        1163     14.5224     14.9551   0.0300849
        1164     14.1144     14.9544   0.0300677
        1165     13.7899     14.9534   0.0300585
        1166     14.3713     14.9529   0.0300369
        1167     14.7087     14.9527   0.0300119
        1168     14.2487     14.9521   0.0299922
        1169       14.83      14.952   0.0299667
        1170     14.0985     14.9512     0.02995
        1171     14.0042     14.9504   0.0299354
        1172      14.428       14.95   0.0299131
        1173     14.3523     14.9495    0.029892
        1174      14.569     14.9492   0.0298683
        1175     14.3746     14.9487   0.0298468
        1176     13.7388     14.9476   0.0298392
        1177     14.1388     14.9469   0.0298217
        1178     14.2832     14.9464   0.0298018
        1179     14.2044     14.9458   0.0297831
        1180     13.5129     14.9445   0.0297826
        1181     14.0857     14.9438   0.0297663
        1182     13.2493     14.9424   0.0297756
        1183     13.9014     14.9415   0.0297634
        1184     13.4499     14.9402   0.0297649
        1185      13.643     14.9391     0.02976
        1186     13.2726     14.9377    0.029768
        1187     13.8089     14.9368   0.0297581
        1188     14.3379     14.9363   0.0297373
        1189     13.7752     14.9353   0.0297284
        1190     13.8236     14.9344   0.0297181
        1191     13.7258     14.9334   0.0297104
        1192     13.9995     14.9326   0.0296958
        1193     14.4748     14.9322   0.0296734
        1194     14.3034     14.9317   0.0296532
        1195     15.2332     14.9319   0.0296295
        1196     14.5525     14.9316   0.0296064
        1197     14.9303     14.9316   0.0295817
        1198     14.2319      14.931   0.0295628
        1199     14.5014     14.9307   0.0295403
        1200     14.3344     14.9302   0.0295198
        1201     13.7413     14.9292   0.0295118
        1202     13.6601     14.9281   0.0295062
        1203     14.5109     14.9278   0.0294837
        1204     14.7341     14.9276   0.0294596
        1205     14.5397     14.9273   0.0294369
        1206     14.0165     14.9265   0.0294222
        1207     14.8774     14.9265   0.0293979
        1208     14.4619     14.9261   0.0293761
        1209     14.1257     14.9254   0.0293592
        1210     14.1875     14.9248   0.0293413
        1211     14.2042     14.9242   0.0293231
        1212     15.1488     14.9244   0.0292995
        1213     15.6715      14.925   0.0292818
        1214     15.4328     14.9255   0.0292607
        1215     15.6149      14.926   0.0292421
        1216     15.4769     14.9265   0.0292215
        1217     15.9508     14.9273   0.0292097
        1218     15.7854      14.928   0.0291942
        1219     15.8818     14.9288   0.0291807
        1220     15.7788     14.9295   0.0291651
        1221     15.3336     14.9298   0.0291431
        1222     14.6011     14.9296   0.0291205
        1223     15.0882     14.9297    0.029097
        1224     14.7825     14.9296   0.0290734
        1225     15.4793       14.93   0.0290532
        1226     15.8396     14.9308   0.0290389
        1227     15.4751     14.9312   0.0290187
        1228     14.8869     14.9312   0.0289951
        1229     14.5378     14.9309   0.0289732
        1230     14.5458     14.9305   0.0289514
        1231     14.6008     14.9303   0.0289291
        1232     13.8973     14.9294   0.0289177
        1233      13.721     14.9285   0.0289109
        1234     13.8863     14.9276   0.0288998
        1235     14.4282     14.9272   0.0288792
        1236     14.7933     14.9271   0.0288561
        1237     15.3184     14.9274   0.0288345
        1238      14.599     14.9271   0.0288124
        1239     15.0423     14.9272   0.0287893
        1240     15.6775     14.9278   0.0287724
        1241     15.7175     14.9285   0.0287563
        1242     15.6255      14.929   0.0287386
        1243     14.7532     14.9289   0.0287158
        1244      14.412     14.9285   0.0286958
        1245     14.6783     14.9283   0.0286734
        1246     15.0698     14.9284   0.0286506
        1247     15.0247     14.9285   0.0286278
        1248     14.2172     14.9279   0.0286105
        1249     13.9232     14.9271   0.0285989
        1250     13.4015     14.9259    0.028602
        1251     13.7445     14.9249   0.0285948
        1252     14.4157     14.9245   0.0285748
        1253      14.018     14.9238   0.0285612
        1254     14.1367     14.9232   0.0285453
        1255     14.0913     14.9225   0.0285302
        1256     14.2735      14.922   0.0285122
        1257      14.234     14.9215   0.0284948
        1258     14.0712     14.9208   0.0284801
        1259     13.7366     14.9198    0.028473
        1260     13.6762     14.9188   0.0284676
        1261     13.9372     14.9181   0.0284556
        1262     13.9893     14.9173   0.0284426
        1263     14.3089     14.9169   0.0284241
        1264     13.5044     14.9157   0.0284236
        1265     14.2736     14.9152   0.0284057
        1266     15.1041     14.9154   0.0283836
        1267     13.9371     14.9146   0.0283717
        1268     13.6375     14.9136   0.0283672
        1269     14.0096     14.9129   0.0283538
        1270     14.0647     14.9122   0.0283394
        1271     13.6186     14.9112   0.0283353
        1272      14.515     14.9109   0.0283148
        1273     14.1403     14.9103    0.028299
        1274     14.5695       14.91    0.028278
        1275     14.5854     14.9098    0.028257
        1276     14.1653     14.9092   0.0282409
        1277     13.3661      14.908   0.0282446
        1278      13.684      14.907   0.0282387
        1279     14.3414     14.9066   0.0282201
        1280     14.2638     14.9061   0.0282025
        1281     14.2174     14.9055   0.0281857
        1282     14.8044     14.9054   0.0281638
        1283     15.0616     14.9056   0.0281421
        1284     14.5038     14.9053   0.0281219
        1285     14.2463     14.9047   0.0281047
        1286     13.9116      14.904   0.0280935
        1287     13.9145     14.9032   0.0280821
        1288     13.9877     14.9025   0.0280693
        1289     14.0168     14.9018    0.028056
        1290     13.6568     14.9008   0.0280508
        1291     14.0781     14.9002   0.0280363
        1292     14.8263     14.9001   0.0280147
        1293     14.6284     14.8999   0.0279938
        1294     15.1809     14.9002    0.027973
        1295     15.2884     14.9005    0.027953
        1296     14.7819     14.9004   0.0279316
        1297     14.5971     14.9001    0.027911
        1298     14.7882        14.9   0.0278897
        1299     14.8085        14.9   0.0278683
        1300     14.8942        14.9   0.0278469
        1301      13.998     14.8993   0.0278341
        1302     14.5165      14.899   0.0278143
        1303     15.0917     14.8991   0.0277933
        1304       15.49     14.8996   0.0277757
        1305     15.0914     14.8997   0.0277548
        1306      14.791     14.8996   0.0277337
        1307     15.2833     14.8999    0.027714
        1308      14.274     14.8995   0.0276969
        1309     14.1591     14.8989   0.0276815
        1310     14.3949     14.8985   0.0276631
        1311     14.4111     14.8981   0.0276445
        1312     14.4147     14.8978   0.0276259
        1313     14.3872     14.8974   0.0276076
        1314     13.9267     14.8966   0.0275964
        1315     13.8793     14.8959   0.0275863
        1316     13.9686     14.8952   0.0275743
        1317     14.7247      14.895   0.0275537
        1318     14.5129     14.8947   0.0275343
        1319     14.3938     14.8944   0.0275161
        1320      14.619     14.8942    0.027496
        1321     14.6263      14.894   0.0274759
        1322     14.1234     14.8934   0.0274613
        1323      13.999     14.8927   0.0274489
        1324     13.9729      14.892    0.027437
        1325     14.3698     14.8916   0.0274191
        1326     14.2025     14.8911   0.0274033
        1327     15.2609     14.8914   0.0273841
        1328     15.4388     14.8918   0.0273666
        1329     15.3844     14.8921   0.0273485
        1330     14.9364     14.8922    0.027328
        1331     15.1751     14.8924   0.0273082
        1332      15.215     14.8926   0.0272888
        1333     15.1601     14.8928   0.0272691
        1334     15.0366     14.8929   0.0272489
        1335     14.6931     14.8928   0.0272289
        1336     15.3318     14.8931   0.0272105
        1337      15.283     14.8934   0.0271917
        1338     15.3704     14.8938   0.0271737
        1339     15.6407     14.8943   0.0271591
        1340     15.1666     14.8945   0.0271396
        1341     15.2009     14.8948   0.0271203
        1342     14.9846     14.8948   0.0271002
        1343     14.7938     14.8948   0.0270801
        1344      15.722     14.8954    0.027067
        1345     14.9915     14.8954   0.0270469
        1346     15.0144     14.8955    0.027027
        1347     15.6299     14.8961   0.0270124
        1348     15.4184     14.8965   0.0269952
        1349     14.7908     14.8964   0.0269753
        1350     15.3365     14.8967   0.0269573
        1351     14.7607     14.8966   0.0269375
        1352     14.2778     14.8961   0.0269215
        1353     14.7955     14.8961   0.0269017
        1354     15.4832     14.8965   0.0268853
        1355     14.8519     14.8965   0.0268655
        1356     15.5694      14.897   0.0268502
        1357      15.032     14.8971   0.0268306
        1358     15.0264     14.8972    0.026811
        1359     14.9607     14.8972   0.0267914
        1360     14.3082     14.8968   0.0267752
        1361     14.7498     14.8967   0.0267557
        1362     14.4968     14.8964   0.0267377
        1363     14.9164     14.8964   0.0267181
        1364     15.8393     14.8971   0.0267074
        1365      16.096      14.898   0.0267023
        1366     16.0158     14.8988   0.0266953
        1367     15.3308     14.8991   0.0266776
        1368     14.7939      14.899   0.0266582
        1369     14.8588      14.899   0.0266388
        1370     14.4526     14.8987   0.0266213
        1371     14.2374     14.8982   0.0266063
        1372      14.298     14.8977   0.0265905
        1373     14.4163     14.8974   0.0265734
        1374     14.8015     14.8973   0.0265542
        1375     14.5275     14.8971   0.0265362
        1376     14.4326     14.8967   0.0265191
        1377     14.8206     14.8967   0.0264999
        1378     14.5001     14.8964   0.0264822
        1379     14.2594     14.8959    0.026467
        1380     13.8338     14.8951    0.026459
        1381     14.3188     14.8947   0.0264432
        1382     13.8792      14.894   0.0264343
        1383     13.6436     14.8931   0.0264306
        1384     13.7872     14.8923   0.0264236
        1385     13.5194     14.8913   0.0264231
        1386       13.45     14.8903   0.0264245
        1387     13.5989     14.8893   0.0264218
        1388     14.0946     14.8888    0.026409
        1389     13.9529     14.8881   0.0263986
        1390     13.9349     14.8874   0.0263885
        1391     14.0702     14.8868    0.026376
        1392     13.3415     14.8857   0.0263805
        1393     13.1243     14.8844   0.0263918
        1394     13.1243     14.8832   0.0264031
        1395       13.08     14.8819   0.0264157
        1396     13.2425     14.8807   0.0264229
        1397      13.055     14.8794   0.0264363
        1398     12.7214     14.8779   0.0264624
        1399     12.9443     14.8765   0.0264796
        1400     12.2777     14.8746   0.0265256
        1401     11.8258     14.8724   0.0265958
        1402     11.9944     14.8704    0.026656
        1403     12.1575     14.8684    0.026707
        1404     12.5212     14.8668   0.0267403
        1405     12.9689     14.8654   0.0267553
        1406     12.8618      14.864   0.0267742
        1407      13.084     14.8627   0.0267851
        1408     13.6903     14.8619    0.026779
        1409     13.3888     14.8609   0.0267804
        1410     13.2203     14.8597   0.0267866
        1411     13.8218      14.859   0.0267777
        1412      13.522      14.858   0.0267755
        1413     14.0915     14.8575   0.0267621
        1414     13.5837     14.8566   0.0267583
        1415     13.9734     14.8559   0.0267467
        1416     12.6658     14.8544   0.0267725
        1417     13.1864     14.8532   0.0267794
        1418      13.096      14.852   0.0267892
        1419     12.9694     14.8507   0.0268032
        1420     13.4241     14.8497   0.0268031
        1421     13.7638     14.8489   0.0267951
        1422     13.8864     14.8482   0.0267848
        1423      13.515     14.8473   0.0267824
        1424     13.4209     14.8463   0.0267823
        1425     13.2446     14.8451   0.0267871
        1426     12.7805     14.8437   0.0268074
        1427     12.8779     14.8423    0.026824
        1428     12.9182      14.841    0.026839
        1429     13.2207     14.8398   0.0268442
        1430     13.3714     14.8388    0.026845
        1431     13.1387     14.8376   0.0268526
        1432     12.2778     14.8358   0.0268932
        1433     12.3368     14.8341    0.026931
        1434     12.6432     14.8326   0.0269555
        1435     12.4201     14.8309   0.0269891
        1436     13.0173     14.8296   0.0269998
        1437     12.8815     14.8283    0.027015
        1438     13.2119     14.8271   0.0270196
        1439     13.0107     14.8259   0.0270303
        1440      13.367     14.8249   0.0270305
        1441      13.957     14.8243   0.0270185
        1442     13.3289     14.8232   0.0270196
        1443     12.6934     14.8218   0.0270412
        1444     12.5839     14.8202   0.0270668
        1445     13.7028     14.8194   0.0270592
        1446     13.7454     14.8187   0.0270506
        1447     14.2985     14.8183   0.0270343
        1448     15.1713     14.8186   0.0270168
        1449     14.9912     14.8187   0.0269984
        1450     14.0668     14.8182   0.0269847
        1451     13.9957     14.8176   0.0269721
        1452     14.1967     14.8172   0.0269569
        1453     13.8497     14.8165   0.0269466
        1454     13.9465     14.8159   0.0269347
        1455     14.3346     14.8156   0.0269182
        1456     14.6544     14.8155   0.0268999
        1457     14.8048     14.8155   0.0268815
        1458     14.5881     14.8153   0.0268635
        1459      15.243     14.8156   0.0268467
        1460      15.149     14.8158   0.0268293
        1461     15.6298     14.8164   0.0268167
        1462     14.8941     14.8164   0.0267984
        1463     15.7036      14.817   0.0267869
        1464     15.9688     14.8178   0.0267802
        1465     15.3529     14.8182   0.0267644
        1466     15.0755     14.8184   0.0267467
        1467     14.3532     14.8181   0.0267304
        1468     14.4808     14.8178   0.0267131
        1469     14.3745     14.8175   0.0266967
        1470     14.9188     14.8176   0.0266786
        1471     14.4038     14.8173   0.0266619
        1472     14.7658     14.8173   0.0266438
        1473       14.91     14.8173   0.0266258
        1474     15.1071     14.8175   0.0266085
        1475     15.4893      14.818   0.0265944
        1476     14.5554     14.8178   0.0265769
        1477     13.5459      14.817   0.0265729
        1478     14.2714     14.8166   0.0265575
        1479     14.6384     14.8165   0.0265398
        1480     14.5358     14.8163   0.0265225
        1481     14.2566     14.8159   0.0265073
        1482     13.9476     14.8153   0.0264959
        1483     14.0527     14.8148    0.026483
        1484      13.456     14.8139    0.026481
        1485     13.5776      14.813   0.0264763
        1486     13.9684     14.8125   0.0264645
        1487     13.9656     14.8119   0.0264529
        1488     14.1327     14.8115    0.026439
        1489     15.3874     14.8118   0.0264241
        1490     15.0282      14.812   0.0264068
        1491      15.177     14.8122   0.0263902
        1492     14.6942     14.8122   0.0263726
        1493     15.6701     14.8127   0.0263612
        1494     15.7618     14.8134   0.0263512
        1495     15.2182     14.8136    0.026335
        1496     15.8159     14.8143   0.0263259
        1497     15.3647     14.8147   0.0263109
        1498     14.6598     14.8146   0.0262935
        1499     14.0608     14.8141   0.0262808
        1500      14.141     14.8136   0.0262671
        1501     14.5501     14.8134   0.0262502
        1502     14.6103     14.8133   0.0262331
        1503     15.2731     14.8136   0.0262174
        1504     15.5831     14.8141    0.026205
        1505     15.3394     14.8145   0.0261899
        1506     15.3588     14.8148    0.026175
        1507     15.0318      14.815    0.026158
        1508     15.5332     14.8155    0.026145
        1509     15.4442     14.8159    0.026131
        1510      15.053      14.816   0.0261141
        1511     15.4705     14.8165   0.0261005
        1512     15.1123     14.8167   0.0260839
        1513      14.963     14.8168   0.0260669
        1514     14.9723     14.8169   0.0260499
        1515     15.3292     14.8172   0.0260349
        1516     16.3866     14.8182   0.0260383
        1517     15.8302     14.8189   0.0260296
        1518     16.1029     14.8197   0.0260262
        1519     16.0459     14.8205   0.0260216
        1520     15.4369      14.821   0.0260076
        1521     14.9586      14.821   0.0259907
        1522     14.7118      14.821   0.0259737
        1523      14.423     14.8207    0.025958
        1524      14.106     14.8202   0.0259452
        1525     13.4561     14.8193   0.0259436
        1526     13.1085     14.8182   0.0259508
        1527     12.5737     14.8168   0.0259754
        1528     12.9433     14.8155   0.0259873
        1529     13.4717     14.8147   0.0259852
        1530     13.6262     14.8139   0.0259798
        1531     13.9637     14.8133   0.0259688
        1532     13.7643     14.8126   0.0259609
        1533     13.2463     14.8116    0.025964
        1534     13.2268     14.8106   0.0259676
        1535     14.2649     14.8102   0.0259532
        1536     13.4575     14.8093   0.0259512
        1537     14.0384     14.8088   0.0259392
        1538     13.5799      14.808   0.0259346
        1539     14.2444     14.8077   0.0259203
        1540     15.7564     14.8083   0.0259108
        1541     15.2034     14.8085   0.0258953
        1542     15.9196     14.8093   0.0258885
        1543     15.7029     14.8098   0.0258782
        1544     15.0801       14.81    0.025862
        1545     15.4426     14.8104   0.0258485
        1546      15.832     14.8111   0.0258403
        1547     15.6742     14.8117   0.0258296
        1548     15.6435     14.8122   0.0258185
        1549     16.1523     14.8131   0.0258163
        1550     16.0258     14.8138   0.0258115
        1551     15.5594     14.8143   0.0257993
        1552     15.2051     14.8146   0.0257839
        1553     15.5743     14.8151    0.025772
        1554     15.7307     14.8156   0.0257621
        1555     16.3427     14.8166   0.0257643
        1556     16.7885     14.8179   0.0257789
        1557     17.2079     14.8194    0.025808
        1558     16.7285     14.8207   0.0258205
        1559      16.184     14.8215   0.0258187
        1560      16.332     14.8225   0.0258203
        1561     16.1613     14.8234    0.025818
        1562     16.2776     14.8243   0.0258183
        1563     16.6076     14.8254   0.0258269
        1564     17.1404     14.8269   0.0258528
        1565     17.7582     14.8288   0.0259041
        1566     18.1267     14.8309    0.025973
        1567     17.4681     14.8326   0.0260109
        1568     17.7814     14.8345   0.0260622
        1569     16.9983     14.8358    0.026082
        1570     16.6588      14.837   0.0260913
        1571     17.0767     14.8384   0.0261136
        1572     17.1884     14.8399   0.0261397
        1573     17.0175     14.8413   0.0261597
        1574     16.0672     14.8421   0.0261547
        1575      15.717     14.8426    0.026144
        1576      15.305     14.8429    0.026129
        1577     15.1384     14.8431   0.0261131
        1578     15.1396     14.8433   0.0260973
        1579     15.5777     14.8438   0.0260849
        1580     15.9881     14.8445   0.0260784
        1581       15.93     14.8452    0.026071
        1582     15.8823     14.8458   0.0260627
        1583     15.5733     14.8463   0.0260503
        1584     15.1291     14.8465   0.0260345
        1585     15.4409     14.8468   0.0260208
        1586     15.7659     14.8474   0.0260108
        1587     15.6029     14.8479   0.0259988
        1588     16.0748     14.8487   0.0259939
        1589     15.3514      14.849   0.0259794
        1590     15.6744     14.8495   0.0259683
        1591     16.0786     14.8503   0.0259635
        1592     15.5706     14.8507   0.0259511
        1593     14.6068     14.8506   0.0259353
        1594     14.5836     14.8504   0.0259195
        1595     14.8562     14.8504   0.0259033
        1596     15.7736      14.851   0.0258935
        1597     15.5837     14.8515   0.0258814
        1598     15.2515     14.8517   0.0258664
        1599     15.0341     14.8518   0.0258504
        1600      14.846     14.8518   0.0258343
        1601     15.0228     14.8519   0.0258184
        1602      15.339     14.8522    0.025804
        1603     15.3422     14.8525   0.0257898
        1604     14.7409     14.8525   0.0257738
        1605     14.2848     14.8521   0.0257601
        1606     14.3663     14.8518   0.0257459
        1607     14.9487     14.8519   0.0257299
        1608     14.7128     14.8518   0.0257141
        1609     14.3442     14.8515      0.0257
        1610     14.2995     14.8511   0.0256863
        1611     14.0463     14.8506   0.0256753
        1612     14.0825     14.8501   0.0256638
        1613     14.9337     14.8502   0.0256479
        1614     15.2118     14.8504    0.025633
        1615     15.9663     14.8511   0.0256264
        1616      15.656     14.8516   0.0256154
        1617     15.6977     14.8521   0.0256049
        1618     15.4129     14.8525   0.0255914
        1619     15.6821      14.853   0.0255808
        1620     15.8268     14.8536    0.025572
        1621     16.1267     14.8544   0.0255683
        1622     15.6543     14.8549   0.0255573
        1623     15.5976     14.8553   0.0255457
        1624     15.0979     14.8555   0.0255304
        1625     13.9856     14.8549   0.0255203
        1626     14.9597      14.855   0.0255046
        1627     15.5357     14.8554   0.0254924
        1628       15.43     14.8558   0.0254792
        1629     15.0921     14.8559    0.025464
        1630      14.927      14.856   0.0254484
        1631      14.777     14.8559   0.0254328
        1632     14.9122      14.856   0.0254173
        1633     14.8677      14.856   0.0254017
        1634     15.8019     14.8565   0.0253927
        1635     16.6524     14.8576    0.025401
        1636     15.3823      14.858   0.0253875
        1637     15.8544     14.8586   0.0253792
        1638     15.7021     14.8591    0.025369
        1639     15.4501     14.8594   0.0253561
        1640     16.2212     14.8603   0.0253542
        1641     16.3541     14.8612   0.0253551
        1642     16.6839     14.8623   0.0253639
        1643     16.3277     14.8632   0.0253642
        1644     16.4258     14.8641   0.0253665
        1645     16.4908     14.8651   0.0253704
        1646     16.7364     14.8663   0.0253804
        1647     16.7945     14.8674    0.025392
        1648     16.6804     14.8685   0.0254004
        1649      17.161     14.8699    0.025423
        1650     17.3041     14.8714   0.0254504
        1651     17.1647     14.8728   0.0254728
        1652     16.9101      14.874   0.0254873
        1653     16.5081      14.875    0.025491
        1654     16.4655      14.876   0.0254937
        1655     16.6387      14.877   0.0255006
        1656     16.2701     14.8779    0.025499
        1657     16.4159     14.8788   0.0255005
        1658     16.6257     14.8799   0.0255069
        1659     16.4306     14.8808   0.0255087
        1660     17.0797     14.8821   0.0255277
        1661     17.5283     14.8837    0.025562
        1662     17.2758     14.8852   0.0255871
        1663     17.0731     14.8865   0.0256055
        1664       17.33     14.8879   0.0256322
        1665     16.7964     14.8891   0.0256424
        1666     16.6552     14.8901   0.0256489
        1667     16.4018      14.891   0.0256495
        1668     17.0068     14.8923   0.0256655
        1669     16.9328     14.8935   0.0256792
        1670     16.7631     14.8947   0.0256882
        1671     16.5154     14.8956   0.0256912
        1672     17.0479     14.8969    0.025708
        1673     16.8515     14.8981   0.0257192
        1674     16.8149     14.8992   0.0257293
        1675     16.4728     14.9002   0.0257311
        1676      15.941     14.9008   0.0257232
        1677     15.6901     14.9013   0.0257122
        1678      16.291     14.9021   0.0257102
        1679     15.6181     14.9025   0.0256984
        1680     16.0564     14.9032   0.0256923
        1681     14.8159     14.9031   0.0256771
        1682     15.1123     14.9033   0.0256621
        1683     16.0825      14.904   0.0256564
        1684     16.2338     14.9048   0.0256534
        1685     15.4875     14.9051   0.0256405
        1686     15.1746     14.9053   0.0256258
        1687     15.1154     14.9054   0.0256109
        1688     14.8988     14.9054   0.0255957
        1689     15.4037     14.9057   0.0255822
        1690     15.6655     14.9061   0.0255711
        1691      15.573     14.9065    0.025559
        1692     16.3614     14.9074   0.0255583
        1693     15.9914      14.908   0.0255513
        1694     16.1885     14.9088   0.0255473
        1695     15.5513     14.9092   0.0255351
        1696     15.9174     14.9098    0.025527
        1697     16.0526     14.9104   0.0255208
        1698     16.6627     14.9115   0.0255266
        1699     16.8443     14.9126   0.0255369
        1700     17.1435     14.9139   0.0255556
        1701     17.2584     14.9153   0.0255777
        1702     17.4064     14.9168   0.0256045
        1703     17.4144     14.9182   0.0256315
        1704     16.5164     14.9192   0.0256336
        1705     16.9557     14.9204   0.0256464
        1706     17.0146     14.9216   0.0256607
        1707     17.2055     14.9229   0.0256805
        1708      16.311     14.9237   0.0256783
        1709     16.2463     14.9245    0.025675
        1710     16.3522     14.9253   0.0256735
        1711     16.5086     14.9263   0.0256752
        1712     14.9897     14.9263   0.0256602
        1713     14.9352     14.9263   0.0256452
        1714     15.1485     14.9264   0.0256306
        1715     15.9438      14.927   0.0256225
        1716      16.391     14.9279   0.0256218
        1717     16.1587     14.9286   0.0256169
        1718     15.9841     14.9292   0.0256094
        1719     16.1616     14.9299   0.0256045
        1720     15.7948     14.9304   0.0255945
        1721     15.5875     14.9308   0.0255825
        1722     15.4856     14.9311   0.0255697
        1723     15.7597     14.9316   0.0255594
        1724     16.1441     14.9323   0.0255542
        1725     16.6102     14.9333   0.0255579
        1726     16.2644     14.9341   0.0255547
        1727     16.1721     14.9348     0.02555
        1728     15.3313      14.935   0.0255362
        1729       14.42     14.9347   0.0255232
        1730     14.2445     14.9343   0.0255116
        1731     14.2679     14.9339   0.0254997
        1732      14.165     14.9335   0.0254889
        1733     13.2464     14.9325   0.0254928
        1734     13.6552     14.9318   0.0254887
        1735     13.4292     14.9309   0.0254887
        1736     13.4798     14.9301   0.0254877
        1737     13.4279     14.9292   0.0254877
        1738     13.6249     14.9285   0.0254841
        1739     14.0431      14.928   0.0254745
        1740     13.9197     14.9274   0.0254665
        1741      13.966     14.9268   0.0254578
        1742     14.0601     14.9263   0.0254481
        1743      13.812     14.9257   0.0254415
        1744     14.2268     14.9253   0.0254301
        1745     14.3276     14.9249   0.0254178
        1746     13.5662     14.9242   0.0254152
        1747     14.3767     14.9238   0.0254026
        1748     13.3881      14.923   0.0254032
        1749     14.0586     14.9225   0.0253935
        1750      13.946     14.9219   0.0253851
        1751     14.6446     14.9218   0.0253711
        1752     13.6509      14.921    0.025367
        1753     13.4009     14.9202   0.0253673
        1754     13.2706     14.9192   0.0253703
        1755     13.4069     14.9184   0.0253705
        1756     12.7679     14.9171   0.0253856
        1757     13.6968     14.9164   0.0253806
        1758     14.2811     14.9161   0.0253688
        1759     14.3645     14.9158   0.0253563
        1760     14.5313     14.9156   0.0253428
        1761     14.1578     14.9151   0.0253321
        1762     13.5274     14.9143   0.0253299
        1763     13.3845     14.9135   0.0253304
        1764     14.2091     14.9131   0.0253192
        1765     14.8425      14.913   0.0253049
        1766     15.5373     14.9134    0.025293
        1767      15.908     14.9139    0.025285
        1768     15.5205     14.9143    0.025273
        1769     14.7122     14.9142    0.025259
        1770     14.7075     14.9141    0.025245
        1771      14.142     14.9136   0.0252345
        1772     14.5694     14.9134    0.025221
        1773     14.4434     14.9132   0.0252082
        1774     14.8335     14.9131    0.025194
        1775     15.4332     14.9134   0.0251815
        1776     15.7488     14.9139   0.0251717
        1777     15.5608     14.9142   0.0251602
        1778     15.7427     14.9147   0.0251504
        1779     15.5017      14.915   0.0251384
        1780     15.7628     14.9155   0.0251288
        1781     16.1867     14.9162   0.0251248
        1782      16.639     14.9172   0.0251293
        1783     15.3252     14.9174   0.0251162
        1784     15.5101     14.9178   0.0251044
        1785     15.0334     14.9178   0.0250904
        1786      15.116     14.9179   0.0250766
        1787      14.755     14.9178   0.0250627
        1788      15.294     14.9181   0.0250496
        1789     15.4076     14.9183   0.0250371
        1790     14.5394     14.9181    0.025024
        1791     14.1384     14.9177   0.0250138
        1792     14.1752     14.9173   0.0250033
        1793     14.9764     14.9173   0.0249893
        1794     15.5958     14.9177   0.0249783
        1795     16.2565     14.9184   0.0249755
        1796     16.2753     14.9192    0.024973
        1797      16.369       14.92   0.0249721
        1798     15.6815     14.9204   0.0249618
        1799     15.8538     14.9209   0.0249534
        1800     16.0332     14.9215   0.0249471
        1801     16.7642     14.9226   0.0249543
        1802     16.4283     14.9234   0.0249544
        1803     16.3293     14.9242   0.0249527
        1804      16.756     14.9252   0.0249596
        1805     16.4721     14.9261   0.0249604
        1806     16.3528     14.9268   0.0249591
        1807     16.7119     14.9278   0.0249648
        1808     16.6205     14.9288   0.0249686
        1809      17.329     14.9301     0.02499
        1810     17.8948     14.9317   0.0250298
        1811     16.9172     14.9328     0.02504
        1812     16.3802     14.9336   0.0250389
        1813     15.9184     14.9342    0.025031
        1814     16.1665     14.9349   0.0250264
        1815     16.0417     14.9355   0.0250201
        1816     16.7345     14.9365   0.0250259
        1817     17.4579     14.9378   0.0250506
        1818     18.0407     14.9395   0.0250949
        1819     16.6132     14.9405   0.0250979
        1820     16.2653     14.9412   0.0250947
        1821     15.5058     14.9415   0.0250828
        1822     15.1404     14.9416   0.0250693
        1823     15.5399     14.9419   0.0250577
        1824     15.6403     14.9423   0.0250469
        1825     15.7542     14.9428   0.0250371
        1826     16.0582     14.9434   0.0250308
        1827     15.6922     14.9438   0.0250205
        1828     15.1996     14.9439   0.0250072
        1829     15.4241     14.9442   0.0249949
        1830     15.1451     14.9443   0.0249815
        1831     15.3136     14.9445   0.0249687
        1832      15.707     14.9449   0.0249585
        1833     14.7103     14.9448   0.0249452
        1834       14.96     14.9448   0.0249316
        1835     15.3014      14.945   0.0249188
        1836     14.9446      14.945   0.0249052
        1837     14.8959      14.945   0.0248917
        1838     14.8957     14.9449   0.0248781
        1839     14.7627     14.9448   0.0248648
        1840     15.4473     14.9451   0.0248528
        1841     14.9117     14.9451   0.0248393
        1842     14.7334      14.945   0.0248261
        1843     14.7757     14.9449   0.0248128
        1844     14.6536     14.9447   0.0247998
        1845     15.5036      14.945   0.0247882
        1846     16.3167     14.9458   0.0247859
        1847     17.0797     14.9469   0.0247994
        1848     16.1206     14.9476   0.0247941
        1849     16.0261     14.9482   0.0247876
        1850     16.4242      14.949    0.024787
        1851     15.5537     14.9493   0.0247758
        1852     15.6484     14.9497   0.0247653
        1853     15.4415     14.9499   0.0247534
        1854     15.7149     14.9503   0.0247434
        1855     15.7829     14.9508   0.0247342
        1856     15.4585     14.9511   0.0247224
        1857     14.9319      14.951    0.024709
        1858     15.4982     14.9513   0.0246975
        1859     15.6746     14.9517   0.0246873
        1860     14.9738     14.9517    0.024674
        1861      14.779     14.9516   0.0246609
        1862     14.6582     14.9515   0.0246482
        1863     15.0845     14.9516   0.0246351
        1864     14.9349     14.9516   0.0246218
        1865     14.3622     14.9512   0.0246107
        1866     14.1974     14.9508   0.0246008
        1867     14.0892     14.9504    0.024592
        1868     13.9541     14.9498   0.0245846
        1869     14.0025     14.9493   0.0245766
        1870     14.2105     14.9489   0.0245667
        1871     13.8993     14.9484   0.0245599
        1872     14.4116     14.9481   0.0245485
        1873     13.7335     14.9474    0.024544
        1874     13.9638     14.9469   0.0245365
        1875     13.5653     14.9462   0.0245344
        1876      15.081     14.9462   0.0245215
        1877     14.1428     14.9458   0.0245121
        1878     14.2763     14.9455   0.0245017
        1879     13.8539     14.9449   0.0244955
        1880     14.3197     14.9446   0.0244848
        1881     14.0143     14.9441   0.0244767
        1882     14.1481     14.9436   0.0244674
        1883      14.104     14.9432   0.0244585
        1884     14.0788     14.9427   0.0244498
        1885     14.9249     14.9427   0.0244368
        1886     13.7397     14.9421   0.0244322
        1887     13.0751     14.9411   0.0244393
        1888     13.4883     14.9403   0.0244384
        1889     13.3946     14.9395   0.0244392
        1890      13.846     14.9389   0.0244331
        1891     13.7242     14.9383   0.0244286
        1892     13.4748     14.9375   0.0244279
        1893     13.7332     14.9369   0.0244233
        1894     13.4051     14.9361   0.0244238
        1895     13.0583     14.9351    0.024431
        1896     14.1689     14.9347   0.0244215
        1897     13.4987     14.9339   0.0244203
        1898     14.6794     14.9338   0.0244078
        1899     14.1763     14.9334   0.0243982
        1900     14.2259      14.933   0.0243882
        1901     14.2452     14.9326   0.0243781
        1902     14.7721     14.9326   0.0243654
        1903     13.6243     14.9319   0.0243623
        1904     13.5046     14.9311   0.0243611
        1905      14.168     14.9307   0.0243516
        1906     13.9673     14.9302    0.024344
        1907      14.364     14.9299   0.0243331
        1908     14.1658     14.9295   0.0243236
        1909     13.8214     14.9289   0.0243178
        1910     13.7386     14.9283   0.0243131
        1911       13.79     14.9277   0.0243076
        1912     13.0436     14.9267   0.0243149
        1913     13.6155     14.9261   0.0243118
        1914     14.0399     14.9256   0.0243035
        1915     14.0729     14.9251   0.0242949
        1916     13.6259     14.9245   0.0242917
        1917     13.8344     14.9239   0.0242857
        1918     14.0056     14.9234   0.0242777
        1919     14.9707     14.9234   0.0242651
        1920     15.2127     14.9236   0.0242529
        1921     15.2511     14.9238   0.0242409
        1922      15.051     14.9238   0.0242284
        1923     14.6018     14.9237   0.0242164
        1924     15.5241      14.924   0.0242058
        1925     15.9757     14.9245   0.0241994
        1926      15.956     14.9251   0.0241927
        1927     16.1093     14.9257    0.024188
        1928     16.3192     14.9264   0.0241862
        1929     15.8497     14.9269   0.0241784
        1930     15.9308     14.9274   0.0241715
        1931     15.5212     14.9277   0.0241609
        1932     16.3695     14.9284     0.02416
        1933     16.4971     14.9293   0.0241611
        1934     16.0752     14.9298   0.0241559
        1935     16.1782     14.9305    0.024152
        1936     16.0038      14.931   0.0241459
        1937     16.1901     14.9317   0.0241422
        1938     16.2719     14.9324   0.0241396
        1939     16.3022     14.9331   0.0241375
        1940       15.82     14.9336   0.0241294
        1941     15.1157     14.9336   0.0241171
        1942     15.3301     14.9339   0.0241056
        1943      15.473     14.9341   0.0240948
        1944     16.1612     14.9348   0.0240906
        1945     15.9086     14.9353   0.0240835
        1946     15.7067     14.9357   0.0240743
        1947     16.1201     14.9363   0.0240697
        1948     15.5949     14.9366   0.0240597
        1949     14.5272     14.9364   0.0240482
        1950     14.7122     14.9363   0.0240362
        1951     14.9495     14.9363   0.0240239
        1952     15.5611     14.9366   0.0240137
        1953      15.204     14.9367   0.0240018
        1954     15.8845     14.9372   0.0239944
        1955     15.1209     14.9373   0.0239823
        1956      15.561     14.9376   0.0239722
        1957     15.4056     14.9379   0.0239611
        1958     16.1652     14.9385   0.0239571
        1959     15.8973      14.939   0.0239498
        1960     15.5951     14.9393     0.02394
        1961     16.1363     14.9399   0.0239355
        1962     16.2673     14.9406   0.0239329
        1963     16.5678     14.9414   0.0239351
        1964     16.1359     14.9421   0.0239306
        1965     15.9986     14.9426   0.0239245
        1966     15.5765     14.9429   0.0239145
        1967     15.6704     14.9433   0.0239052
        1968     15.5226     14.9436   0.0238948
        1969     15.6379     14.9439   0.0238853
        1970     14.9087     14.9439   0.0238732
        1971     15.8557     14.9444   0.0238655
        1972     14.7686     14.9443   0.0238536
        1973     14.7429     14.9442   0.0238417
        1974     14.9688     14.9442   0.0238297
        1975     15.0764     14.9443   0.0238177
        1976     15.7323     14.9447    0.023809
        1977     15.2562     14.9448   0.0237975
        1978      14.723     14.9447   0.0237857
        1979     14.6056     14.9445   0.0237743
        1980     14.2798     14.9442   0.0237647
        1981     14.8842     14.9442   0.0237527
        1982     15.4584     14.9444   0.0237421
        1983     15.8193     14.9449   0.0237342
        1984      15.727     14.9453   0.0237255
        1985     15.1551     14.9454   0.0237138
        1986     15.1242     14.9455   0.0237021
        1987     14.7534     14.9454   0.0236903
        1988     14.6485     14.9452   0.0236789
        1989     14.2892     14.9449   0.0236693
        1990     15.0477     14.9449   0.0236574
        1991     14.9957      14.945   0.0236456
        1992     15.4897     14.9452   0.0236353
        1993     14.2633     14.9449   0.0236259
        1994     14.2057     14.9445    0.023617
        1995     14.2902     14.9442   0.0236074
        1996     14.3737     14.9439   0.0235973
        1997     14.4006     14.9436   0.0235871
        1998     14.9843     14.9437   0.0235753
        1999     15.2209     14.9438   0.0235639
        2000     14.9745     14.9438   0.0235521
