           1    -7.44112    -7.44112           0
           2     -7.1631    -7.30211   0.0982955
           3    -6.98846    -7.19756    0.107617
           4    -6.80754    -7.10006    0.116812
           5     -6.7022    -7.02049    0.117466
           6    -6.54146    -6.94065     0.12204
           7      -6.535     -6.8827    0.117562
           8    -6.41881    -6.82471    0.116291
           9    -6.24272    -6.76005     0.12001
          10    -6.22604    -6.70665      0.1193
          11    -6.18856    -6.65955    0.117384
          12    -6.17212    -6.61893    0.114414
          13    -6.07539    -6.57712    0.112994
          14    -6.05935    -6.54013    0.110811
          15    -5.93697    -6.49992    0.110479
          16    -5.92871    -6.46422     0.10919
          17    -5.90181    -6.43114    0.107662
          18    -5.64079    -6.38723    0.110272
          19    -5.69031    -6.35055      0.1104
          20    -5.71344    -6.31869    0.109379
          21    -5.56002    -6.28257    0.109975
          22    -5.61645    -6.25229    0.109065
          23    -5.77098    -6.23136    0.106312
          24    -5.93358    -6.21896    0.102604
          25    -5.94181    -6.20787   0.0990965
          26    -5.84627    -6.19396    0.096256
          27    -5.91808    -6.18374   0.0932318
          28    -5.88504    -6.17308   0.0905103
          29    -5.77537    -6.15936   0.0884222
          30    -5.59702    -6.14062   0.0874391
          31    -5.66962    -6.12542   0.0859283
          32     -5.6997    -6.11212   0.0842667
          33    -5.89061    -6.10541     0.08198
          34    -5.93229    -6.10032   0.0797268
          35    -5.90683    -6.09479   0.0776403
          36    -5.90407    -6.08949   0.0756642
          37    -5.77339    -6.08095      0.0741
          38    -5.73308    -6.07179   0.0727132
          39    -5.75747    -6.06373    0.071294
          40     -5.6073    -6.05232   0.0704189
          41    -5.48395    -6.03846   0.0700527
          42    -5.50035    -6.02565   0.0695465
          43    -5.52668    -6.01404   0.0688904
          44    -5.51126    -6.00262   0.0682658
          45    -5.41332    -5.98952   0.0679932
          46    -5.36647    -5.97598   0.0678508
          47     -5.5208    -5.96629   0.0670948
          48    -5.53488     -5.9573   0.0662962
          49    -5.52608     -5.9485   0.0655247
          50    -5.58902    -5.94131   0.0646075
          51    -5.63158    -5.93524   0.0636254
          52    -5.66595    -5.93006   0.0626123
          53    -5.83455    -5.92826   0.0614568
          54    -5.84764    -5.92677   0.0603369
          55    -5.82328    -5.92488   0.0592692
          56    -5.79242    -5.92252    0.058258
          57    -5.81914    -5.92071   0.0572641
          58    -5.85558    -5.91958   0.0562878
          59    -5.81824    -5.91787     0.05536
          60     -5.8107    -5.91608   0.0544661
          61    -5.75667    -5.91347   0.0536359
          62    -5.72463    -5.91042   0.0528572
          63    -5.78742    -5.90847   0.0520543
          64     -5.7714    -5.90633    0.051285
          65    -5.75333    -5.90397   0.0505499
          66    -5.70849    -5.90101   0.0498707
          67    -5.62472    -5.89689   0.0492966
          68    -5.62736    -5.89292   0.0487307
          69    -5.56805    -5.88821   0.0482514
          70    -5.64202     -5.8847   0.0476901
          71    -5.50309    -5.87932   0.0473203
          72     -5.4908    -5.87393   0.0469697
          73    -5.79229    -5.87281   0.0463396
          74    -5.76363    -5.87133   0.0457369
          75    -5.70455    -5.86911   0.0451811
          76    -5.70425    -5.86694   0.0446387
          77    -5.65602     -5.8642   0.0441429
          78    -5.70902    -5.86221   0.0436218
          79    -5.70412    -5.86021   0.0431155
          80    -5.57657    -5.85666   0.0427221
          81    -5.65557    -5.85418   0.0422667
          82    -5.56861     -5.8507   0.0418945
          83    -5.68129    -5.84866   0.0414394
          84     -5.7543    -5.84754   0.0409613
          85    -5.60972    -5.84474   0.0405749
          86    -5.72721    -5.84337   0.0401261
          87    -5.74192     -5.8422   0.0396818
          88    -6.01955    -5.84422    0.039282
          89    -5.73336    -5.84297   0.0388604
          90    -5.73365    -5.84176   0.0384476
          91    -5.73077    -5.84054   0.0380444
          92    -5.70376    -5.83905   0.0376599
          93    -5.66921    -5.83723   0.0372992
          94    -5.66572     -5.8354    0.036947
          95    -5.62646     -5.8332   0.0366235
          96    -5.58104    -5.83058   0.0363361
          97    -5.78522    -5.83011   0.0359645
          98    -5.80583    -5.82986   0.0355984
          99    -5.73908    -5.82894   0.0352506
         100    -5.61744    -5.82683   0.0349615
         101    -5.67966    -5.82537   0.0346457
         102    -5.62377     -5.8234   0.0343624
         103    -5.73406    -5.82253   0.0340397
         104    -5.67372     -5.8211   0.0337424
         105     -5.7008    -5.81995   0.0334405
         106    -5.76168     -5.8194   0.0331296
         107    -5.72068    -5.81848   0.0328328
         108    -5.61545     -5.8166   0.0325826
         109    -5.67832    -5.81533   0.0323083
         110     -5.7021     -5.8143    0.032031
         111    -5.78004    -5.81399   0.0317439
         112     -5.8158    -5.81401   0.0314605
         113    -5.84243    -5.81426   0.0311831
         114    -5.74312    -5.81364   0.0309158
         115    -5.66708    -5.81236   0.0306732
         116    -5.65383      -5.811   0.0304392
         117    -5.57939    -5.80902   0.0302434
         118     -5.5975    -5.80722   0.0300401
         119    -5.76166    -5.80684   0.0297901
         120    -5.88972    -5.80753   0.0295499
         121    -5.84413    -5.80783   0.0293072
         122    -5.89256    -5.80853   0.0290752
         123     -5.8621    -5.80896   0.0288421
         124     -5.9413    -5.81003   0.0286292
         125    -5.71271    -5.80925   0.0284108
         126    -5.81726    -5.80932   0.0281854
         127    -5.93204    -5.81028     0.02798
         128    -5.87316    -5.81077   0.0277657
         129    -5.80493    -5.81073   0.0275505
         130    -5.72242    -5.81005    0.027347
         131    -5.73909    -5.80951   0.0271436
         132    -5.77647    -5.80926   0.0269391
         133    -5.79474    -5.80915   0.0267368
         134    -5.69047    -5.80826   0.0265519
         135     -5.6235    -5.80689   0.0263905
         136    -5.72126    -5.80626   0.0262039
         137    -5.76219    -5.80594   0.0260147
         138    -5.88027    -5.80648   0.0258317
         139     -5.8667    -5.80691   0.0256495
         140    -5.92394    -5.80775   0.0254799
         141     -5.9032    -5.80843   0.0253082
         142    -5.90066    -5.80908   0.0251383
         143    -5.82903    -5.80922   0.0249629
         144    -5.87926     -5.8097   0.0247943
         145    -5.77824    -5.80949   0.0246242
         146    -5.70154    -5.80875   0.0244667
         147    -5.77005    -5.80848   0.0243016
         148    -5.64493    -5.80738   0.0241626
         149    -5.57693    -5.80583   0.0240498
         150     -5.3553    -5.80283   0.0240763
         151    -5.37984    -5.80003   0.0240793
         152    -5.43916    -5.79765   0.0240376
         153    -5.32221    -5.79454   0.0240805
         154    -5.62943    -5.79347    0.023948
         155    -5.54198    -5.79185   0.0238484
         156    -5.66242    -5.79102     0.02371
         157    -5.68375    -5.79034   0.0235688
         158    -5.67689    -5.78962   0.0234306
         159     -5.7242    -5.78921   0.0232868
         160    -5.71982    -5.78877   0.0231453
         161     -5.7133    -5.78831   0.0230063
         162    -5.70276    -5.78778   0.0228703
         163    -5.71075     -5.7873   0.0227349
         164    -5.71027    -5.78683   0.0226011
         165    -5.84202    -5.78717   0.0224666
         166    -5.78118    -5.78713   0.0223313
         167    -5.77899    -5.78708   0.0221977
         168    -5.81154    -5.78723    0.022066
         169    -5.79197    -5.78726   0.0219355
         170    -5.69511    -5.78672   0.0218131
         171    -5.72921    -5.78638   0.0216882
         172    -5.72661    -5.78603   0.0215648
         173    -5.54209    -5.78462   0.0214862
         174    -5.37232    -5.78225    0.021493
         175    -5.55498    -5.78095   0.0214094
         176    -5.59281    -5.77988   0.0213144
         177    -5.78723    -5.77993   0.0211941
         178     -5.7767    -5.77991    0.021075
         179    -5.75885    -5.77979   0.0209576
         180    -5.65315    -5.77909    0.020853
         181    -5.74983    -5.77893   0.0207384
         182    -5.54682    -5.77765   0.0206636
         183    -5.58884    -5.77662   0.0205764
         184    -5.68408    -5.77612   0.0204707
         185    -5.49663     -5.7746   0.0204158
         186    -5.53836    -5.77333   0.0203455
         187    -5.51227    -5.77194   0.0202845
         188    -5.57159    -5.77087   0.0202046
         189    -5.54045    -5.76965   0.0201344
         190    -5.68992    -5.76923   0.0200328
         191    -5.46995    -5.76767   0.0199891
         192    -5.68546    -5.76724   0.0198896
         193    -5.51353    -5.76592     0.01983
         194    -5.56351    -5.76488   0.0197552
         195    -5.45963    -5.76332   0.0197158
         196    -5.47474    -5.76184   0.0196701
         197    -5.50188    -5.76052   0.0196145
         198    -5.45937      -5.759   0.0195743
         199    -5.54382    -5.75792   0.0195058
         200    -5.67361     -5.7575   0.0194128
         201    -5.73253    -5.75738   0.0193166
         202     -5.7315    -5.75725   0.0192214
         203     -5.7773    -5.75735    0.019127
         204    -5.84486    -5.75778    0.019038
         205    -5.75205    -5.75775   0.0189452
         206    -5.69331    -5.75743   0.0188558
         207    -5.55455    -5.75645   0.0187902
         208    -5.46899    -5.75507   0.0187506
         209    -5.57331     -5.7542    0.018681
         210    -5.43715    -5.75269    0.018653
         211    -5.54426    -5.75171   0.0185907
         212    -5.71425    -5.75153   0.0185038
         213    -5.79392    -5.75173    0.018418
         214    -5.95085    -5.75266   0.0183555
         215    -6.04774    -5.75403   0.0183213
         216    -6.02799     -5.7553   0.0182804
         217    -5.87451    -5.75585   0.0182044
         218    -5.92551    -5.75663   0.0181375
         219     -6.0288    -5.75787   0.0180972
         220    -5.97876    -5.75887   0.0180428
         221    -5.95342    -5.75975   0.0179826
         222    -5.85962     -5.7602   0.0179072
         223    -5.88505    -5.76076   0.0178357
         224    -5.82077    -5.76103   0.0177581
         225    -5.63249    -5.76046   0.0176883
         226    -5.72166    -5.76029   0.0176109
         227    -5.61058    -5.75963   0.0175457
         228    -5.39868    -5.75805     0.01754
         229    -5.39658    -5.75647   0.0175343
         230    -5.49841    -5.75535   0.0174939
         231    -5.66692    -5.75496   0.0174223
         232    -5.63269    -5.75444   0.0173552
         233    -5.60441    -5.75379   0.0172927
         234    -5.69678    -5.75355   0.0172205
         235    -5.66169    -5.75316   0.0171516
         236    -5.55995    -5.75234   0.0170985
         237    -5.52291    -5.75137   0.0170537
         238    -5.52338    -5.75041    0.017009
         239    -5.61039    -5.74983   0.0169479
         240    -5.62729    -5.74932   0.0168849
         241    -5.67147    -5.74899    0.016818
         242    -5.67235    -5.74868   0.0167515
         243    -5.59677    -5.74805   0.0166942
         244    -5.60832    -5.74748   0.0166356
         245     -5.6123    -5.74693   0.0165768
         246    -5.67926    -5.74665   0.0165117
         247    -5.69718    -5.74645   0.0164461
         248    -5.63422      -5.746    0.016386
         249    -5.59952    -5.74541   0.0163308
         250    -5.37877    -5.74394   0.0163311
         251    -5.17255    -5.74167    0.016424
         252    -5.23285    -5.73965   0.0164825
         253    -5.41962    -5.73838   0.0164658
         254     -5.5943    -5.73782   0.0164107
         255    -5.49215    -5.73685   0.0163746
         256    -5.56291    -5.73617   0.0163247
         257    -5.59324    -5.73562   0.0162707
         258    -5.55732    -5.73493   0.0162223
         259    -5.77032    -5.73506   0.0161602
         260    -5.78346    -5.73525   0.0160992
         261    -5.77341    -5.73539   0.0160381
         262    -5.84778    -5.73582   0.0159827
         263     -5.9032    -5.73646   0.0159346
         264    -5.86533    -5.73695   0.0158817
         265    -5.67503    -5.73671   0.0158235
         266    -5.84718    -5.73713   0.0157694
         267    -5.85783    -5.73758   0.0157168
         268    -5.61511    -5.73713   0.0156648
         269    -5.62286     -5.7367   0.0156124
         270    -5.42857    -5.73556   0.0155962
         271    -5.50904    -5.73472    0.015561
         272    -5.52134    -5.73394   0.0155236
         273    -5.57299    -5.73335   0.0154779
         274     -5.5629    -5.73273   0.0154339
         275    -5.63465    -5.73237   0.0153819
         276    -5.51131    -5.73157    0.015347
         277    -5.64433    -5.73125   0.0152948
         278    -5.54321    -5.73058   0.0152548
         279    -5.62578     -5.7302   0.0152047
         280    -5.62461    -5.72983   0.0151551
         281       -5.62    -5.72943   0.0151062
         282     -5.6649    -5.72921   0.0150544
         283    -5.55084    -5.72858   0.0150144
         284    -5.55273    -5.72796   0.0149743
         285    -5.64388    -5.72766   0.0149246
         286    -5.84028    -5.72805   0.0148776
         287    -5.91965    -5.72872   0.0148408
         288    -5.75524    -5.72881   0.0147895
         289     -5.7269    -5.72881   0.0147383
         290    -5.79715    -5.72904   0.0146894
         291      -5.772    -5.72919   0.0146397
         292    -5.66975    -5.72899   0.0145909
         293    -5.64652    -5.72871   0.0145439
         294     -5.5712    -5.72817   0.0145043
         295    -5.69654    -5.72806   0.0144555
         296    -5.78364    -5.72825   0.0144079
         297    -5.72875    -5.72825   0.0143594
         298    -5.77434    -5.72841    0.014312
         299    -5.84013    -5.72878    0.014269
         300    -5.81387    -5.72906   0.0142243
         301    -5.82486    -5.72938   0.0141806
         302    -5.75092    -5.72945   0.0141338
         303    -5.76957    -5.72959   0.0140878
         304    -5.80331    -5.72983   0.0140435
         305     -5.7654    -5.72995    0.013998
         306    -5.77581     -5.7301    0.013953
         307    -5.81832    -5.73038   0.0139105
         308    -5.68186    -5.73023   0.0138662
         309    -5.69366    -5.73011   0.0138219
         310    -5.68167    -5.72995   0.0137782
         311    -5.65102     -5.7297   0.0137362
         312    -5.62872    -5.72937    0.013696
         313    -5.76052    -5.72947   0.0136526
         314    -5.76269    -5.72958   0.0136095
         315    -5.65289    -5.72934   0.0135685
         316    -5.66455    -5.72913   0.0135271
         317     -5.6423    -5.72886   0.0134872
         318    -5.76518    -5.72897   0.0134453
         319    -5.79233    -5.72917   0.0134046
         320    -5.70652     -5.7291   0.0133629
         321    -5.62871    -5.72879   0.0133249
         322     -5.7331     -5.7288   0.0132836
         323    -5.80552    -5.72904   0.0132446
         324    -5.83625    -5.72937   0.0132078
         325    -5.90783    -5.72992   0.0131786
         326    -5.80756    -5.73015   0.0131403
         327    -5.87514     -5.7306   0.0131076
         328    -5.84925    -5.73096   0.0130726
         329    -5.79452    -5.73115   0.0130343
         330    -5.86285    -5.73155   0.0130009
         331    -5.85051    -5.73191   0.0129666
         332    -5.85427    -5.73228   0.0129328
         333    -6.02456    -5.73316   0.0129237
         334    -6.03486    -5.73406   0.0129165
         335    -6.03572    -5.73496   0.0129093
         336    -5.88587    -5.73541   0.0128787
         337    -5.90373    -5.73591   0.0128502
         338    -5.77656    -5.73603   0.0128127
         339    -5.66424    -5.73582   0.0127767
         340    -5.58303    -5.73537    0.012747
         341    -5.68406    -5.73522   0.0127105
         342    -5.66736    -5.73502   0.0126749
         343    -5.68907    -5.73489   0.0126387
         344    -5.68956    -5.73475   0.0126026
         345    -5.76259    -5.73484   0.0125663
         346    -5.78844    -5.73499    0.012531
         347    -5.84703    -5.73531    0.012499
         348    -5.64849    -5.73506   0.0124656
         349    -5.65779    -5.73484   0.0124318
         350    -5.73951    -5.73486   0.0123963
         351    -5.67518    -5.73469   0.0123622
         352    -5.58459    -5.73426   0.0123344
         353    -5.61936    -5.73393   0.0123038
         354    -5.58792    -5.73352   0.0122759
         355    -5.65932    -5.73331   0.0122431
         356     -5.8549    -5.73365   0.0122135
         357    -5.84955    -5.73398   0.0121836
         358    -5.75672    -5.73404   0.0121497
         359    -5.62891    -5.73375   0.0121194
         360     -5.6671    -5.73356   0.0120872
         361    -5.66735    -5.73338   0.0120551
         362    -5.58165    -5.73296   0.0120291
         363    -5.61968    -5.73265       0.012
         364    -5.62742    -5.73236   0.0119705
         365    -5.53117    -5.73181   0.0119504
         366     -5.5747    -5.73138   0.0119254
         367    -5.59128      -5.731    0.011899
         368    -5.68109    -5.73086   0.0118675
         369     -5.7494    -5.73091   0.0118354
         370    -5.72617     -5.7309   0.0118034
         371    -5.62011     -5.7306   0.0117754
         372    -5.56998    -5.73017   0.0117517
         373    -5.68769    -5.73006   0.0117207
         374    -5.67025     -5.7299   0.0116905
         375    -5.60467    -5.72956    0.011664
         376    -5.73861    -5.72959   0.0116331
         377    -5.62819    -5.72932   0.0116053
         378    -5.63295    -5.72906   0.0115774
         379    -5.64339    -5.72884   0.0115491
         380       -5.55    -5.72837   0.0115283
         381    -5.63978    -5.72813   0.0115003
         382    -5.75219     -5.7282   0.0114704
         383    -5.76833     -5.7283   0.0114409
         384    -5.73528    -5.72832   0.0114112
         385    -5.77829    -5.72845   0.0113823
         386    -5.66877    -5.72829   0.0113538
         387    -5.57569     -5.7279   0.0113313
         388    -5.48126    -5.72726   0.0113199
         389    -5.58389     -5.7269   0.0112968
         390    -5.49115    -5.72629    0.011284
         391    -5.51322    -5.72575   0.0112683
         392    -5.72297    -5.72574   0.0112396
         393    -5.71932    -5.72572    0.011211
         394    -5.87838    -5.72611   0.0111892
         395    -5.70308    -5.72605   0.0111611
         396    -5.67816    -5.72593   0.0111335
         397    -5.64649    -5.72573   0.0111073
         398     -5.7049    -5.72568   0.0110795
         399    -5.68683    -5.72558   0.0110522
         400    -5.74435    -5.72563   0.0110246
         401    -5.89723    -5.72606   0.0110054
         402    -5.89378    -5.72647    0.010986
         403    -5.68583    -5.72637   0.0109592
         404    -5.72999    -5.72638    0.010932
         405    -5.75159    -5.72644   0.0109052
         406    -5.73364    -5.72646   0.0108784
         407    -5.55497    -5.72604   0.0108598
         408    -5.57161    -5.72566   0.0108398
         409    -5.71535    -5.72564   0.0108133
         410    -5.76048    -5.72572   0.0107873
         411     -5.7219    -5.72571    0.010761
         412    -5.85005    -5.72601   0.0107391
         413    -5.83839    -5.72629   0.0107166
         414    -5.91607    -5.72674   0.0107005
         415    -5.81606    -5.72696   0.0106769
         416    -5.78065    -5.72709    0.010652
         417    -5.76597    -5.72718   0.0106269
         418    -5.84482    -5.72746   0.0106052
         419    -5.87204    -5.72781   0.0105855
         420    -5.78845    -5.72795   0.0105612
         421    -5.77864    -5.72807   0.0105368
         422    -5.80267    -5.72825   0.0105134
         423    -5.87613     -5.7286   0.0104943
         424    -5.78135    -5.72872   0.0104703
         425    -5.77754    -5.72884   0.0104463
         426    -5.91638    -5.72928    0.010431
         427    -5.84663    -5.72955   0.0104102
         428    -5.78078    -5.72967   0.0103866
         429    -5.83762    -5.72992   0.0103654
         430    -5.79584    -5.73008   0.0103425
         431    -5.89904    -5.73047   0.0103259
         432    -5.86612    -5.73078   0.0103068
         433    -5.82851    -5.73101   0.0102854
         434    -5.78743    -5.73114   0.0102626
         435    -5.64295    -5.73094    0.010241
         436    -5.66878    -5.73079   0.0102185
         437    -5.67021    -5.73066    0.010196
         438    -5.55921    -5.73026   0.0101803
         439    -5.57402    -5.72991   0.0101633
         440    -5.46218     -5.7293   0.0101584
         441    -5.49993    -5.72878   0.0101487
         442    -5.42892     -5.7281   0.0101484
         443    -5.65366    -5.72793   0.0101268
         444    -5.67132    -5.72781   0.0101048
         445    -5.71495    -5.72778   0.0100822
         446    -5.65623    -5.72762   0.0100608
         447    -5.61834    -5.72737   0.0100413
         448    -5.51991    -5.72691   0.0100296
         449    -5.49222    -5.72639   0.0100208
         450    -5.35823    -5.72557   0.0100319
         451    -5.39175    -5.72483   0.0100369
         452    -5.42136    -5.72416   0.0100372
         453    -5.46494    -5.72358   0.0100313
         454    -5.63834     -5.7234    0.010011
         455    -5.67492    -5.72329  0.00998952
         456    -5.77005    -5.72339  0.00996814
         457    -5.64291    -5.72322  0.00994788
         458    -5.59203    -5.72293  0.00993029
         459    -5.54236    -5.72254  0.00991644
         460    -5.60255    -5.72228  0.00989831
         461    -5.53316    -5.72187  0.00988534
         462    -5.60737    -5.72162  0.00986705
         463     -5.5993    -5.72135  0.00984927
         464    -5.58738    -5.72106  0.00983228
         465    -5.46898    -5.72052  0.00982607
         466    -5.37978    -5.71979  0.00983215
         467    -5.27957    -5.71885  0.00985618
         468    -5.37851    -5.71812  0.00986191
         469    -5.61459     -5.7179  0.00984336
         470    -5.55063    -5.71754  0.00982884
         471     -5.4435    -5.71696  0.00982518
         472    -5.46053    -5.71642  0.00981938
         473     -5.4481    -5.71585  0.00981499
         474    -5.60113    -5.71561  0.00979726
         475    -5.53438    -5.71523  0.00978406
         476    -5.46891    -5.71471  0.00977719
         477    -5.37744      -5.714  0.00978222
         478    -5.47135     -5.7135  0.00977492
         479    -5.50444    -5.71306  0.00976425
         480    -5.43679    -5.71248  0.00976086
         481    -5.47077    -5.71198  0.00975349
         482    -5.50122    -5.71155  0.00974306
         483    -5.77128    -5.71167  0.00972367
         484    -5.57751    -5.71139  0.00970753
         485    -5.64465    -5.71125  0.00968849
         486     -5.7577    -5.71135  0.00966902
         487    -5.83289     -5.7116  0.00965239
         488    -5.92446    -5.71204  0.00964246
         489    -5.86378    -5.71235  0.00962773
         490    -5.97336    -5.71288  0.00962281
         491    -5.92629    -5.71331  0.00961302
         492    -5.88571    -5.71366  0.00959987
         493    -5.80249    -5.71384  0.00958209
         494    -5.68075    -5.71378  0.00956292
         495    -5.82563      -5.714  0.00954627
         496    -5.87119    -5.71432  0.00953229
         497    -5.83823    -5.71457  0.00951637
         498    -5.77711    -5.71469  0.00949809
         499    -5.70432    -5.71467  0.00947908
         500    -5.72391    -5.71469  0.00946014
         501    -5.68221    -5.71463  0.00944148
         502    -5.67768    -5.71455  0.00942295
         503    -5.64203    -5.71441  0.00940532
         504    -5.70959     -5.7144  0.00938667
         505    -5.63729    -5.71425  0.00936932
         506    -5.65957    -5.71414  0.00935143
         507    -5.66648    -5.71404  0.00933346
         508    -5.70947    -5.71404  0.00931509
         509    -5.67117    -5.71395  0.00929717
         510    -5.69236    -5.71391  0.00927903
         511    -5.75723    -5.71399  0.00926126
         512    -5.59978    -5.71377  0.00924586
         513    -5.65265    -5.71365  0.00922861
         514    -5.70321    -5.71363  0.00921067
         515    -5.79853     -5.7138  0.00919426
         516     -5.7347    -5.71384  0.00917653
         517    -5.99096    -5.71437  0.00917443
         518    -5.94889    -5.71483  0.00916788
         519    -5.95825    -5.71529   0.0091622
         520     -5.8525    -5.71556  0.00914838
         521    -5.68135    -5.71549  0.00913106
         522     -5.7851    -5.71563  0.00911454
         523    -5.67388    -5.71555  0.00909746
         524    -5.62686    -5.71538  0.00908168
         525    -5.68597    -5.71532  0.00906455
         526    -5.53744    -5.71498  0.00905362
         527    -5.40279    -5.71439   0.0090558
         528    -5.36904    -5.71374  0.00906224
         529    -5.30111    -5.71296  0.00907862
         530    -5.23636    -5.71206  0.00910591
         531    -5.31498    -5.71131  0.00911942
         532     -5.4734    -5.71086  0.00911324
         533     -5.4361    -5.71035  0.00911071
         534    -5.60106    -5.71014  0.00909594
         535    -5.62743    -5.70999  0.00908025
         536    -5.47213    -5.70954  0.00907415
         537    -5.41445    -5.70899  0.00907388
         538    -5.57719    -5.70875  0.00906032
         539    -5.50035    -5.70836  0.00905175
         540    -5.48152    -5.70794  0.00904473
         541    -5.44673    -5.70746  0.00904089
         542    -5.44884    -5.70698   0.0090368
         543    -5.42363    -5.70646  0.00903521
         544    -5.24214    -5.70561  0.00905882
         545    -5.34327    -5.70494  0.00906657
         546    -5.39713    -5.70438  0.00906747
         547    -5.52575    -5.70405  0.00905677
         548    -5.63002    -5.70392  0.00904125
         549    -5.70012    -5.70391  0.00902479
         550    -5.73629    -5.70397  0.00900857
         551    -5.82354    -5.70419  0.00899483
         552    -5.84019    -5.70443  0.00898191
         553    -5.65004    -5.70433  0.00896621
         554    -5.68783     -5.7043  0.00895007
         555    -5.70066     -5.7043  0.00893395
         556    -5.67105    -5.70424  0.00891808
         557    -5.66861    -5.70417   0.0089023
         558    -5.74317    -5.70424  0.00888662
         559    -5.62908    -5.70411  0.00887174
         560    -5.68833    -5.70408  0.00885594
         561    -5.76156    -5.70418  0.00884075
         562    -5.83196    -5.70441  0.00882794
         563    -5.78057    -5.70455   0.0088133
         564    -5.73484     -5.7046  0.00879784
         565    -5.82445    -5.70481  0.00878482
         566    -5.95359    -5.70525  0.00878029
         567    -5.83742    -5.70548   0.0087679
         568    -5.68931    -5.70546  0.00875251
         569    -5.60184    -5.70527  0.00873902
         570    -5.51182    -5.70493  0.00873027
         571    -5.56312    -5.70469  0.00871852
         572    -5.66381    -5.70461  0.00870357
         573    -5.71668    -5.70464   0.0086884
         574    -5.59392    -5.70444  0.00867541
         575    -5.58016    -5.70423  0.00866301
         576     -5.6663    -5.70416  0.00864822
         577     -5.6252    -5.70402  0.00863432
         578    -5.54491    -5.70375  0.00862377
         579    -5.64089    -5.70364  0.00860956
         580    -5.62628    -5.70351  0.00859574
         581    -5.74742    -5.70358  0.00858128
         582     -5.7753    -5.70371  0.00856742
         583    -5.99605    -5.70421  0.00856739
         584    -5.92331    -5.70458  0.00856093
         585    -5.89209     -5.7049  0.00855229
         586    -5.74889    -5.70498  0.00853803
         587    -5.80016    -5.70514  0.00852502
         588    -5.74411    -5.70521  0.00851078
         589    -5.78667    -5.70534  0.00849746
         590     -5.7964     -5.7055  0.00848446
         591    -5.65475    -5.70541  0.00847053
         592    -5.76026    -5.70551  0.00845673
         593    -5.70982    -5.70551  0.00844248
         594     -5.8168     -5.7057  0.00843034
         595    -5.78004    -5.70583   0.0084171
         596    -5.75282     -5.7059  0.00840334
         597    -5.78059    -5.70603   0.0083902
         598    -5.82649    -5.70623  0.00837859
         599    -5.89018    -5.70654  0.00837023
         600    -5.93714    -5.70692  0.00836509
         601    -5.83147    -5.70713  0.00835374
         602    -5.83154    -5.70734  0.00834242
         603    -5.76943    -5.70744  0.00832922
         604    -5.83565    -5.70765  0.00831814
         605    -5.85454    -5.70789  0.00830793
         606    -5.77888    -5.70801  0.00829505
         607    -5.73448    -5.70805   0.0082815
         608    -5.69779    -5.70804  0.00826789
         609    -5.63261    -5.70791  0.00825524
         610    -5.64807    -5.70782  0.00824229
         611     -5.7801    -5.70793  0.00822965
         612    -5.86823     -5.7082  0.00822037
         613    -5.84417    -5.70842  0.00820995
         614    -5.79106    -5.70855  0.00819769
         615    -5.93088    -5.70891  0.00819232
         616    -5.95439    -5.70931  0.00818871
         617    -5.85306    -5.70955  0.00817875
         618    -5.84528    -5.70977  0.00816847
         619    -5.83263    -5.70996  0.00815768
         620    -5.78394    -5.71008   0.0081454
         621    -5.76696    -5.71017   0.0081328
         622    -5.87461    -5.71044  0.00812402
         623    -5.79601    -5.71058  0.00811214
         624    -5.66359     -5.7105  0.00809949
         625    -5.74524    -5.71056  0.00808672
         626    -5.72893    -5.71059  0.00807385
         627    -5.57766    -5.71037  0.00806376
         628    -5.63961    -5.71026  0.00805171
         629    -5.61755    -5.71011  0.00804025
         630    -5.67148    -5.71005  0.00802772
         631      -5.686    -5.71001  0.00801509
         632     -5.6614    -5.70994  0.00800278
         633    -5.56259     -5.7097  0.00799352
         634    -5.50744    -5.70939  0.00798728
         635    -5.53012     -5.7091  0.00797969
         636    -5.49467    -5.70877  0.00797426
         637    -5.42927    -5.70833   0.0079738
         638    -5.41957    -5.70788  0.00797414
         639    -5.67647    -5.70783  0.00796181
         640    -5.67356    -5.70777  0.00794955
         641    -5.75159    -5.70784  0.00793744
         642    -5.75934    -5.70792  0.00792549
         643    -5.79807    -5.70806   0.0079144
         644     -5.6382    -5.70795  0.00790285
         645    -5.95994    -5.70834  0.00790025
         646    -5.86009    -5.70858  0.00789151
         647    -6.01442    -5.70905  0.00789346
         648    -6.03266    -5.70955  0.00789706
         649    -6.03989    -5.71006  0.00790128
         650    -5.83564    -5.71025  0.00789149
         651    -5.73734    -5.71029  0.00787947
         652    -5.81782    -5.71046  0.00786912
         653    -5.74571    -5.71051  0.00785725
         654    -5.77573    -5.71061  0.00784587
         655    -5.74238    -5.71066  0.00783404
         656    -5.69274    -5.71063  0.00782215
         657    -5.58641    -5.71044  0.00781252
         658    -5.45172    -5.71005  0.00781054
         659    -5.48807    -5.70971  0.00780595
         660    -5.53188    -5.70945  0.00779877
         661    -5.46937    -5.70908  0.00779542
         662    -5.45912     -5.7087  0.00779279
         663    -5.53684    -5.70845  0.00778534
         664     -5.5836    -5.70826  0.00777589
         665    -5.64724    -5.70817  0.00776474
         666    -5.71508    -5.70818  0.00775309
         667    -5.64433    -5.70808  0.00774205
         668    -5.46067    -5.70771  0.00773932
         669    -5.47533    -5.70736  0.00773554
         670    -5.79709     -5.7075  0.00772515
         671    -5.91784    -5.70781     0.00772
         672    -5.86968    -5.70805  0.00771227
         673    -5.85609    -5.70827  0.00770394
         674     -5.9016    -5.70856  0.00769785
         675    -5.84542    -5.70876  0.00768912
         676    -5.77095    -5.70885  0.00767829
         677    -5.71765    -5.70887  0.00766696
         678     -5.8781    -5.70911  0.00765972
         679    -5.83534     -5.7093  0.00765069
         680     -5.8314    -5.70948  0.00764155
         681    -5.85332    -5.70969  0.00763324
         682    -5.67959    -5.70965  0.00762218
         683    -5.73876    -5.70969  0.00761114
         684    -5.98636    -5.71009  0.00761075
         685    -5.98749     -5.7105  0.00761041
         686    -5.96111    -5.71086  0.00760808
         687    -5.89582    -5.71113  0.00760176
         688    -5.79654    -5.71126  0.00759173
         689    -5.80457    -5.71139  0.00758192
         690    -5.76301    -5.71147   0.0075713
         691    -5.84128    -5.71166  0.00756267
         692     -5.8592    -5.71187  0.00755475
         693    -5.90072    -5.71214  0.00754876
         694      -5.739    -5.71218  0.00753798
         695    -5.87402    -5.71241  0.00753073
         696    -5.83174    -5.71259  0.00752186
         697    -5.75213    -5.71264  0.00751128
         698    -5.52963    -5.71238   0.0075051
         699    -5.56419    -5.71217  0.00749735
         700    -5.50907    -5.71188  0.00749226
         701    -5.46407    -5.71152   0.0074899
         702    -5.47725    -5.71119  0.00748666
         703    -5.53789    -5.71094  0.00748007
         704    -5.60729     -5.7108   0.0074709
         705    -5.64929    -5.71071  0.00746081
         706    -5.70534     -5.7107  0.00745024
         707    -5.68212    -5.71066  0.00743982
         708    -5.69136    -5.71063  0.00742936
         709    -5.58411    -5.71046  0.00742102
         710    -5.59504    -5.71029  0.00741235
         711    -5.49077    -5.70998  0.00740835
         712    -5.55071    -5.70976  0.00740132
         713    -5.54035    -5.70952  0.00739476
         714    -5.53501    -5.70928  0.00738844
         715    -5.66273    -5.70921  0.00737839
         716     -5.6074    -5.70907  0.00736946
         717    -5.63632    -5.70897  0.00735988
         718    -5.68174    -5.70893  0.00734972
         719    -5.59863    -5.70878   0.0073411
         720    -5.43318     -5.7084  0.00734088
         721    -5.41567    -5.70799  0.00734192
         722    -5.40112    -5.70756  0.00734404
         723    -5.43724    -5.70719  0.00734339
         724    -5.52726    -5.70694  0.00733746
         725    -5.57966    -5.70677  0.00732944
         726     -5.6364    -5.70667  0.00731998
         727    -5.61812    -5.70655  0.00731092
         728    -5.60383    -5.70641  0.00730224
         729    -5.69963     -5.7064  0.00729223
         730    -5.58242    -5.70623  0.00728422
         731    -5.49546    -5.70594  0.00727996
         732    -5.54628    -5.70572  0.00727328
         733    -5.48708    -5.70542  0.00726947
         734    -5.45332    -5.70508  0.00726768
         735    -5.57573     -5.7049  0.00725992
         736    -5.54571    -5.70469  0.00725328
         737     -5.4775    -5.70438  0.00724998
         738    -5.42941    -5.70401  0.00724973
         739    -5.44584    -5.70366  0.00724833
         740    -5.50617    -5.70339  0.00724345
         741    -5.62695    -5.70329  0.00723441
         742    -5.67277    -5.70325  0.00722477
         743    -5.69323    -5.70323  0.00721506
         744    -5.68834    -5.70321  0.00720539
         745    -5.68591    -5.70319  0.00719576
         746    -5.88519    -5.70343  0.00719025
         747    -5.76996    -5.70352  0.00718117
         748    -5.82153    -5.70368   0.0071733
         749     -5.9304    -5.70398  0.00717011
         750    -6.05725    -5.70445    0.007176
         751    -5.95912    -5.70479  0.00717446
         752    -5.98755    -5.70517  0.00717476
         753     -5.9594    -5.70551  0.00717317
         754    -5.78566    -5.70561  0.00716445
         755    -5.86034    -5.70582  0.00715789
         756    -5.86836    -5.70603  0.00715165
         757    -5.88397    -5.70627  0.00714606
         758    -5.96982    -5.70662  0.00714509
         759    -5.86287    -5.70682  0.00713864
         760    -5.87138    -5.70704  0.00713253
         761    -5.90244    -5.70729  0.00712778
         762    -5.92006    -5.70757  0.00712389
         763    -5.90427    -5.70783  0.00711922
         764    -5.70624    -5.70783   0.0071099
         765    -5.68496     -5.7078  0.00710067
         766    -5.78072    -5.70789  0.00709204
         767    -5.76448    -5.70797  0.00708317
         768    -5.88987    -5.70821  0.00707791
         769    -5.90093    -5.70846  0.00707314
         770    -5.78417    -5.70855  0.00706464
         771    -5.78751    -5.70866  0.00705622
         772    -5.92705    -5.70894  0.00705275
         773    -6.01901    -5.70934  0.00705502
         774    -6.05536    -5.70979  0.00706006
         775    -5.91439    -5.71005  0.00705588
         776    -6.04025    -5.71048  0.00705961
         777    -5.99101    -5.71084  0.00705975
         778    -5.91944    -5.71111  0.00705576
         779    -6.01709     -5.7115  0.00705763
         780    -5.93788    -5.71179  0.00705455
         781    -6.01746    -5.71218  0.00705636
         782    -5.90475    -5.71243  0.00705164
         783    -5.98757    -5.71278  0.00705138
         784    -5.95504    -5.71309  0.00704915
         785    -5.88963    -5.71331  0.00704376
         786    -5.88358    -5.71353  0.00703813
         787    -5.77774    -5.71361  0.00702966
         788    -5.68679    -5.71358  0.00702082
         789    -5.64621    -5.71349  0.00701244
         790    -5.59963    -5.71335  0.00700505
         791    -5.58789    -5.71319  0.00699798
         792    -5.59228    -5.71304  0.00699081
         793    -5.63797    -5.71294  0.00698264
         794     -5.7189    -5.71295  0.00697385
         795    -5.79889    -5.71306  0.00696591
         796    -5.71808    -5.71306  0.00695717
         797    -5.64366    -5.71298  0.00694898
         798    -5.67755    -5.71293  0.00694042
         799    -5.77996    -5.71302  0.00693224
         800    -5.86119     -5.7132  0.00692605
         801    -5.71869    -5.71321   0.0069174
         802     -5.7993    -5.71331  0.00690961
         803    -5.79228    -5.71341   0.0069017
         804    -5.69644    -5.71339  0.00689315
         805    -5.74012    -5.71343  0.00688467
         806    -5.77574     -5.7135  0.00687656
         807    -5.82505    -5.71364  0.00686943
         808    -5.63216    -5.71354  0.00686167
         809    -5.62122    -5.71343  0.00685414
         810     -5.6892     -5.7134  0.00684574
         811    -5.68716    -5.71336  0.00683737
         812     -5.5997    -5.71322  0.00683039
         813     -5.6329    -5.71312   0.0068227
         814    -5.79024    -5.71322  0.00681498
         815    -5.71839    -5.71323  0.00680662
         816    -5.79387    -5.71332  0.00679899
         817    -5.69072     -5.7133  0.00679073
         818    -5.70324    -5.71328  0.00678244
         819    -5.70656    -5.71328  0.00677416
         820    -5.74295    -5.71331    0.006766
         821     -5.7522    -5.71336  0.00675792
         822     -5.6544    -5.71329  0.00675008
         823    -5.73526    -5.71332  0.00674193
         824    -5.52047    -5.71308  0.00673781
         825    -5.51676    -5.71284  0.00673384
         826    -5.51419     -5.7126  0.00672998
         827    -5.42219    -5.71225    0.006731
         828    -5.22195    -5.71166  0.00674887
         829    -5.29733    -5.71116  0.00675921
         830    -5.32483    -5.71069  0.00676707
         831    -5.41899    -5.71034  0.00676803
         832    -5.57534    -5.71018  0.00676184
         833    -5.60301    -5.71005  0.00675495
         834     -5.5669    -5.70988  0.00674903
         835    -5.50265    -5.70963  0.00674551
         836    -5.53497    -5.70942  0.00674067
         837    -5.67123    -5.70938  0.00673277
         838     -5.5966    -5.70924  0.00672608
         839    -5.73274    -5.70927  0.00671812
         840    -5.64751     -5.7092  0.00671053
         841    -5.55876    -5.70902  0.00670493
         842    -5.46888    -5.70873  0.00670303
         843     -5.5924     -5.7086   0.0066965
         844    -5.64055    -5.70851  0.00668905
         845    -5.72409    -5.70853  0.00668116
         846    -5.59495     -5.7084  0.00667461
         847    -5.50571    -5.70816  0.00667102
         848    -5.40811    -5.70781  0.00667253
         849    -5.54437    -5.70761  0.00666745
         850     -5.3997    -5.70725  0.00666944
         851    -5.45713    -5.70696  0.00666808
         852    -5.52123    -5.70674  0.00666381
         853    -5.51262    -5.70651  0.00665988
         854    -5.46729    -5.70623  0.00665797
         855    -5.48612    -5.70597  0.00665516
         856    -5.48699    -5.70572   0.0066523
         857    -5.35106     -5.7053   0.0066574
         858    -5.32233    -5.70486  0.00666459
         859    -5.40107     -5.7045   0.0066662
         860    -5.49739    -5.70426   0.0066628
         861     -5.6579    -5.70421  0.00665528
         862     -5.5476    -5.70403  0.00665004
         863     -5.4381    -5.70372  0.00664947
         864    -5.58621    -5.70358  0.00664316
         865    -5.66722    -5.70354  0.00663562
         866    -5.67116     -5.7035  0.00662806
         867    -5.65853    -5.70345  0.00662062
         868    -5.68938    -5.70344  0.00661301
         869    -5.68795    -5.70342  0.00660543
         870    -5.76179    -5.70349  0.00659817
         871    -5.76758    -5.70356  0.00659101
         872    -5.63118    -5.70348  0.00658397
         873    -5.71733    -5.70349  0.00657645
         874    -5.76481    -5.70356   0.0065693
         875    -5.73423     -5.7036  0.00656189
         876    -5.62137     -5.7035  0.00655507
         877    -5.73089    -5.70353  0.00654767
         878    -5.63135    -5.70345  0.00654072
         879    -5.64523    -5.70339  0.00653362
         880    -5.68736    -5.70337  0.00652622
         881    -5.57871    -5.70323  0.00652035
         882    -5.55492    -5.70306  0.00651512
         883    -5.44911    -5.70277  0.00651409
         884     -5.6786    -5.70274  0.00650678
         885    -5.64027    -5.70267  0.00649981
         886    -5.63178    -5.70259  0.00649296
         887    -5.73211    -5.70263  0.00648573
         888    -5.83044    -5.70277  0.00648002
         889    -5.74628    -5.70282  0.00647292
         890    -5.64156    -5.70275  0.00646601
         891    -5.64336    -5.70268   0.0064591
         892    -5.44728     -5.7024   0.0064582
         893    -5.37191    -5.70203  0.00646156
         894    -5.52317    -5.70183  0.00645743
         895    -5.50113     -5.7016  0.00645411
         896    -5.71123    -5.70161  0.00644691
         897    -5.69982    -5.70161  0.00643973
         898    -5.60976    -5.70151  0.00643337
         899    -5.85969    -5.70169  0.00642862
         900     -6.0251    -5.70204  0.00643151
         901    -5.83884     -5.7022  0.00642616
         902    -5.84359    -5.70235  0.00642095
         903    -5.82557    -5.70249  0.00641529
         904    -5.76554    -5.70256  0.00640857
         905     -5.8347    -5.70271  0.00640315
         906    -5.94396    -5.70297  0.00640162
         907    -5.83063    -5.70311  0.00639611
         908    -5.81462    -5.70324  0.00639024
         909    -5.92924    -5.70348  0.00638805
         910    -5.86604    -5.70366  0.00638353
         911    -5.87187    -5.70385  0.00637919
         912    -5.82146    -5.70398   0.0063735
         913    -5.77668    -5.70406  0.00636701
         914    -5.78824    -5.70415  0.00636071
         915    -5.94007    -5.70441  0.00635899
         916    -5.98244    -5.70471  0.00635928
         917    -5.81844    -5.70483  0.00635356
         918    -5.92658    -5.70507  0.00635123
         919    -5.92273    -5.70531  0.00634873
         920    -6.11738    -5.70576  0.00635761
         921    -6.05973    -5.70614  0.00636231
         922    -5.94701    -5.70641  0.00636077
         923    -5.76069    -5.70646  0.00635415
         924    -5.72779    -5.70649  0.00634732
         925    -5.74011    -5.70652  0.00634056
         926    -5.65141    -5.70646  0.00633399
         927    -5.70103    -5.70646  0.00632716
         928    -5.67417    -5.70642  0.00632044
         929    -5.68666     -5.7064  0.00631367
         930    -5.72767    -5.70642  0.00630693
         931     -5.7722     -5.7065  0.00630055
         932    -5.62829    -5.70641  0.00629435
         933    -5.81422    -5.70653  0.00628866
         934    -5.80181    -5.70663  0.00628275
         935    -5.74594    -5.70667  0.00627618
         936    -5.69698    -5.70666  0.00626948
         937    -5.68013    -5.70663  0.00626285
         938    -5.63989    -5.70656  0.00625658
         939    -5.58184    -5.70643  0.00625133
         940    -5.63926    -5.70636  0.00624508
         941    -5.49678    -5.70613  0.00624242
         942    -5.43997    -5.70585  0.00624218
         943    -5.56467     -5.7057  0.00623736
         944    -5.63359    -5.70563  0.00623122
         945      -5.644    -5.70556  0.00622497
         946    -5.54327    -5.70539  0.00622075
         947    -5.53127    -5.70521   0.0062169
         948    -5.57031    -5.70506  0.00621197
         949    -5.61663    -5.70497  0.00620612
         950    -5.53134    -5.70479  0.00620228
         951    -5.52551     -5.7046  0.00619862
         952    -5.49703    -5.70438  0.00619594
         953    -5.53687     -5.7042  0.00619193
         954    -5.69999     -5.7042  0.00618545
         955    -5.73702    -5.70423  0.00617906
         956    -5.75313    -5.70429  0.00617281
         957    -5.58122    -5.70416   0.0061677
         958    -5.67972    -5.70413  0.00616132
         959    -5.58249      -5.704   0.0061562
         960    -5.45647    -5.70375  0.00615518
         961     -5.2663    -5.70329  0.00616559
         962    -5.29198    -5.70286  0.00617398
         963    -5.50059    -5.70265  0.00617114
         964     -5.5242    -5.70247  0.00616752
         965    -5.48941    -5.70225  0.00616508
         966    -5.36501     -5.7019  0.00616857
         967    -5.35234    -5.70154  0.00617278
         968    -5.35756    -5.70118  0.00617662
         969    -5.51447    -5.70099  0.00617325
         970    -5.53109    -5.70081  0.00616937
         971    -5.56958    -5.70068   0.0061645
         972    -5.65734    -5.70063  0.00615831
         973    -5.47853    -5.70041  0.00615621
         974    -5.48541    -5.70019  0.00615385
         975    -5.43596    -5.69991   0.0061535
         976    -5.42997    -5.69964  0.00615341
         977    -5.30521    -5.69923  0.00616034
         978    -5.30518    -5.69883   0.0061672
         979    -5.50081    -5.69863  0.00616422
         980     -5.5883    -5.69852  0.00615896
         981    -5.49254    -5.69831  0.00615626
         982    -5.50225    -5.69811  0.00615323
         983      -5.449    -5.69785  0.00615218
         984    -5.54301     -5.6977  0.00614794
         985     -5.4922    -5.69749  0.00614524
         986    -5.54235    -5.69733  0.00614102
         987    -5.61489    -5.69725  0.00613537
         988    -5.68297    -5.69723  0.00612917
         989    -5.73694    -5.69727  0.00612311
         990    -5.71172    -5.69729  0.00611694
         991    -5.71657    -5.69731   0.0061108
         992    -5.75885    -5.69737  0.00610495
         993    -5.64822    -5.69732  0.00609901
         994    -5.66561    -5.69729  0.00609295
         995    -5.76253    -5.69735  0.00608718
         996    -5.67056    -5.69733  0.00608113
         997    -5.81417    -5.69744  0.00607616
         998    -5.75668     -5.6975  0.00607036
         999    -5.83632    -5.69764  0.00606588
        1000    -5.84334    -5.69779  0.00606156
        1001    -5.65488    -5.69774  0.00605566
        1002    -5.61128    -5.69766  0.00605023
        1003     -5.5363     -5.6975  0.00604633
        1004    -5.57355    -5.69737  0.00604157
        1005     -5.6045    -5.69728  0.00603627
        1006    -5.58154    -5.69717  0.00603136
        1007    -5.57105    -5.69704  0.00602667
        1008    -5.49009    -5.69684  0.00602419
        1009    -5.53808    -5.69668  0.00602028
        1010    -5.58249    -5.69656  0.00601538
        1011    -5.65748    -5.69653  0.00600955
        1012    -5.79273    -5.69662  0.00600436
        1013    -5.68583    -5.69661  0.00599845
        1014    -5.73761    -5.69665  0.00599267
        1015    -5.67333    -5.69663  0.00598681
        1016    -5.64609    -5.69658  0.00598112
        1017    -5.52528    -5.69641  0.00597761
        1018    -5.67504    -5.69639  0.00597178
        1019    -5.42174    -5.69612    0.005972
        1020    -5.39619    -5.69583  0.00597338
        1021    -5.43851    -5.69557  0.00597284
        1022    -5.49652    -5.69538  0.00597017
        1023    -5.46991    -5.69516   0.0059684
        1024    -5.45806    -5.69493  0.00596706
        1025    -5.36333     -5.6946     0.00597
        1026    -5.32967    -5.69425  0.00597477
        1027     -5.2025    -5.69377  0.00598811
        1028    -5.41294     -5.6935  0.00598851
        1029    -5.47304    -5.69328  0.00598652
        1030    -5.47083    -5.69307  0.00598461
        1031    -5.65289    -5.69303  0.00597893
        1032    -5.60352    -5.69294  0.00597376
        1033    -5.61558    -5.69286  0.00596845
        1034    -5.68824    -5.69286  0.00596268
        1035    -5.88735    -5.69305  0.00595988
        1036    -5.79121    -5.69314  0.00595488
        1037    -5.90328    -5.69335  0.00595258
        1038     -5.7243    -5.69338  0.00594692
        1039    -5.72974    -5.69341   0.0059413
        1040    -6.05023    -5.69375  0.00594549
        1041     -6.0563     -5.6941  0.00594997
        1042    -6.01947    -5.69441  0.00595245
        1043    -5.95956    -5.69467  0.00595217
        1044    -5.90422    -5.69487  0.00594985
        1045    -5.75572    -5.69493  0.00594444
        1046    -5.83368    -5.69506  0.00594024
        1047    -5.81649    -5.69518  0.00593569
        1048    -5.80133    -5.69528  0.00593089
        1049    -5.71649     -5.6953  0.00592527
        1050     -5.7326    -5.69533  0.00591974
        1051    -5.71438    -5.69535  0.00591413
        1052    -5.72369    -5.69538  0.00590857
        1053    -5.79641    -5.69547  0.00590374
        1054    -5.70469    -5.69548  0.00589815
        1055    -5.68659    -5.69547  0.00589256
        1056    -5.77601    -5.69555  0.00588747
        1057    -5.76616    -5.69562  0.00588228
        1058    -5.74125    -5.69566  0.00587688
        1059    -5.51523    -5.69549   0.0058738
        1060    -5.57535    -5.69538  0.00586935
        1061    -5.49659    -5.69519  0.00586681
        1062    -5.48135    -5.69499  0.00586474
        1063    -5.45438    -5.69476  0.00586359
        1064    -5.53097    -5.69461   0.0058601
        1065    -5.59908    -5.69452  0.00585528
        1066    -5.57282     -5.6944   0.0058509
        1067    -5.65057    -5.69436  0.00584557
        1068    -5.61935    -5.69429  0.00584051
        1069     -5.5052    -5.69412  0.00583773
        1070    -5.58252    -5.69401   0.0058332
        1071     -5.6037    -5.69393  0.00582837
        1072    -5.71706    -5.69395  0.00582297
        1073    -5.83591    -5.69408  0.00581905
        1074     -5.9448    -5.69431  0.00581831
        1075    -5.79118     -5.6944  0.00581359
        1076     -5.7017    -5.69441  0.00580819
        1077     -5.7508    -5.69446  0.00580304
        1078    -5.72993     -5.6945  0.00579775
        1079    -5.73849    -5.69454  0.00579252
        1080    -5.62236    -5.69447  0.00578754
        1081    -5.45841    -5.69425   0.0057863
        1082    -5.48155    -5.69406   0.0057843
        1083    -5.41442     -5.6938  0.00578471
        1084    -5.41481    -5.69354   0.0057851
        1085    -5.57334    -5.69343  0.00578083
        1086    -5.67811    -5.69341  0.00577552
        1087    -5.64039    -5.69337  0.00577042
        1088    -5.55048    -5.69323  0.00576661
        1089    -5.64344    -5.69319  0.00576149
        1090    -5.67383    -5.69317  0.00575623
        1091    -5.61977     -5.6931  0.00575135
        1092    -5.45551    -5.69289   0.0057502
        1093    -5.55614    -5.69276   0.0057463
        1094    -5.63566    -5.69271  0.00574128
        1095    -5.54751    -5.69258  0.00573757
        1096    -5.48627    -5.69239  0.00573542
        1097    -5.55622    -5.69226  0.00573154
        1098    -5.58087    -5.69216  0.00572722
        1099    -5.44542    -5.69194   0.0057264
        1100    -5.63443    -5.69189  0.00572144
        1101     -5.6655    -5.69186  0.00571629
        1102    -5.74791    -5.69191  0.00571133
        1103    -5.51534    -5.69175  0.00570839
        1104    -5.40247    -5.69149  0.00570923
        1105    -5.35172    -5.69118  0.00571234
        1106    -5.46465    -5.69098  0.00571085
        1107    -5.56081    -5.69086   0.0057069
        1108    -5.65461    -5.69083  0.00570184
        1109     -5.4539    -5.69061   0.0057007
        1110    -5.46916    -5.69041  0.00569906
        1111    -5.59862    -5.69033  0.00569453
        1112     -5.5796    -5.69023  0.00569027
        1113    -5.82505    -5.69035  0.00568645
        1114    -5.81776    -5.69047   0.0056825
        1115    -5.76146    -5.69053  0.00567776
        1116    -5.70408    -5.69054  0.00567268
        1117    -5.67503    -5.69053  0.00566762
        1118     -5.7105    -5.69055  0.00566258
        1119    -5.61659    -5.69048  0.00565791
        1120    -5.65642    -5.69045  0.00565294
        1121    -5.66662    -5.69043  0.00564793
        1122     -5.5582    -5.69031  0.00564413
        1123    -5.70644    -5.69033  0.00563912
        1124    -5.86314    -5.69048   0.0056362
        1125    -5.71492     -5.6905  0.00563123
        1126    -5.61278    -5.69043  0.00562665
        1127    -5.69114    -5.69043  0.00562166
        1128    -5.80274    -5.69053  0.00561756
        1129    -5.81802    -5.69065  0.00561372
        1130    -5.79148    -5.69074  0.00560946
        1131    -5.76446     -5.6908  0.00560488
        1132    -5.80036     -5.6909  0.00560076
        1133    -5.92386     -5.6911  0.00559959
        1134     -5.8727    -5.69126  0.00559694
        1135    -5.95529     -5.6915  0.00559684
        1136    -5.93452    -5.69171    0.005596
        1137    -5.99349    -5.69198  0.00559737
        1138    -5.89429    -5.69215  0.00559528
        1139    -5.82743    -5.69227  0.00559163
        1140    -5.78706    -5.69235  0.00558734
        1141    -5.64053    -5.69231  0.00558263
        1142    -5.67971     -5.6923  0.00557775
        1143     -5.6809    -5.69229  0.00557288
        1144    -5.52799    -5.69214  0.00556986
        1145    -5.61554    -5.69208  0.00556539
        1146    -5.75595    -5.69213  0.00556082
        1147    -5.66874    -5.69211  0.00555601
        1148    -5.61961    -5.69205  0.00555152
        1149    -5.64191    -5.69201  0.00554686
        1150    -5.76152    -5.69207  0.00554237
        1151    -5.91669    -5.69226  0.00554099
        1152     -5.9484    -5.69248  0.00554064
        1153    -5.97541    -5.69273  0.00554127
        1154    -5.94927    -5.69295  0.00554092
        1155    -5.86665     -5.6931  0.00553816
        1156    -5.94451    -5.69332  0.00553764
        1157    -5.91064    -5.69351  0.00553604
        1158    -5.85375    -5.69365  0.00553299
        1159    -5.90848    -5.69383  0.00553132
        1160    -5.89629    -5.69401   0.0055293
        1161    -5.75186    -5.69406  0.00552476
        1162    -5.73486    -5.69409  0.00552012
        1163    -5.77381    -5.69416   0.0055158
        1164    -5.84763    -5.69429  0.00551264
        1165    -5.89881    -5.69447   0.0055107
        1166    -5.78814    -5.69455  0.00550656
        1167    -5.73443    -5.69458  0.00550195
        1168    -5.81224    -5.69468  0.00549816
        1169    -5.71054     -5.6947  0.00549347
        1170    -5.84269    -5.69482  0.00549023
        1171    -5.86195    -5.69496   0.0054874
        1172    -5.79137    -5.69505  0.00548333
        1173    -5.79127    -5.69513  0.00547927
        1174    -5.76734    -5.69519  0.00547495
        1175    -5.80925    -5.69529  0.00547115
        1176    -5.94549     -5.6955  0.00547063
        1177     -5.8574    -5.69564  0.00546772
        1178    -5.81907    -5.69574  0.00546408
        1179    -5.82889    -5.69586  0.00546061
        1180    -5.95462    -5.69608  0.00546038
        1181    -5.85757    -5.69621  0.00545747
        1182    -6.01703    -5.69648   0.0054596
        1183     -5.8875    -5.69664  0.00545737
        1184    -5.97313    -5.69688  0.00545776
        1185    -5.93961    -5.69708  0.00545699
        1186    -6.01604    -5.69735  0.00545902
        1187    -5.91586    -5.69754  0.00545752
        1188    -5.83447    -5.69765  0.00545414
        1189    -5.93213    -5.69785  0.00545312
        1190    -5.91889    -5.69803   0.0054517
        1191    -5.92548    -5.69823  0.00545047
        1192    -5.87235    -5.69837  0.00544785
        1193    -5.79064    -5.69845  0.00544383
        1194    -5.82402    -5.69855  0.00544029
        1195    -5.65359    -5.69852  0.00543587
        1196    -5.77661    -5.69858  0.00543171
        1197    -5.70663    -5.69859  0.00542718
        1198    -5.84374    -5.69871    0.005424
        1199    -5.79927    -5.69879  0.00542013
        1200    -5.81965    -5.69889  0.00541655
        1201    -5.92417    -5.69908  0.00541528
        1202    -5.93085    -5.69927  0.00541421
        1203    -5.76407    -5.69933  0.00540998
        1204    -5.73034    -5.69935  0.00540555
        1205    -5.76953    -5.69941  0.00540137
        1206    -5.87228    -5.69956   0.0053988
        1207    -5.71069    -5.69956  0.00539433
        1208    -5.79468    -5.69964  0.00539044
        1209    -5.84951    -5.69977  0.00538741
        1210    -5.84272    -5.69989  0.00538425
        1211    -5.83389        -5.7  0.00538094
        1212    -5.66196    -5.69996  0.00537659
        1213    -5.55504    -5.69985  0.00537349
        1214     -5.6201    -5.69978  0.00536946
        1215    -5.55652    -5.69966  0.00536634
        1216    -5.58924    -5.69957  0.00536269
        1217    -5.50061    -5.69941  0.00536078
        1218    -5.53045    -5.69927  0.00535817
        1219    -5.52855    -5.69913   0.0053556
        1220    -5.54629      -5.699  0.00535268
        1221    -5.62594    -5.69894  0.00534863
        1222    -5.76337      -5.699  0.00534451
        1223    -5.66376    -5.69897  0.00534022
        1224    -5.72363    -5.69899   0.0053359
        1225    -5.58912     -5.6989  0.00533229
        1226    -5.53079    -5.69876  0.00532971
        1227    -5.60305    -5.69868  0.00532593
        1228    -5.71442     -5.6987  0.00532161
        1229    -5.79268    -5.69877  0.00531783
        1230    -5.78193    -5.69884  0.00531394
        1231    -5.75946    -5.69889  0.00530985
        1232    -5.88377    -5.69904  0.00530766
        1233    -5.91598    -5.69922  0.00530627
        1234     -5.8796    -5.69936  0.00530398
        1235    -5.77723    -5.69942  0.00530006
        1236    -5.71036    -5.69943  0.00529578
        1237    -5.61237    -5.69936  0.00529197
        1238    -5.75523    -5.69941  0.00528789
        1239    -5.66554    -5.69938  0.00528369
        1240    -5.54315    -5.69925  0.00528093
        1241    -5.54598    -5.69913  0.00527812
        1242    -5.56873    -5.69903  0.00527491
        1243     -5.7226    -5.69905   0.0052707
        1244    -5.77942    -5.69911  0.00526686
        1245    -5.73899    -5.69914  0.00526273
        1246    -5.66798    -5.69912  0.00525857
        1247    -5.68055     -5.6991  0.00525437
        1248     -5.8238     -5.6992  0.00525111
        1249    -5.87778    -5.69934  0.00524885
        1250    -5.98016    -5.69957  0.00524946
        1251    -5.90966    -5.69974  0.00524795
        1252     -5.8008    -5.69982  0.00524438
        1253    -5.86245    -5.69995   0.0052418
        1254    -5.83906    -5.70006  0.00523879
        1255    -5.85404    -5.70018  0.00523605
        1256    -5.81997    -5.70028  0.00523275
        1257    -5.82995    -5.70038  0.00522961
        1258    -5.85806    -5.70051  0.00522695
        1259    -5.92145    -5.70068  0.00522575
        1260    -5.94558    -5.70088  0.00522521
        1261    -5.89058    -5.70103  0.00522323
        1262    -5.88608    -5.70117  0.00522115
        1263    -5.81574    -5.70126  0.00521781
        1264    -5.96283    -5.70147  0.00521778
        1265    -5.81842    -5.70156  0.00521447
        1266    -5.67105    -5.70154  0.00521041
        1267    -5.87694    -5.70168  0.00520814
        1268    -5.92799    -5.70186  0.00520709
        1269    -5.86031    -5.70198  0.00520448
        1270    -5.83209    -5.70208  0.00520139
        1271    -5.92688    -5.70226   0.0052003
        1272    -5.77171    -5.70231   0.0051965
        1273    -5.84375    -5.70243  0.00519361
        1274    -5.76434    -5.70247  0.00518976
        1275    -5.76231    -5.70252   0.0051859
        1276    -5.84303    -5.70263  0.00518301
        1277    -5.98623    -5.70285   0.0051837
        1278    -5.93673    -5.70304  0.00518288
        1279    -5.81673    -5.70312  0.00517959
        1280    -5.82469    -5.70322  0.00517641
        1281    -5.82612    -5.70332  0.00517326
        1282    -5.71823    -5.70333  0.00516924
        1283    -5.66352     -5.7033   0.0051653
        1284     -5.7762    -5.70335  0.00516159
        1285    -5.81812    -5.70344  0.00515835
        1286    -5.88605    -5.70358  0.00515629
        1287    -5.87741    -5.70372  0.00515405
        1288     -5.8696    -5.70385  0.00515166
        1289    -5.87539    -5.70398  0.00514938
        1290    -5.94504    -5.70417  0.00514878
        1291    -5.86956     -5.7043  0.00514638
        1292    -5.73187    -5.70432  0.00514244
        1293    -5.77035    -5.70437  0.00513872
        1294    -5.66877    -5.70434  0.00513482
        1295    -5.63989    -5.70429   0.0051311
        1296    -5.73532    -5.70432   0.0051272
        1297    -5.76162    -5.70436  0.00512343
        1298    -5.71667    -5.70437  0.00511949
        1299    -5.72132    -5.70438  0.00511557
        1300    -5.69461    -5.70437  0.00511164
        1301    -5.85227    -5.70449  0.00510897
        1302    -5.75644    -5.70453  0.00510521
        1303    -5.64863    -5.70449  0.00510147
        1304    -5.57023    -5.70438   0.0050986
        1305    -5.65091    -5.70434  0.00509485
        1306    -5.72545    -5.70436  0.00509098
        1307     -5.6406    -5.70431  0.00508732
        1308    -5.82723     -5.7044  0.00508429
        1309    -5.84418    -5.70451  0.00508153
        1310    -5.81074    -5.70459   0.0050783
        1311    -5.79503    -5.70466  0.00507489
        1312    -5.79836    -5.70473  0.00507153
        1313    -5.79929     -5.7048  0.00506818
        1314    -5.87572    -5.70493  0.00506599
        1315     -5.8863    -5.70507  0.00506401
        1316    -5.87282     -5.7052  0.00506177
        1317     -5.7481    -5.70523  0.00505803
        1318    -5.77283    -5.70528  0.00505445
        1319    -5.80571    -5.70536   0.0050512
        1320    -5.75664     -5.7054  0.00504752
        1321    -5.74572    -5.70543  0.00504379
        1322    -5.84276    -5.70553  0.00504104
        1323    -5.85952    -5.70565  0.00503858
        1324    -5.86512    -5.70577  0.00503621
        1325    -5.79819    -5.70584  0.00503289
        1326    -5.83222    -5.70593     0.00503
        1327    -5.63614    -5.70588  0.00502648
        1328    -5.59471     -5.7058   0.0050234
        1329    -5.60428    -5.70572   0.0050202
        1330    -5.68263     -5.7057  0.00501645
        1331    -5.64467    -5.70566  0.00501289
        1332    -5.64865    -5.70561  0.00500931
        1333      -5.652    -5.70557  0.00500572
        1334    -5.66904    -5.70555  0.00500204
        1335    -5.73979    -5.70557  0.00499836
        1336    -5.62363    -5.70551  0.00499499
        1337    -5.62545    -5.70545  0.00499162
        1338    -5.61468    -5.70538  0.00498835
        1339    -5.56003    -5.70528   0.0049858
        1340    -5.64974    -5.70523  0.00498225
        1341    -5.63928    -5.70518  0.00497878
        1342    -5.67578    -5.70516  0.00497512
        1343    -5.70703    -5.70516  0.00497141
        1344    -5.53886    -5.70504  0.00496926
        1345    -5.67333    -5.70502  0.00496562
        1346    -5.66117    -5.70498  0.00496203
        1347    -5.55806    -5.70488  0.00495955
        1348    -5.59293    -5.70479  0.00495657
        1349    -5.70309    -5.70479  0.00495289
        1350     -5.6082    -5.70472  0.00494974
        1351    -5.72477    -5.70473   0.0049461
        1352    -5.81246    -5.70481  0.00494308
        1353    -5.71699    -5.70482  0.00493944
        1354    -5.58658    -5.70474  0.00493656
        1355    -5.70948    -5.70474  0.00493292
        1356    -5.58377    -5.70465  0.00493009
        1357    -5.68345    -5.70463  0.00492648
        1358    -5.69964    -5.70463  0.00492285
        1359    -5.70907    -5.70463  0.00491923
        1360    -5.82841    -5.70472  0.00491646
        1361     -5.7359    -5.70475   0.0049129
        1362    -5.76845    -5.70479  0.00490951
        1363    -5.69154    -5.70478  0.00490592
        1364    -5.51032    -5.70464  0.00490439
        1365    -5.46923    -5.70447  0.00490383
        1366    -5.47983    -5.70431    0.004903
        1367      -5.613    -5.70424  0.00489987
        1368    -5.70275    -5.70424  0.00489629
        1369    -5.69638    -5.70423  0.00489271
        1370     -5.7655    -5.70428  0.00488935
        1371    -5.81781    -5.70436  0.00488648
        1372    -5.80776    -5.70443   0.0048835
        1373    -5.79198     -5.7045  0.00488036
        1374    -5.72509    -5.70451  0.00487683
        1375    -5.77962    -5.70457  0.00487359
        1376     -5.7892    -5.70463  0.00487044
        1377    -5.72186    -5.70464  0.00486692
        1378    -5.78013     -5.7047  0.00486369
        1379    -5.82266    -5.70478  0.00486092
        1380    -5.89192    -5.70492  0.00485929
        1381    -5.79507    -5.70498  0.00485621
        1382    -5.89432    -5.70512  0.00485462
        1383    -5.93769    -5.70529  0.00485403
        1384    -5.91653    -5.70544  0.00485292
        1385    -5.96377    -5.70563    0.004853
        1386    -5.97713    -5.70582  0.00485345
        1387    -5.94692      -5.706  0.00485306
        1388    -5.84253     -5.7061  0.00485056
        1389    -5.86821    -5.70621  0.00484847
        1390    -5.86812    -5.70633  0.00484638
        1391    -5.85432    -5.70644  0.00484407
        1392    -5.98878    -5.70664  0.00484483
        1393    -6.03552    -5.70687   0.0048471
        1394    -6.01973     -5.7071  0.00484882
        1395    -6.02586    -5.70733  0.00485072
        1396    -5.99986    -5.70754  0.00485177
        1397    -6.03536    -5.70777  0.00485397
        1398     -6.1005    -5.70805  0.00485862
        1399    -6.06127     -5.7083   0.0048617
        1400    -6.19076    -5.70865  0.00487043
        1401    -6.28178    -5.70906   0.0048841
        1402     -6.2508    -5.70944  0.00489588
        1403    -6.21058     -5.7098   0.0049054
        1404    -6.14093    -5.71011  0.00491151
        1405    -6.05468    -5.71035  0.00491414
        1406    -6.07504    -5.71061  0.00491748
        1407    -6.02996    -5.71084  0.00491922
        1408    -5.91886    -5.71099  0.00491795
        1409    -5.96862    -5.71117  0.00491785
        1410    -6.00968    -5.71138  0.00491892
        1411    -5.89038    -5.71151  0.00491707
        1412    -5.95712    -5.71168  0.00491666
        1413    -5.84802    -5.71178  0.00491413
        1414    -5.94761    -5.71195  0.00491348
        1415    -5.87639    -5.71206  0.00491139
        1416    -6.10897    -5.71234  0.00491591
        1417    -6.02443    -5.71256  0.00491737
        1418    -6.03985    -5.71279  0.00491932
        1419    -6.07185    -5.71305  0.00492235
        1420    -5.98849    -5.71324  0.00492271
        1421    -5.91703    -5.71338  0.00492133
        1422    -5.89535    -5.71351  0.00491954
        1423    -5.96638    -5.71369  0.00491929
        1424    -5.97352    -5.71387  0.00491921
        1425    -6.00106    -5.71407  0.00491989
        1426    -6.09662    -5.71434  0.00492375
        1427    -6.07884     -5.7146  0.00492692
        1428    -6.06089    -5.71484  0.00492943
        1429     -6.0007    -5.71504  0.00493004
        1430    -5.97028    -5.71522  0.00492982
        1431    -6.02564    -5.71544  0.00493115
        1432    -6.18754    -5.71577  0.00493871
        1433    -6.18071    -5.71609  0.00494591
        1434     -6.1242    -5.71637  0.00495064
        1435    -6.16249    -5.71669  0.00495695
        1436    -6.06193    -5.71693  0.00495932
        1437    -6.08681    -5.71718  0.00496254
        1438    -6.02738     -5.7174  0.00496378
        1439    -6.05469    -5.71763  0.00496586
        1440    -5.99691    -5.71783   0.0049662
        1441    -5.88788    -5.71795  0.00496415
        1442    -6.00882    -5.71815  0.00496481
        1443    -6.12962    -5.71843  0.00496955
        1444    -6.14326    -5.71873  0.00497481
        1445    -5.92741    -5.71887  0.00497346
        1446     -5.9189    -5.71901  0.00497195
        1447    -5.81277    -5.71907  0.00496893
        1448    -5.65399    -5.71903   0.0049657
        1449    -5.69002    -5.71901  0.00496232
        1450    -5.87279    -5.71912  0.00496003
        1451    -5.87975    -5.71923  0.00495785
        1452    -5.84088    -5.71931  0.00495514
        1453    -5.89461    -5.71943   0.0049532
        1454    -5.88894    -5.71955  0.00495116
        1455    -5.81702    -5.71961  0.00494821
        1456    -5.75079    -5.71964  0.00494486
        1457    -5.71833    -5.71963  0.00494147
        1458    -5.76112    -5.71966  0.00493816
        1459    -5.64431    -5.71961  0.00493504
        1460    -5.66095    -5.71957  0.00493183
        1461    -5.56543    -5.71947  0.00492958
        1462    -5.70783    -5.71946  0.00492622
        1463    -5.56147    -5.71935  0.00492403
        1464    -5.50586     -5.7192  0.00492283
        1465    -5.62103    -5.71914  0.00491992
        1466    -5.66447     -5.7191  0.00491671
        1467      -5.794    -5.71915  0.00491362
        1468    -5.77234    -5.71919  0.00491041
        1469    -5.79028    -5.71924   0.0049073
        1470    -5.70084    -5.71922  0.00490398
        1471    -5.80094    -5.71928  0.00490096
        1472    -5.73826    -5.71929  0.00489765
        1473    -5.70731    -5.71928  0.00489433
        1474    -5.67183    -5.71925  0.00489112
        1475    -5.61191    -5.71918  0.00488834
        1476    -5.76194    -5.71921  0.00488512
        1477    -5.95379    -5.71937  0.00488439
        1478    -5.81959    -5.71943  0.00488156
        1479    -5.75977    -5.71946  0.00487833
        1480    -5.78293     -5.7195  0.00487522
        1481    -5.82604    -5.71958  0.00487246
        1482    -5.88298    -5.71969  0.00487042
        1483    -5.85507    -5.71978  0.00486799
        1484    -5.97405    -5.71995  0.00486773
        1485    -5.94097     -5.7201  0.00486672
        1486    -5.86818     -5.7202  0.00486447
        1487    -5.87164     -5.7203  0.00486226
        1488    -5.85938    -5.72039   0.0048599
        1489    -5.61821    -5.72032  0.00485712
        1490    -5.69214     -5.7203  0.00485389
        1491    -5.65925    -5.72026  0.00485081
        1492    -5.73596    -5.72027  0.00484757
        1493    -5.56865    -5.72017  0.00484539
        1494    -5.56373    -5.72007  0.00484328
        1495    -5.66222    -5.72003  0.00484019
        1496    -5.55014    -5.71992  0.00483829
        1497     -5.6124    -5.71984  0.00483559
        1498    -5.74477    -5.71986  0.00483239
        1499    -5.86001    -5.71995  0.00483007
        1500    -5.84083    -5.72003  0.00482752
        1501    -5.75565    -5.72006  0.00482436
        1502    -5.74382    -5.72007  0.00482118
        1503    -5.62328    -5.72001   0.0048184
        1504    -5.57518    -5.71991  0.00481616
        1505    -5.61618    -5.71984  0.00481345
        1506     -5.6065    -5.71977  0.00481084
        1507    -5.66998    -5.71974  0.00480776
        1508    -5.58353    -5.71965  0.00480542
        1509    -5.60349    -5.71957  0.00480286
        1510    -5.67836    -5.71954  0.00479975
        1511    -5.59765    -5.71946  0.00479725
        1512    -5.67027    -5.71943  0.00479419
        1513    -5.70224    -5.71942  0.00479104
        1514    -5.69218     -5.7194  0.00478791
        1515    -5.63208    -5.71934  0.00478509
        1516    -5.44029    -5.71916  0.00478548
        1517    -5.54342    -5.71904  0.00478372
        1518    -5.49279    -5.71889  0.00478289
        1519    -5.50354    -5.71875  0.00478185
        1520    -5.62141    -5.71869  0.00477913
        1521    -5.71008    -5.71868  0.00477599
        1522    -5.76112    -5.71871  0.00477293
        1523    -5.80405    -5.71877  0.00477013
        1524     -5.8595    -5.71886  0.00476789
        1525    -5.96796    -5.71902  0.00476756
        1526    -6.03911    -5.71923  0.00476905
        1527    -6.13368     -5.7195  0.00477364
        1528    -6.06648    -5.71973  0.00477592
        1529    -5.95894    -5.71989  0.00477536
        1530    -5.93463    -5.72003   0.0047743
        1531    -5.87392    -5.72013  0.00477224
        1532    -5.92823    -5.72026  0.00477105
        1533    -6.02735    -5.72046  0.00477215
        1534     -6.0175    -5.72066  0.00477296
        1535    -5.82186    -5.72072  0.00477031
        1536    -5.97406    -5.72089  0.00477005
        1537    -5.86495    -5.72098  0.00476787
        1538    -5.93829    -5.72112  0.00476686
        1539    -5.81374    -5.72118  0.00476415
        1540    -5.53646    -5.72106  0.00476256
        1541    -5.63264    -5.72101  0.00475982
        1542    -5.50038    -5.72086  0.00475888
        1543    -5.54872    -5.72075   0.0047571
        1544    -5.67412    -5.72072  0.00475412
        1545    -5.60892    -5.72065  0.00475159
        1546     -5.5416    -5.72053  0.00474993
        1547    -5.55723    -5.72043  0.00474803
        1548    -5.57056    -5.72033  0.00474595
        1549    -5.46394    -5.72016  0.00474577
        1550    -5.50155    -5.72002  0.00474481
        1551    -5.57802    -5.71993  0.00474263
        1552    -5.65007    -5.71989  0.00473979
        1553    -5.57778    -5.71979  0.00473762
        1554    -5.54801    -5.71968  0.00473586
        1555    -5.42767     -5.7195  0.00473654
        1556    -5.35412    -5.71926  0.00473931
        1557    -5.28257    -5.71898  0.00474456
        1558    -5.37132    -5.71876  0.00474676
        1559    -5.45743    -5.71859  0.00474667
        1560     -5.4357    -5.71841  0.00474709
        1561    -5.47127    -5.71825  0.00474669
        1562    -5.44168    -5.71807  0.00474695
        1563    -5.38091    -5.71786  0.00474881
        1564    -5.29354    -5.71759  0.00475352
        1565    -5.17802    -5.71724  0.00476297
        1566    -5.10439    -5.71685  0.00477598
        1567     -5.2352    -5.71654  0.00478281
        1568    -5.18822    -5.71621  0.00479161
        1569    -5.32482    -5.71596  0.00479505
        1570     -5.3862    -5.71575  0.00479659
        1571     -5.3153    -5.71549  0.00480031
        1572    -5.28445    -5.71522  0.00480508
        1573    -5.32164    -5.71497  0.00480853
        1574    -5.49447    -5.71483  0.00480752
        1575    -5.56083    -5.71473  0.00480546
        1576    -5.63075    -5.71468  0.00480271
        1577    -5.65539    -5.71464  0.00479981
        1578    -5.65815     -5.7146   0.0047969
        1579    -5.58193    -5.71452   0.0047946
        1580    -5.50839    -5.71439  0.00479334
        1581    -5.51461    -5.71426  0.00479197
        1582    -5.51883    -5.71414  0.00479053
        1583    -5.57867    -5.71405  0.00478827
        1584    -5.64983    -5.71401  0.00478542
        1585    -5.58989    -5.71393  0.00478304
        1586    -5.53969    -5.71382  0.00478129
        1587    -5.57421    -5.71374  0.00477909
        1588    -5.48679    -5.71359  0.00477821
        1589    -5.60933    -5.71353  0.00477566
        1590    -5.54725    -5.71342   0.0047738
        1591    -5.48789    -5.71328   0.0047729
        1592    -5.58582     -5.7132  0.00477057
        1593    -5.76497    -5.71323  0.00476769
        1594    -5.76653    -5.71327  0.00476482
        1595    -5.72148    -5.71327  0.00476183
        1596    -5.55312    -5.71317  0.00475991
        1597    -5.57933    -5.71309  0.00475766
        1598    -5.64678    -5.71305  0.00475487
        1599    -5.69025    -5.71303  0.00475191
        1600    -5.71138    -5.71303  0.00474894
        1601    -5.66928      -5.713  0.00474606
        1602    -5.60755    -5.71294  0.00474355
        1603    -5.60038    -5.71287  0.00474111
        1604    -5.71048    -5.71287  0.00473816
        1605    -5.80546    -5.71292  0.00473555
        1606    -5.78505    -5.71297  0.00473282
        1607    -5.68735    -5.71295   0.0047299
        1608    -5.73969    -5.71297  0.00472699
        1609    -5.80569    -5.71303   0.0047244
        1610    -5.81759    -5.71309  0.00472191
        1611     -5.8586    -5.71318  0.00471985
        1612    -5.84682    -5.71327  0.00471765
        1613    -5.69725    -5.71326  0.00471473
        1614    -5.65211    -5.71322  0.00471196
        1615     -5.5139    -5.71309  0.00471066
        1616     -5.5886    -5.71302  0.00470838
        1617    -5.57274    -5.71293  0.00470626
        1618    -5.62855    -5.71288  0.00470364
        1619    -5.57203    -5.71279  0.00470154
        1620     -5.5488    -5.71269  0.00469973
        1621    -5.48252    -5.71255  0.00469898
        1622    -5.58131    -5.71247  0.00469678
        1623     -5.6003     -5.7124  0.00469439
        1624    -5.67933    -5.71238  0.00469154
        1625    -5.88714    -5.71249  0.00468989
        1626     -5.7054    -5.71248  0.00468701
        1627    -5.59431    -5.71241  0.00468469
        1628    -5.60383    -5.71234  0.00468229
        1629    -5.67909    -5.71232  0.00467946
        1630    -5.72238    -5.71233  0.00467659
        1631    -5.74847    -5.71235  0.00467377
        1632    -5.72186    -5.71236  0.00467091
        1633    -5.73438    -5.71237  0.00466807
        1634    -5.55962    -5.71228  0.00466615
        1635     -5.4018    -5.71209  0.00466716
        1636    -5.62586    -5.71203  0.00466461
        1637    -5.54647    -5.71193  0.00466285
        1638    -5.57484    -5.71185  0.00466076
        1639    -5.62909     -5.7118  0.00465819
        1640    -5.48732    -5.71166  0.00465736
        1641    -5.44918     -5.7115  0.00465726
        1642    -5.38481     -5.7113  0.00465868
        1643    -5.46665    -5.71115  0.00465822
        1644    -5.43071    -5.71098  0.00465851
        1645    -5.41994    -5.71081  0.00465904
        1646    -5.38741    -5.71061  0.00466035
        1647    -5.37569    -5.71041  0.00466195
        1648     -5.3872    -5.71021  0.00466324
        1649    -5.30288    -5.70996  0.00466695
        1650    -5.28706    -5.70971  0.00467116
        1651    -5.30369    -5.70946   0.0046748
        1652    -5.38121    -5.70926  0.00467619
        1653    -5.44334     -5.7091  0.00467613
        1654    -5.44745    -5.70894  0.00467598
        1655    -5.41855    -5.70877  0.00467644
        1656    -5.48755    -5.70863  0.00467552
        1657    -5.45643    -5.70848  0.00467518
        1658    -5.40482     -5.7083  0.00467595
        1659    -5.44316    -5.70814  0.00467586
        1660    -5.31302     -5.7079   0.0046791
        1661    -5.22643    -5.70761  0.00468525
        1662    -5.27435    -5.70735  0.00468968
        1663    -5.30969    -5.70711  0.00469295
        1664    -5.25524    -5.70684  0.00469798
        1665    -5.35138    -5.70663      0.0047
        1666    -5.37087    -5.70642   0.0047015
        1667    -5.42422    -5.70625  0.00470173
        1668     -5.3272    -5.70603   0.0047044
        1669    -5.33641    -5.70581  0.00470679
        1670    -5.37063    -5.70561  0.00470825
        1671    -5.41723    -5.70543  0.00470859
        1672    -5.32036     -5.7052  0.00471141
        1673    -5.36398      -5.705    0.004713
        1674    -5.36532     -5.7048  0.00471455
        1675    -5.42988    -5.70463  0.00471459
        1676    -5.51251    -5.70452  0.00471317
        1677    -5.56352    -5.70443  0.00471111
        1678     -5.4641    -5.70429  0.00471048
        1679     -5.5877    -5.70422  0.00470819
        1680    -5.50286     -5.7041  0.00470691
        1681    -5.74809    -5.70413  0.00470418
        1682    -5.68601    -5.70412   0.0047014
        1683     -5.5127      -5.704  0.00469998
        1684    -5.48298    -5.70387  0.00469902
        1685    -5.61361    -5.70382  0.00469654
        1686    -5.65536    -5.70379  0.00469384
        1687    -5.67153    -5.70377   0.0046911
        1688    -5.70965    -5.70377  0.00468832
        1689    -5.61901    -5.70372  0.00468581
        1690    -5.56059    -5.70364  0.00468381
        1691    -5.58468    -5.70357  0.00468157
        1692    -5.45013    -5.70342  0.00468119
        1693    -5.50745     -5.7033  0.00467986
        1694    -5.46611    -5.70316  0.00467919
        1695    -5.58252    -5.70309  0.00467697
        1696    -5.51102    -5.70298  0.00467559
        1697    -5.47621    -5.70284  0.00467474
        1698    -5.36594    -5.70265  0.00467619
        1699    -5.33427    -5.70243  0.00467847
        1700    -5.28071    -5.70218  0.00468229
        1701    -5.25669    -5.70192  0.00468685
        1702    -5.23231    -5.70164  0.00469221
        1703     -5.2234    -5.70136  0.00469785
        1704    -5.40107    -5.70119   0.0046984
        1705    -5.32019    -5.70096  0.00470096
        1706    -5.32172    -5.70074  0.00470345
        1707    -5.28413     -5.7005  0.00470703
        1708    -5.44828    -5.70035  0.00470659
        1709    -5.45266     -5.7002  0.00470606
        1710    -5.43559    -5.70005  0.00470585
        1711     -5.4143    -5.69988  0.00470607
        1712    -5.68672    -5.69987  0.00470332
        1713    -5.70404    -5.69988  0.00470058
        1714    -5.66751    -5.69986  0.00469787
        1715    -5.52687    -5.69976  0.00469622
        1716    -5.43109     -5.6996  0.00469609
        1717    -5.47003    -5.69947  0.00469526
        1718    -5.49995    -5.69935  0.00469396
        1719    -5.47243    -5.69922  0.00469309
        1720    -5.53809    -5.69912  0.00469129
        1721    -5.57895    -5.69905  0.00468909
        1722     -5.5998      -5.699  0.00468672
        1723    -5.54799    -5.69891  0.00468482
        1724    -5.47883    -5.69878  0.00468384
        1725    -5.38661     -5.6986  0.00468462
        1726    -5.45068    -5.69846  0.00468411
        1727     -5.4726    -5.69833  0.00468322
        1728    -5.62128    -5.69828  0.00468072
        1729    -5.77584    -5.69833  0.00467823
        1730     -5.8095    -5.69839  0.00467597
        1731    -5.80858    -5.69845   0.0046737
        1732     -5.8333    -5.69853  0.00467165
        1733     -6.0021    -5.69871  0.00467223
        1734    -5.92534    -5.69884  0.00467137
        1735    -5.96524    -5.69899   0.0046712
        1736    -5.95469    -5.69914  0.00467083
        1737    -5.97442     -5.6993  0.00467083
        1738    -5.94105    -5.69944  0.00467021
        1739    -5.86324    -5.69953  0.00466848
        1740    -5.88569    -5.69964  0.00466702
        1741    -5.87232    -5.69974  0.00466539
        1742    -5.86329    -5.69983  0.00466366
        1743    -5.91234    -5.69995  0.00466258
        1744    -5.82698    -5.70003  0.00466047
        1745     -5.8169    -5.70009  0.00465828
        1746    -5.95398    -5.70024  0.00465788
        1747    -5.80955     -5.7003  0.00465564
        1748    -5.98701    -5.70046  0.00465586
        1749    -5.85747    -5.70055  0.00465406
        1750    -5.86778    -5.70065  0.00465239
        1751     -5.7458    -5.70068   0.0046498
        1752    -5.93076    -5.70081    0.004649
        1753    -5.98143    -5.70097   0.0046491
        1754    -6.01083    -5.70114  0.00464981
        1755    -5.98851    -5.70131  0.00465004
        1756    -6.10128    -5.70154  0.00465297
        1757    -5.92326    -5.70166  0.00465203
        1758     -5.8105    -5.70172   0.0046498
        1759    -5.79705    -5.70178  0.00464747
        1760    -5.74761     -5.7018   0.0046449
        1761    -5.83243    -5.70188  0.00464286
        1762    -5.94976    -5.70202  0.00464235
        1763    -5.97851    -5.70218  0.00464237
        1764    -5.82107    -5.70224  0.00464022
        1765     -5.7109    -5.70225   0.0046376
        1766    -5.58049    -5.70218  0.00463548
        1767    -5.51273    -5.70207   0.0046341
        1768    -5.58718    -5.70201  0.00463194
        1769    -5.75817    -5.70204  0.00462943
        1770    -5.74681    -5.70206  0.00462688
        1771    -5.84047    -5.70214  0.00462493
        1772    -5.77099    -5.70218  0.00462248
        1773    -5.79037    -5.70223  0.00462014
        1774    -5.71086    -5.70224  0.00461754
        1775    -5.60304    -5.70218  0.00461528
        1776      -5.554     -5.7021  0.00461343
        1777    -5.57927    -5.70203  0.00461135
        1778    -5.54751    -5.70194  0.00460958
        1779    -5.59221    -5.70188   0.0046074
        1780    -5.54544    -5.70179  0.00460565
        1781    -5.45782    -5.70165   0.0046051
        1782    -5.38047    -5.70147  0.00460604
        1783    -5.61789    -5.70143   0.0046037
        1784    -5.58939    -5.70136  0.00460154
        1785    -5.68751    -5.70136  0.00459897
        1786    -5.66801    -5.70134  0.00459644
        1787    -5.73206    -5.70135   0.0045939
        1788    -5.64514    -5.70132  0.00459143
        1789    -5.62067    -5.70128  0.00458909
        1790    -5.76968    -5.70132  0.00458668
        1791    -5.84193    -5.70139   0.0045848
        1792    -5.85211    -5.70148  0.00458301
        1793    -5.70139    -5.70148  0.00458045
        1794    -5.58652    -5.70141  0.00457835
        1795    -5.46086    -5.70128  0.00457776
        1796    -5.45719    -5.70114  0.00457723
        1797    -5.43843      -5.701  0.00457701
        1798    -5.57038    -5.70093  0.00457504
        1799    -5.53519    -5.70083  0.00457343
        1800    -5.48921    -5.70072   0.0045724
        1801    -5.36104    -5.70053  0.00457375
        1802    -5.41163    -5.70037  0.00457402
        1803    -5.42897    -5.70022  0.00457396
        1804    -5.35407    -5.70002  0.00457544
        1805     -5.4105    -5.69986  0.00457572
        1806    -5.43415    -5.69972  0.00457555
        1807     -5.3586    -5.69953  0.00457691
        1808    -5.38784    -5.69936  0.00457763
        1809     -5.2695    -5.69912  0.00458126
        1810     -5.1474    -5.69881  0.00458886
        1811     -5.3319    -5.69861  0.00459079
        1812    -5.42816    -5.69846  0.00459069
        1813    -5.50968    -5.69836  0.00458933
        1814    -5.45325    -5.69822  0.00458879
        1815     -5.4812     -5.6981  0.00458782
        1816    -5.35012    -5.69791   0.0045893
        1817    -5.21287    -5.69764  0.00459453
        1818    -5.10972    -5.69732  0.00460337
        1819    -5.39011    -5.69715  0.00460393
        1820    -5.43782    -5.69701  0.00460361
        1821    -5.57472    -5.69694  0.00460157
        1822    -5.65033    -5.69692  0.00459912
        1823    -5.58492    -5.69686    0.004597
        1824     -5.5706    -5.69679    0.004595
        1825    -5.54604     -5.6967  0.00459323
        1826    -5.50439     -5.6966  0.00459192
        1827      -5.565    -5.69653  0.00458997
        1828     -5.6531     -5.6965  0.00458752
        1829    -5.61876    -5.69646  0.00458521
        1830    -5.66726    -5.69644  0.00458273
        1831     -5.6485    -5.69642  0.00458031
        1832    -5.57304    -5.69635   0.0045783
        1833     -5.7578    -5.69638  0.00457593
        1834    -5.70068    -5.69639  0.00457343
        1835    -5.64121    -5.69636  0.00457104
        1836    -5.70821    -5.69636  0.00456855
        1837    -5.71459    -5.69637  0.00456608
        1838    -5.71968    -5.69639  0.00456361
        1839    -5.73889    -5.69641  0.00456119
        1840    -5.61522    -5.69636  0.00455892
        1841     -5.7123    -5.69637  0.00455645
        1842    -5.72436    -5.69639    0.004554
        1843    -5.71786     -5.6964  0.00455155
        1844    -5.74611    -5.69643  0.00454916
        1845    -5.59326    -5.69637  0.00454704
        1846    -5.46202    -5.69624  0.00454635
        1847    -5.31208    -5.69604  0.00454864
        1848    -5.47951    -5.69592  0.00454769
        1849    -5.50556    -5.69582  0.00454639
        1850    -5.42698    -5.69567  0.00454626
        1851     -5.5976    -5.69562  0.00454411
        1852    -5.57965    -5.69555  0.00454209
        1853    -5.61717    -5.69551  0.00453983
        1854    -5.57286    -5.69545  0.00453787
        1855    -5.55816    -5.69537  0.00453602
        1856    -5.61801    -5.69533  0.00453377
        1857    -5.72485    -5.69535  0.00453136
        1858    -5.61375     -5.6953  0.00452913
        1859    -5.57703    -5.69524  0.00452714
        1860    -5.70823    -5.69525  0.00452471
        1861    -5.74733    -5.69527  0.00452237
        1862    -5.77428    -5.69532  0.00452014
        1863    -5.69291    -5.69532  0.00451771
        1864    -5.70287    -5.69532  0.00451529
        1865      -5.805    -5.69538  0.00451325
        1866    -5.83305    -5.69545  0.00451144
        1867    -5.86086    -5.69554  0.00450989
        1868    -5.88729    -5.69564  0.00450865
        1869    -5.87527    -5.69574  0.00450726
        1870    -5.83807    -5.69582  0.00450549
        1871    -5.89341    -5.69592  0.00450432
        1872    -5.79004    -5.69597  0.00450219
        1873    -5.91492    -5.69609  0.00450131
        1874    -5.88163    -5.69619  0.00449999
        1875    -5.94704    -5.69632  0.00449958
        1876    -5.67577    -5.69631   0.0044972
        1877     -5.8389    -5.69639  0.00449544
        1878    -5.82031    -5.69645  0.00449353
        1879    -5.88473    -5.69655  0.00449226
        1880    -5.79494     -5.6966  0.00449017
        1881    -5.86146    -5.69669  0.00448864
        1882    -5.83413    -5.69676  0.00448685
        1883    -5.82932    -5.69684  0.00448502
        1884    -5.84554    -5.69691  0.00448333
        1885    -5.67731     -5.6969  0.00448097
        1886    -5.90559    -5.69701  0.00447996
        1887    -6.03074    -5.69719  0.00448107
        1888    -5.96232    -5.69733   0.0044809
        1889    -5.98434    -5.69748   0.0044811
        1890    -5.90171    -5.69759  0.00448003
        1891    -5.92839    -5.69771  0.00447933
        1892    -5.97225    -5.69786  0.00447931
        1893     -5.9164    -5.69797  0.00447843
        1894    -5.98264    -5.69812  0.00447859
        1895    -6.03473     -5.6983  0.00447975
        1896     -5.8307    -5.69837  0.00447793
        1897    -5.95172    -5.69851  0.00447756
        1898    -5.73907    -5.69853  0.00447525
        1899    -5.82709    -5.69859   0.0044734
        1900    -5.80977    -5.69865  0.00447143
        1901    -5.81111    -5.69871  0.00446947
        1902    -5.71057    -5.69872  0.00446713
        1903    -5.93403    -5.69884  0.00446649
        1904    -5.95314    -5.69898  0.00446614
        1905    -5.82642    -5.69904   0.0044643
        1906    -5.87216    -5.69913  0.00446288
        1907    -5.79649    -5.69918  0.00446083
        1908    -5.82978    -5.69925  0.00445902
        1909    -5.89441    -5.69936  0.00445785
        1910    -5.91682    -5.69947  0.00445697
        1911    -5.90964    -5.69958    0.004456
        1912    -6.04312    -5.69976  0.00445729
        1913    -5.94163    -5.69989  0.00445675
        1914    -5.86567    -5.69997  0.00445526
        1915    -5.85937    -5.70006  0.00445372
        1916     -5.9376    -5.70018  0.00445312
        1917    -5.90159    -5.70028  0.00445203
        1918    -5.87092    -5.70037   0.0044506
        1919    -5.68664    -5.70037  0.00444829
        1920    -5.64309    -5.70034  0.00444607
        1921     -5.6407    -5.70031  0.00444386
        1922    -5.66737    -5.70029  0.00444158
        1923    -5.75035    -5.70031  0.00443935
        1924    -5.58976    -5.70026  0.00443742
        1925     -5.4976    -5.70015  0.00443636
        1926    -5.49494    -5.70004  0.00443534
        1927    -5.46716    -5.69992  0.00443468
        1928     -5.4279    -5.69978  0.00443462
        1929    -5.51825    -5.69969  0.00443332
        1930    -5.49927    -5.69958  0.00443224
        1931    -5.57542    -5.69952  0.00443041
        1932    -5.44755    -5.69939  0.00443004
        1933    -5.41996    -5.69925  0.00443011
        1934    -5.48633    -5.69914  0.00442918
        1935    -5.48155    -5.69902  0.00442832
        1936    -5.51058    -5.69893   0.0044271
        1937    -5.46589    -5.69881  0.00442645
        1938    -5.45701    -5.69868  0.00442593
        1939    -5.45501    -5.69855  0.00442543
        1940    -5.54238    -5.69847  0.00442388
        1941    -5.67352    -5.69846  0.00442162
        1942    -5.65187    -5.69844  0.00441941
        1943    -5.62267     -5.6984   0.0044173
        1944    -5.48863    -5.69829  0.00441635
        1945    -5.53148     -5.6982  0.00441491
        1946    -5.56922    -5.69814  0.00441314
        1947    -5.51186    -5.69804  0.00441191
        1948    -5.60619      -5.698   0.0044099
        1949    -5.79161    -5.69804   0.0044079
        1950    -5.74901    -5.69807  0.00440571
        1951     -5.7008    -5.69807  0.00440345
        1952    -5.60049    -5.69802  0.00440148
        1953    -5.65472      -5.698  0.00439928
        1954    -5.52901    -5.69791  0.00439788
        1955     -5.6745     -5.6979  0.00439565
        1956    -5.59353    -5.69785  0.00439373
        1957    -5.62639    -5.69781  0.00439163
        1958    -5.48266     -5.6977  0.00439076
        1959    -5.52607    -5.69761   0.0043894
        1960    -5.58186    -5.69755  0.00438756
        1961    -5.48918    -5.69745   0.0043866
        1962    -5.44807    -5.69732  0.00438621
        1963    -5.39574    -5.69717  0.00438667
        1964    -5.47515    -5.69705  0.00438589
        1965    -5.49311    -5.69695  0.00438488
        1966    -5.59149     -5.6969  0.00438298
        1967    -5.57249    -5.69683  0.00438121
        1968    -5.58759    -5.69678  0.00437933
        1969    -5.57532    -5.69672  0.00437755
        1970        -5.7    -5.69672  0.00437532
        1971    -5.52181    -5.69663    0.004374
        1972    -5.72617    -5.69664  0.00437181
        1973    -5.73391    -5.69666  0.00436964
        1974    -5.68956    -5.69666  0.00436742
        1975    -5.67157    -5.69665  0.00436523
        1976     -5.5509    -5.69657  0.00436365
        1977    -5.63906    -5.69654  0.00436153
        1978    -5.73988    -5.69657  0.00435938
        1979    -5.75734     -5.6966  0.00435729
        1980    -5.83093    -5.69666  0.00435562
        1981    -5.71488    -5.69667  0.00435343
        1982    -5.60691    -5.69663  0.00435147
        1983    -5.54586    -5.69655  0.00434994
        1984     -5.5565    -5.69648  0.00434832
        1985    -5.66217    -5.69646  0.00434616
        1986    -5.66541    -5.69645    0.004344
        1987    -5.73396    -5.69647  0.00434186
        1988    -5.75708     -5.6965  0.00433978
        1989    -5.82508    -5.69656  0.00433808
        1990    -5.67649    -5.69655  0.00433591
        1991    -5.68982    -5.69655  0.00433373
        1992    -5.59675     -5.6965  0.00433185
        1993    -5.82043    -5.69656  0.00433012
        1994    -5.83034    -5.69663  0.00432847
        1995    -5.81224    -5.69669  0.00432669
        1996    -5.80294    -5.69674  0.00432485
        1997    -5.79837    -5.69679  0.00432298
        1998    -5.68483    -5.69678  0.00432082
        1999    -5.65098    -5.69676  0.00431872
        2000    -5.70196    -5.69676  0.00431656
