           1       2.325       2.325           0
           2       2.325       2.325           0
           3       2.325       2.325           0
           4       2.325       2.325           0
           5       2.325       2.325           0
           6       2.325       2.325 1.72064e-08
           7       2.325       2.325   1.593e-08
           8       2.325       2.325 1.49012e-08
           9       2.325       2.325 1.40489e-08
          10       2.325       2.325  1.3328e-08
          11       2.325       2.325 1.27078e-08
          12       2.325       2.325 1.21667e-08
          13       2.325       2.325 1.16894e-08
          14       2.325       2.325 1.12642e-08
          15       2.325       2.325           0
          16       2.325       2.325           0
          17       2.325       2.325           0
          18       2.325       2.325 1.21667e-08
          19       2.325       2.325 1.18422e-08
          20       2.325       2.325 1.15424e-08
          21       2.325       2.325 1.12642e-08
          22       2.325       2.325 1.42077e-08
          23       2.325       2.325 1.38954e-08
          24       2.325       2.325 1.36028e-08
          25       2.325       2.325 1.46001e-08
          26       2.325       2.325 1.43166e-08
          27       2.325       2.325 1.51746e-08
          28       2.325       2.325 1.68963e-08
          29       2.325       2.325 1.75005e-08
          30       2.325       2.325 1.72064e-08
          31       2.325       2.325 1.77527e-08
          32       2.325       2.325 1.74732e-08
          33       2.325       2.325 1.72064e-08
          34       2.325       2.325 1.77052e-08
          35       2.325       2.325 1.74505e-08
          36       2.325       2.325 1.72064e-08
          37       2.325       2.325 1.76653e-08
          38       2.325       2.325 1.74313e-08
          39       2.325       2.325 1.90888e-08
          40       2.325       2.325 1.88486e-08
          41       2.325       2.325 1.91903e-08
          42       2.325       2.325 1.89605e-08
          43       2.325       2.325 1.87387e-08
          44       2.325       2.325 1.85246e-08
          45       2.325       2.325 1.83176e-08
          46       2.325       2.325 1.86426e-08
          47       2.325       2.325 1.84432e-08
          48       2.325       2.325 1.82501e-08
          49       2.325       2.325 1.80629e-08
          50       2.325       2.325 1.78814e-08
          51       2.325       2.325 1.77052e-08
          52       2.325       2.325 1.80146e-08
          53       2.325       2.325 1.78439e-08
          54       2.325       2.325 1.76779e-08
          55       2.325       2.325 1.75164e-08
          56       2.325       2.325 1.73593e-08
          57       2.325       2.325 1.57897e-08
          58       2.325       2.325 1.56529e-08
          59       2.325       2.325 1.45174e-08
          60       2.325       2.325 1.49012e-08
          61       2.325       2.325  1.3758e-08
          62       2.325       2.325 1.36466e-08
          63       2.325       2.325 1.18735e-08
          64       2.325       2.325 1.17804e-08
          65       2.325       2.325 1.16894e-08
          66       2.325       2.325 1.03758e-08
          67       2.325       2.325 1.02981e-08
          68       2.325       2.325 8.85261e-09
          69       2.325       2.325 8.78823e-09
          70       2.325       2.325 9.42432e-09
          71       2.325       2.325 7.07377e-09
          72       2.325       2.325 7.02447e-09
          73       2.325       2.325  6.9762e-09
          74       2.325       2.325 4.89947e-09
          75       2.325       2.325  4.8667e-09
          76       2.325       2.325 4.83458e-09
          77       2.325       2.325 4.80308e-09
          78       2.325       2.325           0
          79       2.325       2.325           0
          80       2.325       2.325           0
          81       2.325       2.325           0
          82       2.325       2.325 5.70038e-09
          83       2.325       2.325 5.66594e-09
          84       2.325       2.325 5.63211e-09
          85       2.325       2.325 5.59888e-09
          86       2.325       2.325 6.42733e-09
          87       2.325       2.325 6.39029e-09
          88       2.325       2.325 6.35388e-09
          89       2.325       2.325 6.31808e-09
          90       2.325       2.325 7.69493e-09
          91       2.325       2.325 7.65253e-09
          92       2.325       2.325 7.61083e-09
          93       2.325       2.325  7.5698e-09
          94       2.325       2.325 7.52942e-09
          95       2.325       2.325 7.48969e-09
          96       2.325       2.325 9.12506e-09
          97       2.325       2.325  9.0779e-09
          98       2.325       2.325 9.03147e-09
          99       2.325       2.325 8.98574e-09
         100       2.325       2.325  8.9407e-09
         101       2.325       2.325 9.83526e-09
         102       2.325       2.325 9.78693e-09
         103       2.325       2.325  9.7393e-09
         104       2.325       2.325 9.69237e-09
         105       2.325       2.325  9.6461e-09
         106       2.325       2.325 9.60049e-09
         107       2.325       2.325 9.55553e-09
         108       2.325       2.325 1.03397e-08
         109       2.325       2.325 1.02922e-08
         110       2.325       2.325 9.84338e-09
         111       2.325       2.325 9.79894e-09
         112       2.325       2.325  9.7551e-09
         113       2.325       2.325 9.71184e-09
         114       2.325       2.325 9.66915e-09
         115       2.325       2.325 1.07633e-08
         116       2.325       2.325 1.07168e-08
         117       2.325       2.325 1.06709e-08
         118       2.325       2.325 1.06256e-08
         119       2.325       2.325 1.05809e-08
         120       2.325       2.325 1.05367e-08
         121       2.325       2.325 1.04931e-08
         122       2.325       2.325   1.045e-08
         123       2.325       2.325 1.04074e-08
         124       2.325       2.325 1.10348e-08
         125       2.325       2.325 1.09906e-08
         126       2.325       2.325 1.09469e-08
         127       2.325       2.325 1.09037e-08
         128       2.325       2.325  1.0861e-08
         129       2.325       2.325 1.08188e-08
         130       2.325       2.325 1.07771e-08
         131       2.325       2.325 1.07359e-08
         132       2.325       2.325 1.06952e-08
         133       2.325       2.325 1.06549e-08
         134       2.325       2.325 1.12221e-08
         135       2.325       2.325 1.11805e-08
         136       2.325       2.325 1.11393e-08
         137       2.325       2.325 1.10986e-08
         138       2.325       2.325 1.10583e-08
         139       2.325       2.325 1.10184e-08
         140       2.325       2.325  1.0979e-08
         141       2.325       2.325   1.094e-08
         142       2.325       2.325 1.09014e-08
         143       2.325       2.325 1.08632e-08
         144       2.325       2.325 1.08254e-08
         145       2.325       2.325 1.16085e-08
         146       2.325       2.325 1.15687e-08
         147       2.325       2.325 1.15293e-08
         148       2.325       2.325 1.14903e-08
         149       2.325       2.325 1.14517e-08
         150       2.325       2.325 1.14134e-08
         151       2.325       2.325 1.13756e-08
         152       2.325       2.325 1.13381e-08
         153       2.325       2.325  1.1301e-08
         154       2.325       2.325 1.10052e-08
         155       2.325       2.325 1.09697e-08
         156       2.325       2.325 1.09345e-08
         157       2.325       2.325 1.08996e-08
         158       2.325       2.325  1.0865e-08
         159       2.325       2.325 1.13348e-08
         160       2.325       2.325 1.12994e-08
         161       2.325       2.325 1.12642e-08
         162       2.325       2.325 1.12294e-08
         163       2.325       2.325 1.11949e-08
         164       2.325       2.325 1.11607e-08
         165       2.325       2.325 1.11268e-08
         166       2.325       2.325 1.10933e-08
         167       2.325       2.325   1.106e-08
         168       2.325       2.325 1.10271e-08
         169       2.325       2.325 1.09944e-08
         170       2.325       2.325  1.0962e-08
         171       2.325       2.325 1.09299e-08
         172       2.325       2.325 1.08981e-08
         173       2.325       2.325 1.08665e-08
         174       2.325       2.325 1.08353e-08
         175       2.325       2.325 1.08043e-08
         176       2.325       2.325 1.12322e-08
         177       2.325       2.325 1.12004e-08
         178       2.325       2.325 1.11689e-08
         179       2.325       2.325 1.11377e-08
         180       2.325       2.325 1.11067e-08
         181       2.325       2.325 1.10759e-08
         182       2.325       2.325 1.10455e-08
         183       2.325       2.325 1.10153e-08
         184       2.325       2.325 1.09853e-08
         185       2.325       2.325 1.09556e-08
         186       2.325       2.325 1.09261e-08
         187       2.325       2.325 1.08968e-08
         188       2.325       2.325 1.08678e-08
         189       2.325       2.325  1.0839e-08
         190       2.325       2.325 1.10245e-08
         191       2.325       2.325 1.09956e-08
         192       2.325       2.325 1.11759e-08
         193       2.325       2.325 1.13514e-08
         194       2.325       2.325 1.13221e-08
         195       2.325       2.325  1.1493e-08
         196       2.325       2.325 1.22287e-08
         197       2.325       2.325 1.21976e-08
         198       2.325       2.325 1.23497e-08
         199       2.325       2.325 1.23186e-08
         200       2.325       2.325 1.24672e-08
         201       2.325       2.325 1.26126e-08
         202       2.325       2.325 1.25813e-08
         203       2.325       2.325 1.27234e-08
         204       2.325       2.325 1.26922e-08
         205       2.325       2.325 1.28311e-08
         206       2.325       2.325    1.28e-08
         207       2.325       2.325 1.29359e-08
         208       2.325       2.325 1.30692e-08
         209       2.325       2.325 1.30379e-08
         210       2.325       2.325 1.31684e-08
         211       2.325       2.325 1.31371e-08
         212       2.325       2.325  1.3265e-08
         213       2.325       2.325 1.32338e-08
         214       2.325       2.325 1.33591e-08
         215       2.325       2.325  1.3328e-08
         216       2.325       2.325 1.34508e-08
         217       2.325       2.325 1.34198e-08
         218       2.325       2.325 1.35403e-08
         219       2.325       2.325 1.35093e-08
         220       2.325       2.325 1.36275e-08
         221       2.325       2.325 1.35967e-08
         222       2.325       2.325 1.37127e-08
         223       2.325       2.325  1.3238e-08
         224       2.325       2.325 1.33577e-08
         225       2.325       2.325 1.30285e-08
         226       2.325       2.325 1.31499e-08
         227       2.325       2.325 1.28192e-08
         228       2.325       2.325 1.29425e-08
         229       2.325       2.325 1.24555e-08
         230       2.325       2.325 1.24284e-08
         231       2.325       2.325 1.22455e-08
         232       2.325       2.325 1.22191e-08
         233       2.325       2.325 1.20355e-08
         234       2.325       2.325 1.20098e-08
         235       2.325       2.325 1.16645e-08
         236       2.325       2.325 1.16398e-08
         237       2.325       2.325 1.14528e-08
         238       2.325       2.325 1.14287e-08
         239       2.325       2.325 1.10741e-08
         240       2.325       2.325 1.12172e-08
         241       2.325       2.325 1.06886e-08
         242       2.325       2.325 1.08372e-08
         243       2.325       2.325 1.08149e-08
         244       2.325       2.325   1.045e-08
         245       2.325       2.325  1.0601e-08
         246       2.325       2.325 1.02325e-08
         247       2.325       2.325 1.03863e-08
         248       2.325       2.325 9.83346e-09
         249       2.325       2.325 9.81369e-09
         250       2.325       2.325 9.61096e-09
         251       2.325       2.325  9.5918e-09
         252       2.325       2.325  9.7551e-09
         253       2.325       2.325 9.36828e-09
         254       2.325       2.325 9.34982e-09
         255       2.325       2.325 8.95043e-09
         256       2.325       2.325 8.93293e-09
         257       2.325       2.325 8.91554e-09
         258       2.325       2.325 8.70265e-09
         259       2.325       2.325 8.68583e-09
         260       2.325       2.325 8.26568e-09
         261       2.325       2.325 8.45356e-09
         262       2.325       2.325 8.43741e-09
         263       2.325       2.325 7.79666e-09
         264       2.325       2.325 7.99512e-09
         265       2.325       2.325 7.54834e-09
         266       2.325       2.325 7.53414e-09
         267       2.325       2.325 7.73804e-09
         268       2.325       2.325 7.28187e-09
         269       2.325       2.325 7.26832e-09
         270       2.325       2.325 7.47812e-09
         271       2.325       2.325 6.77375e-09
         272       2.325       2.325 6.76129e-09
         273       2.325       2.325 6.98577e-09
         274       2.325       2.325 6.49152e-09
         275       2.325       2.325 6.47971e-09
         276       2.325       2.325 6.21421e-09
         277       2.325       2.325 6.20299e-09
         278       2.325       2.325 6.19182e-09
         279       2.325       2.325 5.64219e-09
         280       2.325       2.325 5.63211e-09
         281       2.325       2.325 5.62208e-09
         282       2.325       2.325 5.32411e-09
         283       2.325       2.325 5.31469e-09
         284       2.325       2.325 5.30533e-09
         285       2.325       2.325 4.67064e-09
         286       2.325       2.325 4.98439e-09
         287       2.325       2.325  4.9757e-09
         288       2.325       2.325  3.9268e-09
         289       2.325       2.325 4.29415e-09
         290       2.325       2.325 4.28674e-09
         291       2.325       2.325 3.49409e-09
         292       2.325       2.325  3.4881e-09
         293       2.325       2.325 3.89315e-09
         294       2.325       2.325 3.88652e-09
         295       2.325       2.325 3.00538e-09
         296       2.325       2.325 3.46445e-09
         297       2.325       2.325 3.45861e-09
         298       2.325       2.325  1.7264e-09
         299       2.325       2.325 1.72351e-09
         300       2.325       2.325 2.43335e-09
         301       2.325       2.325           0
         302       2.325       2.325           0
         303       2.325       2.325           0
         304       2.325       2.325 1.70928e-09
         305       2.325       2.325 1.70648e-09
         306       2.325       2.325 1.70369e-09
         307       2.325       2.325 1.70091e-09
         308       2.325       2.325 2.40154e-09
         309       2.325       2.325 2.39765e-09
         310       2.325       2.325 2.39378e-09
         311       2.325       2.325 2.38993e-09
         312       2.325       2.325 3.37445e-09
         313       2.325       2.325 3.36905e-09
         314       2.325       2.325 3.36368e-09
         315       2.325       2.325 3.35834e-09
         316       2.325       2.325 3.74879e-09
         317       2.325       2.325 3.74288e-09
         318       2.325       2.325 3.73699e-09
         319       2.325       2.325 4.41473e-09
         320       2.325       2.325 4.08085e-09
         321       2.325       2.325 4.07449e-09
         322       2.325       2.325 4.06816e-09
         323       2.325       2.325 4.97474e-09
         324       2.325       2.325 4.68298e-09
         325       2.325       2.325 4.67577e-09
         326       2.325       2.325  4.6686e-09
         327       2.325       2.325 5.21166e-09
         328       2.325       2.325 5.20371e-09
         329       2.325       2.325 4.92917e-09
         330       2.325       2.325 4.92169e-09
         331       2.325       2.325 5.43291e-09
         332       2.325       2.325 5.42472e-09
         333       2.325       2.325  5.1645e-09
         334       2.325       2.325 5.15676e-09
         335       2.325       2.325 5.87083e-09
         336       2.325       2.325 5.86209e-09
         337       2.325       2.325 5.85338e-09
         338       2.325       2.325 5.61542e-09
         339       2.325       2.325 5.60713e-09
         340       2.325       2.325 6.04748e-09
         341       2.325       2.325 6.03861e-09
         342       2.325       2.325 6.02977e-09
         343       2.325       2.325 5.80196e-09
         344       2.325       2.325 6.22324e-09
         345       2.325       2.325 6.21421e-09
         346       2.325       2.325 6.20523e-09
         347       2.325       2.325 6.19628e-09
         348       2.325       2.325 5.97757e-09
         349       2.325       2.325 6.57752e-09
         350       2.325       2.325 6.56811e-09
         351       2.325       2.325 6.55875e-09
         352       2.325       2.325 6.54943e-09
         353       2.325       2.325 6.72975e-09
         354       2.325       2.325 6.72024e-09
         355       2.325       2.325 6.71077e-09
         356       2.325       2.325 6.70134e-09
         357       2.325       2.325 6.69194e-09
         358       2.325       2.325 7.04407e-09
         359       2.325       2.325 6.85614e-09
         360       2.325       2.325 6.84661e-09
         361       2.325       2.325 6.83712e-09
         362       2.325       2.325 6.82767e-09
         363       2.325       2.325 7.33682e-09
         364       2.325       2.325 7.15829e-09
         365       2.325       2.325 7.14847e-09
         366       2.325       2.325  7.1387e-09
         367       2.325       2.325 7.12897e-09
         368       2.325       2.325 7.45058e-09
         369       2.325       2.325 7.44048e-09
         370       2.325       2.325 7.26709e-09
         371       2.325       2.325 7.25729e-09
         372       2.325       2.325 7.24753e-09
         373       2.325       2.325 7.55964e-09
         374       2.325       2.325 7.54953e-09
         375       2.325       2.325 7.38071e-09
         376       2.325       2.325 7.37089e-09
         377       2.325       2.325 7.36111e-09
         378       2.325       2.325 7.81611e-09
         379       2.325       2.325  7.8058e-09
         380       2.325       2.325 7.79552e-09
         381       2.325       2.325 7.93359e-09
         382       2.325       2.325 7.92319e-09
         383       2.325       2.325 8.05805e-09
         384       2.325       2.325    8.33e-09
         385       2.325       2.325 8.45669e-09
         386       2.325       2.325 8.44573e-09
         387       2.325       2.325 8.56978e-09
         388       2.325       2.325 8.55873e-09
         389       2.325       2.325 8.93942e-09
         390       2.325       2.325 8.92795e-09
         391       2.325       2.325 9.04301e-09
         392       2.325       2.325 9.03147e-09
         393       2.325       2.325 9.14439e-09
         394       2.325       2.325 9.13278e-09
         395       2.325       2.325  9.6016e-09
         396       2.325       2.325 9.58947e-09
         397       2.325       2.325 9.69348e-09
         398       2.325       2.325 9.68129e-09
         399       2.325       2.325 9.78358e-09
         400       2.325       2.325 9.77134e-09
         401       2.325       2.325 9.98353e-09
         402       2.325       2.325 1.00813e-08
         403       2.325       2.325 1.00688e-08
         404       2.325       2.325  1.0165e-08
         405       2.325       2.325 1.01525e-08
         406       2.325       2.325 1.02473e-08
         407       2.325       2.325 1.04457e-08
         408       2.325       2.325 1.05367e-08
         409       2.325       2.325 1.05238e-08
         410       2.325       2.325  1.0511e-08
         411       2.325       2.325 1.06006e-08
         412       2.325       2.325 1.05877e-08
         413       2.325       2.325 1.09741e-08
         414       2.325       2.325 1.09608e-08
         415       2.325       2.325 1.10449e-08
         416       2.325       2.325 1.10317e-08
         417       2.325       2.325 1.10184e-08
         418       2.325       2.325 1.11014e-08
         419       2.325       2.325 1.10881e-08
         420       2.325       2.325 1.13577e-08
         421       2.325       2.325 1.13442e-08
         422       2.325       2.325 1.14233e-08
         423       2.325       2.325 1.14097e-08
         424       2.325       2.325 1.13963e-08
         425       2.325       2.325 1.14743e-08
         426       2.325       2.325 1.16413e-08
         427       2.325       2.325 1.17168e-08
         428       2.325       2.325 1.17031e-08
         429       2.325       2.325 1.16894e-08
         430       2.325       2.325  1.1764e-08
         431       2.325       2.325 1.17503e-08
         432       2.325       2.325  1.1824e-08
         433       2.325       2.325  1.2068e-08
         434       2.325       2.325 1.20541e-08
         435       2.325       2.325 1.21247e-08
         436       2.325       2.325 1.21108e-08
         437       2.325       2.325 1.20969e-08
         438       2.325       2.325 1.21667e-08
         439       2.325       2.325 1.21529e-08
         440       2.325       2.325 1.22219e-08
         441       2.325       2.325 1.23719e-08
         442       2.325       2.325 1.23579e-08
         443       2.325       2.325 1.24249e-08
         444       2.325       2.325 1.24109e-08
         445       2.325       2.325  1.2397e-08
         446       2.325       2.325 1.24632e-08
         447       2.325       2.325 1.24493e-08
         448       2.325       2.325 1.26722e-08
         449       2.325       2.325 1.26581e-08
         450       2.325       2.325 1.26441e-08
         451       2.325       2.325 1.27078e-08
         452       2.325       2.325 1.26937e-08
         453       2.325       2.325 1.26797e-08
         454       2.325       2.325 1.27427e-08
         455       2.325       2.325 1.27287e-08
         456       2.325       2.325 1.29425e-08
         457       2.325       2.325 1.30032e-08
         458       2.325       2.325  1.2989e-08
         459       2.325       2.325 1.29749e-08
         460       2.325       2.325  1.3035e-08
         461       2.325       2.325 1.30209e-08
         462       2.325       2.325 1.30805e-08
         463       2.325       2.325 1.30664e-08
         464       2.325       2.325 1.31981e-08
         465       2.325       2.325 1.32562e-08
         466       2.325       2.325 1.32419e-08
         467       2.325       2.325 1.32277e-08
         468       2.325       2.325 1.32852e-08
         469       2.325       2.325  1.3271e-08
         470       2.325       2.325 1.32569e-08
         471       2.325       2.325 1.33138e-08
         472       2.325       2.325 1.34405e-08
         473       2.325       2.325 1.34263e-08
         474       2.325       2.325 1.34818e-08
         475       2.325       2.325 1.34676e-08
         476       2.325       2.325 1.34534e-08
         477       2.325       2.325 1.35084e-08
         478       2.325       2.325 1.34943e-08
         479       2.325       2.325 1.34802e-08
         480       2.325       2.325 1.36707e-08
         481       2.325       2.325 1.37239e-08
         482       2.325       2.325 1.37097e-08
         483       2.325       2.325 1.36955e-08
         484       2.325       2.325 1.37482e-08
         485       2.325       2.325  1.3734e-08
         486       2.325       2.325 1.37199e-08
         487       2.325       2.325 1.37722e-08
         488       2.325       2.325  1.3758e-08
         489       2.325       2.325 1.38755e-08
         490       2.325       2.325 1.39266e-08
         491       2.325       2.325 1.39124e-08
         492       2.325       2.325 1.38982e-08
         493       2.325       2.325 1.38841e-08
         494       2.325       2.325 1.39347e-08
         495       2.325       2.325 1.39206e-08
         496       2.325       2.325 1.39066e-08
         497       2.325       2.325 1.39568e-08
         498       2.325       2.325 1.40701e-08
         499       2.325       2.325  1.4056e-08
         500       2.325       2.325  1.4105e-08
         501       2.325       2.325 1.40909e-08
         502       2.325       2.325 1.40769e-08
         503       2.325       2.325 1.40629e-08
         504       2.325       2.325 1.41115e-08
         505       2.325       2.325 1.40975e-08
         506       2.325       2.325 1.40836e-08
         507       2.325       2.325 1.41318e-08
         508       2.325       2.325 1.43025e-08
         509       2.325       2.325 1.42884e-08
         510       2.325       2.325 1.42744e-08
         511       2.325       2.325 1.43212e-08
         512       2.325       2.325 1.43072e-08
         513       2.325       2.325 1.42933e-08
         514       2.325       2.325 1.43398e-08
         515       2.325       2.325 1.43258e-08
         516       2.325       2.325 1.43119e-08
         517       2.325       2.325 1.44178e-08
         518       2.325       2.325 1.44632e-08
         519       2.325       2.325 1.44493e-08
         520       2.325       2.325 1.44354e-08
         521       2.325       2.325 1.44215e-08
         522       2.325       2.325 1.44666e-08
         523       2.325       2.325 1.44528e-08
         524       2.325       2.325  1.4439e-08
         525       2.325       2.325 1.44838e-08
         526       2.325       2.325   1.447e-08
         527       2.325       2.325 1.44562e-08
         528       2.325       2.325 1.45586e-08
         529       2.325       2.325 1.46024e-08
         530       2.325       2.325 1.45886e-08
         531       2.325       2.325 1.45749e-08
         532       2.325       2.325 1.45612e-08
         533       2.325       2.325 1.46047e-08
         534       2.325       2.325  1.4591e-08
         535       2.325       2.325 1.45773e-08
         536       2.325       2.325 1.45637e-08
         537       2.325       2.325 1.46069e-08
         538       2.325       2.325  1.4762e-08
         539       2.325       2.325 1.47483e-08
         540       2.325       2.325 1.47347e-08
         541       2.325       2.325 1.47767e-08
         542       2.325       2.325 1.47631e-08
         543       2.325       2.325 1.47495e-08
         544       2.325       2.325 1.47359e-08
         545       2.325       2.325 1.47776e-08
         546       2.325       2.325 1.47641e-08
         547       2.325       2.325 1.47506e-08
         548       2.325       2.325 1.47371e-08
         549       2.325       2.325 1.48876e-08
         550       2.325       2.325  1.4874e-08
         551       2.325       2.325 1.48605e-08
         552       2.325       2.325 1.48471e-08
         553       2.325       2.325 1.48877e-08
         554       2.325       2.325 1.48742e-08
         555       2.325       2.325 1.48608e-08
         556       2.325       2.325 1.48475e-08
         557       2.325       2.325 1.48878e-08
         558       2.325       2.325 1.48744e-08
         559       2.325       2.325 1.48611e-08
         560       2.325       2.325 1.48478e-08
         561       2.325       2.325  1.4941e-08
         562       2.325       2.325 1.49805e-08
         563       2.325       2.325 1.49672e-08
         564       2.325       2.325 1.49539e-08
         565       2.325       2.325 1.49407e-08
         566       2.325       2.325 1.49799e-08
         567       2.325       2.325 1.49667e-08
         568       2.325       2.325 1.49535e-08
         569       2.325       2.325 1.49404e-08
         570       2.325       2.325 1.49794e-08
         571       2.325       2.325 1.49663e-08
         572       2.325       2.325 1.49532e-08
         573       2.325       2.325 1.50435e-08
         574       2.325       2.325 1.50304e-08
         575       2.325       2.325 1.50687e-08
         576       2.325       2.325 1.50556e-08
         577       2.325       2.325 1.50425e-08
         578       2.325       2.325 1.50295e-08
         579       2.325       2.325 1.50675e-08
         580       2.325       2.325 1.50545e-08
         581       2.325       2.325 1.50416e-08
         582       2.325       2.325 1.50286e-08
         583       2.325       2.325 1.50157e-08
         584       2.325       2.325 1.50535e-08
         585       2.325       2.325 1.50406e-08
         586       2.325       2.325 1.51783e-08
         587       2.325       2.325 1.51654e-08
         588       2.325       2.325 1.51525e-08
         589       2.325       2.325 1.51893e-08
         590       2.325       2.325 1.51764e-08
         591       2.325       2.325 1.51636e-08
         592       2.325       2.325 1.51508e-08
         593       2.325       2.325 1.51874e-08
         594       2.325       2.325 1.51746e-08
         595       2.325       2.325 1.51618e-08
         596       2.325       2.325 1.51491e-08
         597       2.325       2.325 1.51364e-08
         598       2.325       2.325 1.51728e-08
         599       2.325       2.325 1.52576e-08
         600       2.325       2.325 1.52449e-08
         601       2.325       2.325 1.52322e-08
         602       2.325       2.325 1.52195e-08
         603       2.325       2.325 1.52553e-08
         604       2.325       2.325 1.52426e-08
         605       2.325       2.325   1.523e-08
         606       2.325       2.325 1.52175e-08
         607       2.325       2.325 1.52049e-08
         608       2.325       2.325 1.52404e-08
         609       2.325       2.325 1.52279e-08
         610       2.325       2.325 1.52154e-08
         611       2.325       2.325  1.5203e-08
         612       2.325       2.325 1.51905e-08
         613       2.325       2.325 1.53207e-08
         614       2.325       2.325 1.53082e-08
         615       2.325       2.325 1.52957e-08
         616       2.325       2.325 1.52833e-08
         617       2.325       2.325 1.52709e-08
         618       2.325       2.325 1.53056e-08
         619       2.325       2.325 1.52932e-08
         620       2.325       2.325 1.52809e-08
         621       2.325       2.325 1.52686e-08
         622       2.325       2.325 1.52563e-08
         623       2.325       2.325  1.5244e-08
         624       2.325       2.325 1.52785e-08
         625       2.325       2.325 1.52662e-08
         626       2.325       2.325  1.5254e-08
         627       2.325       2.325 1.53806e-08
         628       2.325       2.325 1.53684e-08
         629       2.325       2.325 1.54021e-08
         630       2.325       2.325 1.53899e-08
         631       2.325       2.325 1.53777e-08
         632       2.325       2.325 1.53655e-08
         633       2.325       2.325 1.53533e-08
         634       2.325       2.325 1.53868e-08
         635       2.325       2.325 1.53747e-08
         636       2.325       2.325 1.53626e-08
         637       2.325       2.325 1.53505e-08
         638       2.325       2.325 1.53385e-08
         639       2.325       2.325 1.53265e-08
         640       2.325       2.325 1.53598e-08
         641       2.325       2.325 1.53478e-08
         642       2.325       2.325 1.54258e-08
         643       2.325       2.325 1.54138e-08
         644       2.325       2.325 1.54018e-08
         645       2.325       2.325 1.53899e-08
         646       2.325       2.325 1.54226e-08
         647       2.325       2.325 1.54107e-08
         648       2.325       2.325 1.53988e-08
         649       2.325       2.325 1.53869e-08
         650       2.325       2.325  1.5375e-08
         651       2.325       2.325 1.54076e-08
         652       2.325       2.325 1.53958e-08
         653       2.325       2.325  1.5384e-08
         654       2.325       2.325 1.53722e-08
         655       2.325       2.325 1.53605e-08
         656       2.325       2.325 1.53487e-08
         657       2.325       2.325 1.53811e-08
         658       2.325       2.325 1.54569e-08
         659       2.325       2.325 1.54452e-08
         660       2.325       2.325 1.54335e-08
         661       2.325       2.325 1.54218e-08
         662       2.325       2.325 1.54102e-08
         663       2.325       2.325  1.5442e-08
         664       2.325       2.325 1.54304e-08
         665       2.325       2.325 1.54188e-08
         666       2.325       2.325 1.54072e-08
         667       2.325       2.325 1.53956e-08
         668       2.325       2.325 1.53841e-08
         669       2.325       2.325 1.54157e-08
         670       2.325       2.325 1.54042e-08
         671       2.325       2.325 1.53927e-08
         672       2.325       2.325 1.53813e-08
         673       2.325       2.325 1.53698e-08
         674       2.325       2.325 1.53584e-08
         675       2.325       2.325 1.55176e-08
         676       2.325       2.325 1.55061e-08
         677       2.325       2.325 1.54946e-08
         678       2.325       2.325 1.54832e-08
         679       2.325       2.325 1.54718e-08
         680       2.325       2.325 1.54604e-08
         681       2.325       2.325 1.54491e-08
         682       2.325       2.325 1.54799e-08
         683       2.325       2.325 1.54685e-08
         684       2.325       2.325 1.54572e-08
         685       2.325       2.325 1.54459e-08
         686       2.325       2.325 1.54347e-08
         687       2.325       2.325 1.54234e-08
         688       2.325       2.325  1.5454e-08
         689       2.325       2.325 1.54428e-08
         690       2.325       2.325 1.54316e-08
         691       2.325       2.325 1.54204e-08
         692       2.325       2.325 1.54924e-08
         693       2.325       2.325 1.54812e-08
         694       2.325       2.325 1.55113e-08
         695       2.325       2.325 1.55002e-08
         696       2.325       2.325  1.5489e-08
         697       2.325       2.325 1.54779e-08
         698       2.325       2.325 1.54668e-08
         699       2.325       2.325 1.54558e-08
         700       2.325       2.325 1.54447e-08
         701       2.325       2.325 1.54747e-08
         702       2.325       2.325 1.54637e-08
         703       2.325       2.325 1.54527e-08
         704       2.325       2.325 1.54417e-08
         705       2.325       2.325 1.54307e-08
         706       2.325       2.325 1.54198e-08
         707       2.325       2.325 1.54089e-08
         708       2.325       2.325 1.54387e-08
         709       2.325       2.325 1.54278e-08
         710       2.325       2.325 1.54979e-08
         711       2.325       2.325  1.5487e-08
         712       2.325       2.325 1.54761e-08
         713       2.325       2.325 1.54652e-08
         714       2.325       2.325 1.54544e-08
         715       2.325       2.325 1.54837e-08
         716       2.325       2.325 1.54729e-08
         717       2.325       2.325 1.54621e-08
         718       2.325       2.325 1.54514e-08
         719       2.325       2.325 1.54406e-08
         720       2.325       2.325 1.54299e-08
         721       2.325       2.325 1.54192e-08
         722       2.325       2.325 1.54484e-08
         723       2.325       2.325 1.54377e-08
         724       2.325       2.325  1.5427e-08
         725       2.325       2.325 1.54164e-08
         726       2.325       2.325 1.54057e-08
         727       2.325       2.325 1.53951e-08
         728       2.325       2.325 1.53846e-08
         729       2.325       2.325 1.54136e-08
         730       2.325       2.325 1.55211e-08
         731       2.325       2.325 1.55104e-08
         732       2.325       2.325 1.54998e-08
         733       2.325       2.325 1.54893e-08
         734       2.325       2.325 1.54787e-08
         735       2.325       2.325 1.54682e-08
         736       2.325       2.325 1.54966e-08
         737       2.325       2.325 1.54861e-08
         738       2.325       2.325 1.54756e-08
         739       2.325       2.325 1.54652e-08
         740       2.325       2.325 1.54547e-08
         741       2.325       2.325 1.54443e-08
         742       2.325       2.325 1.54339e-08
         743       2.325       2.325 1.54235e-08
         744       2.325       2.325 1.54518e-08
         745       2.325       2.325 1.54414e-08
         746       2.325       2.325 1.54311e-08
         747       2.325       2.325 1.54207e-08
         748       2.325       2.325 1.54104e-08
         749       2.325       2.325 1.54001e-08
         750       2.325       2.325 1.54666e-08
         751       2.325       2.325 1.54945e-08
         752       2.325       2.325 1.54842e-08
         753       2.325       2.325 1.54739e-08
         754       2.325       2.325 1.54637e-08
         755       2.325       2.325 1.54534e-08
         756       2.325       2.325 1.54432e-08
         757       2.325       2.325  1.5433e-08
         758       2.325       2.325 1.54228e-08
         759       2.325       2.325 1.53746e-08
         760       2.325       2.325 1.53645e-08
         761       2.325       2.325 1.53164e-08
         762       2.325       2.325 1.53063e-08
         763       2.325       2.325 1.52582e-08
         764       2.325       2.325   1.521e-08
         765       2.325       2.325 1.52001e-08
         766       2.325       2.325 1.51519e-08
         767       2.325       2.325 1.51421e-08
         768       2.325       2.325 1.50939e-08
         769       2.325       2.325 1.50841e-08
         770       2.325       2.325  1.5036e-08
         771       2.325       2.325 1.50263e-08
         772       2.325       2.325 1.50548e-08
         773       2.325       2.325  1.5045e-08
         774       2.325       2.325 1.49971e-08
         775       2.325       2.325 1.49874e-08
         776       2.325       2.325 1.49395e-08
         777       2.325       2.325 1.49299e-08
         778       2.325       2.325  1.4882e-08
         779       2.325       2.325 1.48724e-08
         780       2.325       2.325 1.48245e-08
         781       2.325       2.325 1.48151e-08
         782       2.325       2.325 1.47672e-08
         783       2.325       2.325 1.47193e-08
         784       2.325       2.325 1.47099e-08
         785       2.325       2.325  1.4662e-08
         786       2.325       2.325 1.46526e-08
         787       2.325       2.325 1.46047e-08
         788       2.325       2.325 1.45955e-08
         789       2.325       2.325 1.45476e-08
         790       2.325       2.325 1.45384e-08
         791       2.325       2.325 1.44905e-08
         792       2.325       2.325 1.44813e-08
         793       2.325       2.325 1.44334e-08
         794       2.325       2.325 1.44244e-08
         795       2.325       2.325 1.44926e-08
         796       2.325       2.325 1.44835e-08
         797       2.325       2.325 1.44358e-08
         798       2.325       2.325 1.44268e-08
         799       2.325       2.325 1.43791e-08
         800       2.325       2.325 1.43702e-08
         801       2.325       2.325 1.43225e-08
         802       2.325       2.325 1.43136e-08
         803       2.325       2.325  1.4266e-08
         804       2.325       2.325 1.42571e-08
         805       2.325       2.325 1.42482e-08
         806       2.325       2.325 1.42006e-08
         807       2.325       2.325 1.41918e-08
         808       2.325       2.325 1.41443e-08
         809       2.325       2.325 1.41355e-08
         810       2.325       2.325 1.40879e-08
         811       2.325       2.325 1.40792e-08
         812       2.325       2.325 1.40316e-08
         813       2.325       2.325  1.4023e-08
         814       2.325       2.325 1.39754e-08
         815       2.325       2.325 1.39668e-08
         816       2.325       2.325 1.39192e-08
         817       2.325       2.325 1.39107e-08
         818       2.325       2.325 1.38631e-08
         819       2.325       2.325 1.38546e-08
         820       2.325       2.325 1.38852e-08
         821       2.325       2.325 1.38768e-08
         822       2.325       2.325 1.38293e-08
         823       2.325       2.325 1.38209e-08
         824       2.325       2.325 1.38125e-08
         825       2.325       2.325 1.37651e-08
         826       2.325       2.325 1.37568e-08
         827       2.325       2.325 1.37093e-08
         828       2.325       2.325 1.37011e-08
         829       2.325       2.325 1.36536e-08
         830       2.325       2.325 1.36454e-08
         831       2.325       2.325 1.35979e-08
         832       2.325       2.325 1.35898e-08
         833       2.325       2.325 1.35423e-08
         834       2.325       2.325 1.35342e-08
         835       2.325       2.325 1.34867e-08
         836       2.325       2.325 1.34786e-08
         837       2.325       2.325 1.34706e-08
         838       2.325       2.325 1.34231e-08
         839       2.325       2.325 1.34151e-08
         840       2.325       2.325 1.33676e-08
         841       2.325       2.325 1.33597e-08
         842       2.325       2.325 1.33122e-08
         843       2.325       2.325 1.33043e-08
         844       2.325       2.325 1.32568e-08
         845       2.325       2.325 1.32489e-08
         846       2.325       2.325 1.33201e-08
         847       2.325       2.325 1.32728e-08
         848       2.325       2.325  1.3265e-08
         849       2.325       2.325 1.32177e-08
         850       2.325       2.325 1.32099e-08
         851       2.325       2.325 1.31625e-08
         852       2.325       2.325 1.31548e-08
         853       2.325       2.325 1.31471e-08
         854       2.325       2.325 1.30998e-08
         855       2.325       2.325 1.30921e-08
         856       2.325       2.325 1.30447e-08
         857       2.325       2.325 1.30371e-08
         858       2.325       2.325 1.29897e-08
         859       2.325       2.325 1.29822e-08
         860       2.325       2.325 1.29746e-08
         861       2.325       2.325 1.29272e-08
         862       2.325       2.325 1.29197e-08
         863       2.325       2.325 1.28723e-08
         864       2.325       2.325 1.28649e-08
         865       2.325       2.325 1.28175e-08
         866       2.325       2.325 1.28101e-08
         867       2.325       2.325 1.28027e-08
         868       2.325       2.325 1.27552e-08
         869       2.325       2.325 1.27479e-08
         870       2.325       2.325 1.27004e-08
         871       2.325       2.325 1.26932e-08
         872       2.325       2.325 1.26859e-08
         873       2.325       2.325 1.27586e-08
         874       2.325       2.325 1.27513e-08
         875       2.325       2.325 1.27041e-08
         876       2.325       2.325 1.26969e-08
         877       2.325       2.325 1.26497e-08
         878       2.325       2.325 1.26425e-08
         879       2.325       2.325 1.26353e-08
         880       2.325       2.325 1.25881e-08
         881       2.325       2.325 1.24601e-08
         882       2.325       2.325 1.24126e-08
         883       2.325       2.325 1.23242e-08
         884       2.325       2.325 1.23172e-08
         885       2.325       2.325 1.21874e-08
         886       2.325       2.325 1.20564e-08
         887       2.325       2.325  1.2008e-08
         888       2.325       2.325 1.19176e-08
         889       2.325       2.325 1.19109e-08
         890       2.325       2.325 1.17778e-08
         891       2.325       2.325 1.17711e-08
         892       2.325       2.325  1.1594e-08
         893       2.325       2.325 1.15875e-08
         894       2.325       2.325  1.1495e-08
         895       2.325       2.325 1.14453e-08
         896       2.325       2.325 1.13519e-08
         897       2.325       2.325 1.13018e-08
         898       2.325       2.325 1.11634e-08
         899       2.325       2.325 1.11572e-08
         900       2.325       2.325 1.10175e-08
         901       2.325       2.325 1.10113e-08
         902       2.325       2.325 1.09154e-08
         903       2.325       2.325 1.07275e-08
         904       2.325       2.325 1.07216e-08
         905       2.325       2.325 1.05774e-08
         906       2.325       2.325 1.05715e-08
         907       2.325       2.325 1.04726e-08
         908       2.325       2.325   1.042e-08
         909       2.325       2.325 1.02726e-08
         910       2.325       2.325 1.02193e-08
         911       2.325       2.325 1.01178e-08
         912       2.325       2.325 1.01122e-08
         913       2.325       2.325 9.96127e-09
         914       2.325       2.325 9.95582e-09
         915       2.325       2.325 9.85234e-09
         916       2.325       2.325 9.79761e-09
         917       2.325       2.325 9.64275e-09
         918       2.325       2.325 9.58717e-09
         919       2.325       2.325 9.48056e-09
         920       2.325       2.325  9.4754e-09
         921       2.325       2.325 9.31626e-09
         922       2.325       2.325 9.31121e-09
         923       2.325       2.325 9.14974e-09
         924       2.325       2.325 9.09208e-09
         925       2.325       2.325 8.98088e-09
         926       2.325       2.325 8.92244e-09
         927       2.325       2.325 8.80953e-09
         928       2.325       2.325 8.80478e-09
         929       2.325       2.325 8.58001e-09
         930       2.325       2.325 8.57539e-09
         931       2.325       2.325 8.45874e-09
         932       2.325       2.325 8.39765e-09
         933       2.325       2.325 8.27896e-09
         934       2.325       2.325 8.27452e-09
         935       2.325       2.325 8.03709e-09
         936       2.325       2.325 8.03279e-09
         937       2.325       2.325 7.90956e-09
         938       2.325       2.325 7.84522e-09
         939       2.325       2.325 7.71947e-09
         940       2.325       2.325 7.65389e-09
         941       2.325       2.325 7.64982e-09
         942       2.325       2.325 7.45849e-09
         943       2.325       2.325 7.39109e-09
         944       2.325       2.325 7.25869e-09
         945       2.325       2.325 7.25485e-09
         946       2.325       2.325 7.05411e-09
         947       2.325       2.325 7.05039e-09
         948       2.325       2.325 6.84433e-09
         949       2.325       2.325 6.77197e-09
         950       2.325       2.325 6.62884e-09
         951       2.325       2.325 6.62535e-09
         952       2.325       2.325 6.40705e-09
         953       2.325       2.325 6.40369e-09
         954       2.325       2.325 6.17828e-09
         955       2.325       2.325 6.09928e-09
         956       2.325       2.325 5.94173e-09
         957       2.325       2.325 5.85996e-09
         958       2.325       2.325 5.85691e-09
         959       2.325       2.325 5.69344e-09
         960       2.325       2.325 5.60859e-09
         961       2.325       2.325 5.35266e-09
         962       2.325       2.325 5.34987e-09
         963       2.325       2.325 5.08178e-09
         964       2.325       2.325 5.07914e-09
         965       2.325       2.325 4.89185e-09
         966       2.325       2.325 4.79437e-09
         967       2.325       2.325 4.49519e-09
         968       2.325       2.325 4.49287e-09
         969       2.325       2.325 4.17316e-09
         970       2.325       2.325 4.17101e-09
         971       2.325       2.325 4.16886e-09
         972       2.325       2.325 3.82364e-09
         973       2.325       2.325 3.82167e-09
         974       2.325       2.325 3.44304e-09
         975       2.325       2.325 3.30627e-09
         976       2.325       2.325 3.01665e-09
         977       2.325       2.325 3.01511e-09
         978       2.325       2.325 2.52133e-09
         979       2.325       2.325 2.52004e-09
         980       2.325       2.325 2.51876e-09
         981       2.325       2.325 1.64807e-09
         982       2.325       2.325 1.64723e-09
         983       2.325       2.325 9.50546e-10
         984       2.325       2.325           0
         985       2.325       2.325 1.34291e-09
         986       2.325       2.325 1.34223e-09
         987       2.325       2.325 1.34155e-09
         988       2.325       2.325 2.32245e-09
         989       2.325       2.325 2.32128e-09
         990       2.325       2.325 2.67903e-09
         991       2.325       2.325 2.84011e-09
         992       2.325       2.325 3.13827e-09
         993       2.325       2.325 3.13669e-09
         994       2.325       2.325 3.66102e-09
         995       2.325       2.325 3.65918e-09
         996       2.325       2.325 3.65735e-09
         997       2.325       2.325 4.00441e-09
         998       2.325       2.325 4.00241e-09
         999       2.325       2.325 4.21679e-09
        1000       2.325       2.325 4.31877e-09
        1001       2.325       2.325 4.31661e-09
        1002       2.325       2.325 4.51523e-09
        1003       2.325       2.325 4.61005e-09
        1004       2.325       2.325 4.88726e-09
        1005       2.325       2.325 4.88482e-09
        1006       2.325       2.325  5.1465e-09
        1007       2.325       2.325 5.14394e-09
        1008       2.325       2.325 5.14139e-09
        1009       2.325       2.325 5.30737e-09
        1010       2.325       2.325 5.38699e-09
        1011       2.325       2.325 5.62375e-09
        1012       2.325       2.325 5.62097e-09
        1013       2.325       2.325  5.8476e-09
        1014       2.325       2.325 5.84472e-09
        1015       2.325       2.325 5.84184e-09
        1016       2.325       2.325 6.05938e-09
        1017       2.325       2.325  6.0564e-09
        1018       2.325       2.325 6.26589e-09
        1019       2.325       2.325 6.26281e-09
        1020       2.325       2.325 6.32891e-09
        1021       2.325       2.325 6.46186e-09
        1022       2.325       2.325  6.4587e-09
        1023       2.325       2.325 6.65422e-09
        1024       2.325       2.325 6.65097e-09
        1025       2.325       2.325 6.64773e-09
        1026       2.325       2.325 6.90014e-09
        1027       2.325       2.325 6.89678e-09
        1028       2.325       2.325 7.01764e-09
        1029       2.325       2.325 7.01423e-09
        1030       2.325       2.325 7.07205e-09
        1031       2.325       2.325 7.18946e-09
        1032       2.325       2.325 7.18598e-09
        1033       2.325       2.325 7.41805e-09
        1034       2.325       2.325 7.41447e-09
        1035       2.325       2.325 7.41088e-09
        1036       2.325       2.325 7.57893e-09
        1037       2.325       2.325 7.57527e-09
        1038       2.325       2.325  7.6838e-09
        1039       2.325       2.325  7.6801e-09
        1040       2.325       2.325 7.73183e-09
        1041       2.325       2.325 7.89198e-09
        1042       2.325       2.325  7.8882e-09
        1043       2.325       2.325 8.04479e-09
        1044       2.325       2.325 8.04094e-09
        1045       2.325       2.325 8.03709e-09
        1046       2.325       2.325 8.13826e-09
        1047       2.325       2.325 8.18635e-09
        1048       2.325       2.325 8.18244e-09
        1049       2.325       2.325 8.33238e-09
        1050       2.325       2.325 8.37904e-09
        1051       2.325       2.325 8.47536e-09
        1052       2.325       2.325 8.47133e-09
        1053       2.325       2.325 8.46731e-09
        1054       2.325       2.325 8.61135e-09
        1055       2.325       2.325 8.60727e-09
        1056       2.325       2.325 8.74861e-09
        1057       2.325       2.325 8.79238e-09
        1058       2.325       2.325 8.78823e-09
        1059       2.325       2.325 8.87904e-09
        1060       2.325       2.325 8.87485e-09
        1061       2.325       2.325 8.91773e-09
        1062       2.325       2.325 9.00687e-09
        1063       2.325       2.325 9.00263e-09
        1064       2.325       2.325 9.18206e-09
        1065       2.325       2.325 9.17775e-09
        1066       2.325       2.325 9.17344e-09
        1067       2.325       2.325 9.25948e-09
        1068       2.325       2.325 9.29996e-09
        1069       2.325       2.325 9.29561e-09
        1070       2.325       2.325 9.38018e-09
        1071       2.325       2.325  9.3758e-09
        1072       2.325       2.325 9.54661e-09
        1073       2.325       2.325 9.54216e-09
        1074       2.325       2.325 9.53771e-09
        1075       2.325       2.325  9.6624e-09
        1076       2.325       2.325 9.65791e-09
        1077       2.325       2.325 9.65343e-09
        1078       2.325       2.325 9.73396e-09
        1079       2.325       2.325 9.77166e-09
        1080       2.325       2.325 9.76714e-09
        1081       2.325       2.325 9.88805e-09
        1082       2.325       2.325 9.88348e-09
        1083       2.325       2.325 1.00027e-08
        1084       2.325       2.325 9.99805e-09
        1085       2.325       2.325 9.99344e-09
        1086       2.325       2.325 1.01109e-08
        1087       2.325       2.325 1.01063e-08
        1088       2.325       2.325 1.01016e-08
        1089       2.325       2.325 1.02174e-08
        1090       2.325       2.325 1.02525e-08
        1091       2.325       2.325 1.02478e-08
        1092       2.325       2.325 1.03223e-08
        1093       2.325       2.325 1.03175e-08
        1094       2.325       2.325 1.03521e-08
        1095       2.325       2.325 1.04255e-08
        1096       2.325       2.325 1.04207e-08
        1097       2.325       2.325 1.05319e-08
        1098       2.325       2.325 1.05655e-08
        1099       2.325       2.325 1.05607e-08
        1100       2.325       2.325 1.06321e-08
        1101       2.325       2.325 1.06272e-08
        1102       2.325       2.325 1.06603e-08
        1103       2.325       2.325 1.07308e-08
        1104       2.325       2.325 1.07259e-08
        1105       2.325       2.325 1.07585e-08
        1106       2.325       2.325  1.0828e-08
        1107       2.325       2.325 1.08231e-08
        1108       2.325       2.325 1.08182e-08
        1109       2.325       2.325 1.09605e-08
        1110       2.325       2.325 1.09556e-08
        1111       2.325       2.325 1.09506e-08
        1112       2.325       2.325 1.10184e-08
        1113       2.325       2.325 1.10496e-08
        1114       2.325       2.325 1.10447e-08
        1115       2.325       2.325 1.11116e-08
        1116       2.325       2.325 1.11067e-08
        1117       2.325       2.325 1.11375e-08
        1118       2.325       2.325  1.1239e-08
        1119       2.325       2.325  1.1234e-08
        1120       2.325       2.325  1.1229e-08
        1121       2.325       2.325 1.13293e-08
        1122       2.325       2.325 1.13243e-08
        1123       2.325       2.325 1.13193e-08
        1124       2.325       2.325 1.13838e-08
        1125       2.325       2.325 1.14134e-08
        1126       2.325       2.325 1.15116e-08
        1127       2.325       2.325 1.15065e-08
        1128       2.325       2.325 1.15014e-08
        1129       2.325       2.325 1.15985e-08
        1130       2.325       2.325 1.15933e-08
        1131       2.325       2.325 1.15882e-08
        1132       2.325       2.325 1.15831e-08
        1133       2.325       2.325 1.16791e-08
        1134       2.325       2.325  1.1674e-08
        1135       2.325       2.325 1.16688e-08
        1136       2.325       2.325 1.17638e-08
        1137       2.325       2.325 1.17918e-08
        1138       2.325       2.325 1.17866e-08
        1139       2.325       2.325 1.18474e-08
        1140       2.325       2.325 1.18422e-08
        1141       2.325       2.325 1.18371e-08
        1142       2.325       2.325 1.19301e-08
        1143       2.325       2.325 1.19248e-08
        1144       2.325       2.325 1.19196e-08
        1145       2.325       2.325 1.20117e-08
        1146       2.325       2.325 1.20387e-08
        1147       2.325       2.325 1.20334e-08
        1148       2.325       2.325 1.20923e-08
        1149       2.325       2.325 1.20871e-08
        1150       2.325       2.325 1.21137e-08
        1151       2.325       2.325  1.2172e-08
        1152       2.325       2.325 1.21667e-08
        1153       2.325       2.325 1.21615e-08
        1154       2.325       2.325 1.22822e-08
        1155       2.325       2.325 1.22769e-08
        1156       2.325       2.325 1.22715e-08
        1157       2.325       2.325 1.23287e-08
        1158       2.325       2.325 1.23544e-08
        1159       2.325       2.325 1.23491e-08
        1160       2.325       2.325 1.24056e-08
        1161       2.325       2.325 1.24003e-08
        1162       2.325       2.325  1.2395e-08
        1163       2.325       2.325 1.24204e-08
        1164       2.325       2.325 1.25069e-08
        1165       2.325       2.325 1.25016e-08
        1166       2.325       2.325 1.24962e-08
        1167       2.325       2.325 1.25819e-08
        1168       2.325       2.325 1.25765e-08
        1169       2.325       2.325 1.25711e-08
        1170       2.325       2.325  1.2626e-08
        1171       2.325       2.325 1.26507e-08
        1172       2.325       2.325 1.26453e-08
        1173       2.325       2.325 1.27294e-08
        1174       2.325       2.325  1.2724e-08
        1175       2.325       2.325 1.27186e-08
        1176       2.325       2.325  1.2802e-08
        1177       2.325       2.325 1.27965e-08
        1178       2.325       2.325 1.27911e-08
        1179       2.325       2.325 1.27857e-08
        1180       2.325       2.325 1.28683e-08
        1181       2.325       2.325 1.28628e-08
        1182       2.325       2.325 1.28574e-08
        1183       2.325       2.325 1.29393e-08
        1184       2.325       2.325 1.29338e-08
        1185       2.325       2.325 1.29573e-08
        1186       2.325       2.325 1.30095e-08
        1187       2.325       2.325 1.30041e-08
        1188       2.325       2.325 1.29986e-08
        1189       2.325       2.325 1.30218e-08
        1190       2.325       2.325 1.30736e-08
        1191       2.325       2.325 1.30681e-08
        1192       2.325       2.325 1.30626e-08
        1193       2.325       2.325 1.31424e-08
        1194       2.325       2.325 1.31652e-08
        1195       2.325       2.325 1.31596e-08
        1196       2.325       2.325 1.32105e-08
        1197       2.325       2.325  1.3205e-08
        1198       2.325       2.325 1.32275e-08
        1199       2.325       2.325  1.3222e-08
        1200       2.325       2.325 1.32724e-08
        1201       2.325       2.325 1.32668e-08
        1202       2.325       2.325 1.32613e-08
        1203       2.325       2.325 1.33667e-08
        1204       2.325       2.325 1.33612e-08
        1205       2.325       2.325 1.33556e-08
        1206       2.325       2.325 1.33501e-08
        1207       2.325       2.325  1.3427e-08
        1208       2.325       2.325 1.34215e-08
        1209       2.325       2.325 1.34159e-08
        1210       2.325       2.325  1.3465e-08
        1211       2.325       2.325 1.34594e-08
        1212       2.325       2.325 1.34811e-08
        1213       2.325       2.325 1.35568e-08
        1214       2.325       2.325 1.35512e-08
        1215       2.325       2.325 1.35456e-08
        1216       2.325       2.325   1.354e-08
        1217       2.325       2.325 1.36151e-08
        1218       2.325       2.325 1.36095e-08
        1219       2.325       2.325  1.3604e-08
        1220       2.325       2.325 1.36518e-08
        1221       2.325       2.325 1.36728e-08
        1222       2.325       2.325 1.36672e-08
        1223       2.325       2.325 1.36617e-08
        1224       2.325       2.325 1.37356e-08
        1225       2.325       2.325 1.37299e-08
        1226       2.325       2.325 1.37507e-08
        1227       2.325       2.325 1.37451e-08
        1228       2.325       2.325  1.3792e-08
        1229       2.325       2.325 1.37864e-08
        1230       2.325       2.325 1.37808e-08
        1231       2.325       2.325 1.38536e-08
        1232       2.325       2.325  1.3848e-08
        1233       2.325       2.325 1.38423e-08
        1234       2.325       2.325 1.38367e-08
        1235       2.325       2.325  1.3883e-08
        1236       2.325       2.325 1.39033e-08
        1237       2.325       2.325 1.38977e-08
        1238       2.325       2.325 1.39693e-08
        1239       2.325       2.325 1.39636e-08
        1240       2.325       2.325  1.3958e-08
        1241       2.325       2.325  1.3978e-08
        1242       2.325       2.325 1.40235e-08
        1243       2.325       2.325 1.40178e-08
        1244       2.325       2.325 1.40122e-08
        1245       2.325       2.325 1.40066e-08
        1246       2.325       2.325 1.40771e-08
        1247       2.325       2.325 1.40715e-08
        1248       2.325       2.325 1.40658e-08
        1249       2.325       2.325 1.41359e-08
        1250       2.325       2.325 1.41553e-08
        1251       2.325       2.325 1.41497e-08
        1252       2.325       2.325  1.4144e-08
        1253       2.325       2.325 1.41884e-08
        1254       2.325       2.325 1.41828e-08
        1255       2.325       2.325  1.4202e-08
        1256       2.325       2.325 1.41964e-08
        1257       2.325       2.325 1.42404e-08
        1258       2.325       2.325 1.42348e-08
        1259       2.325       2.325 1.42291e-08
        1260       2.325       2.325 1.43223e-08
        1261       2.325       2.325 1.43166e-08
        1262       2.325       2.325 1.43109e-08
        1263       2.325       2.325 1.43052e-08
        1264       2.325       2.325 1.43486e-08
        1265       2.325       2.325  1.4343e-08
        1266       2.325       2.325 1.43617e-08
        1267       2.325       2.325 1.43561e-08
        1268       2.325       2.325 1.43991e-08
        1269       2.325       2.325 1.43935e-08
        1270       2.325       2.325 1.43878e-08
        1271       2.325       2.325 1.44064e-08
        1272       2.325       2.325 1.44733e-08
        1273       2.325       2.325 1.44676e-08
        1274       2.325       2.325 1.44619e-08
        1275       2.325       2.325 1.45044e-08
        1276       2.325       2.325 1.45227e-08
        1277       2.325       2.325  1.4517e-08
        1278       2.325       2.325 1.45113e-08
        1279       2.325       2.325 1.45534e-08
        1280       2.325       2.325 1.45477e-08
        1281       2.325       2.325 1.45659e-08
        1282       2.325       2.325 1.45602e-08
        1283       2.325       2.325 1.46257e-08
        1284       2.325       2.325   1.462e-08
        1285       2.325       2.325 1.46143e-08
        1286       2.325       2.325 1.46322e-08
        1287       2.325       2.325 1.46736e-08
        1288       2.325       2.325  1.4668e-08
        1289       2.325       2.325 1.46623e-08
        1290       2.325       2.325 1.46566e-08
        1291       2.325       2.325 1.46978e-08
        1292       2.325       2.325 1.47155e-08
        1293       2.325       2.325 1.47098e-08
        1294       2.325       2.325 1.47041e-08
        1295       2.325       2.325 1.47682e-08
        1296       2.325       2.325 1.47625e-08
        1297       2.325       2.325   1.478e-08
        1298       2.325       2.325 1.47743e-08
        1299       2.325       2.325 1.48149e-08
        1300       2.325       2.325 1.48092e-08
        1301       2.325       2.325 1.48035e-08
        1302       2.325       2.325 1.48208e-08
        1303       2.325       2.325 1.48611e-08
        1304       2.325       2.325 1.48554e-08
        1305       2.325       2.325 1.48497e-08
        1306       2.325       2.325  1.4844e-08
        1307       2.325       2.325 1.49069e-08
        1308       2.325       2.325 1.49239e-08
        1309       2.325       2.325 1.49182e-08
        1310       2.325       2.325 1.49125e-08
        1311       2.325       2.325 1.49522e-08
        1312       2.325       2.325 1.49465e-08
        1313       2.325       2.325 1.49635e-08
        1314       2.325       2.325 1.49578e-08
        1315       2.325       2.325 1.49972e-08
        1316       2.325       2.325 1.49915e-08
        1317       2.325       2.325 1.49858e-08
        1318       2.325       2.325 1.49801e-08
        1319       2.325       2.325 1.50641e-08
        1320       2.325       2.325 1.50584e-08
        1321       2.325       2.325 1.50527e-08
        1322       2.325       2.325  1.5047e-08
        1323       2.325       2.325 1.50859e-08
        1324       2.325       2.325 1.51024e-08
        1325       2.325       2.325 1.50967e-08
        1326       2.325       2.325  1.5091e-08
        1327       2.325       2.325 1.51296e-08
        1328       2.325       2.325 1.51239e-08
        1329       2.325       2.325 1.51182e-08
        1330       2.325       2.325 1.51346e-08
        1331       2.325       2.325 1.51289e-08
        1332       2.325       2.325 1.51892e-08
        1333       2.325       2.325 1.51835e-08
        1334       2.325       2.325 1.51778e-08
        1335       2.325       2.325 1.51941e-08
        1336       2.325       2.325 1.52321e-08
        1337       2.325       2.325 1.52264e-08
        1338       2.325       2.325 1.52207e-08
        1339       2.325       2.325  1.5215e-08
        1340       2.325       2.325 1.52529e-08
        1341       2.325       2.325 1.52689e-08
        1342       2.325       2.325 1.52632e-08
        1343       2.325       2.325 1.52575e-08
        1344       2.325       2.325 1.53167e-08
        1345       2.325       2.325  1.5311e-08
        1346       2.325       2.325 1.53053e-08
        1347       2.325       2.325 1.53211e-08
        1348       2.325       2.325 1.53584e-08
        1349       2.325       2.325 1.53527e-08
        1350       2.325       2.325  1.5347e-08
        1351       2.325       2.325 1.53414e-08
        1352       2.325       2.325 1.53357e-08
        1353       2.325       2.325 1.53941e-08
        1354       2.325       2.325 1.53884e-08
        1355       2.325       2.325 1.53828e-08
        1356       2.325       2.325 1.53771e-08
        1357       2.325       2.325 1.54352e-08
        1358       2.325       2.325 1.54506e-08
        1359       2.325       2.325  1.5445e-08
        1360       2.325       2.325 1.54393e-08
        1361       2.325       2.325 1.54758e-08
        1362       2.325       2.325 1.54702e-08
        1363       2.325       2.325 1.54645e-08
        1364       2.325       2.325 1.54799e-08
        1365       2.325       2.325 1.54742e-08
        1366       2.325       2.325 1.55105e-08
        1367       2.325       2.325 1.55048e-08
        1368       2.325       2.325 1.54992e-08
        1369       2.325       2.325 1.54935e-08
        1370       2.325       2.325 1.55713e-08
        1371       2.325       2.325 1.55656e-08
        1372       2.325       2.325   1.556e-08
        1373       2.325       2.325 1.55543e-08
        1374       2.325       2.325 1.55486e-08
        1375       2.325       2.325 1.55845e-08
        1376       2.325       2.325 1.55995e-08
        1377       2.325       2.325 1.55939e-08
        1378       2.325       2.325 1.55882e-08
        1379       2.325       2.325 1.56238e-08
        1380       2.325       2.325 1.56182e-08
        1381       2.325       2.325 1.56125e-08
        1382       2.325       2.325 1.56274e-08
        1383       2.325       2.325 1.56218e-08
        1384       2.325       2.325 1.56777e-08
        1385       2.325       2.325  1.5672e-08
        1386       2.325       2.325 1.56664e-08
        1387       2.325       2.325 1.56607e-08
        1388       2.325       2.325 1.57163e-08
        1389       2.325       2.325 1.57106e-08
        1390       2.325       2.325 1.57049e-08
        1391       2.325       2.325 1.56993e-08
        1392       2.325       2.325 1.56937e-08
        1393       2.325       2.325 1.57286e-08
        1394       2.325       2.325  1.5723e-08
        1395       2.325       2.325 1.57376e-08
        1396       2.325       2.325 1.57319e-08
        1397       2.325       2.325 1.57667e-08
        1398       2.325       2.325  1.5761e-08
        1399       2.325       2.325 1.57554e-08
        1400       2.325       2.325 1.57498e-08
        1401       2.325       2.325 1.57643e-08
        1402       2.325       2.325 1.58188e-08
        1403       2.325       2.325 1.58132e-08
        1404       2.325       2.325 1.58076e-08
        1405       2.325       2.325 1.58019e-08
        1406       2.325       2.325 1.57963e-08
        1407       2.325       2.325 1.58506e-08
        1408       2.325       2.325 1.58449e-08
        1409       2.325       2.325 1.58393e-08
        1410       2.325       2.325 1.58337e-08
        1411       2.325       2.325 1.58678e-08
        1412       2.325       2.325 1.58622e-08
        1413       2.325       2.325 1.58764e-08
        1414       2.325       2.325 1.58708e-08
        1415       2.325       2.325 1.58651e-08
        1416       2.325       2.325 1.59188e-08
        1417       2.325       2.325 1.59131e-08
        1418       2.325       2.325 1.59075e-08
        1419       2.325       2.325 1.59019e-08
        1420       2.325       2.325  1.5916e-08
        1421       2.325       2.325 1.59496e-08
        1422       2.325       2.325  1.5944e-08
        1423       2.325       2.325 1.59384e-08
        1424       2.325       2.325 1.59328e-08
        1425       2.325       2.325 1.59663e-08
        1426       2.325       2.325 1.59802e-08
        1427       2.325       2.325 1.59746e-08
        1428       2.325       2.325  1.5969e-08
        1429       2.325       2.325 1.59634e-08
        1430       2.325       2.325 1.60161e-08
        1431       2.325       2.325 1.60105e-08
        1432       2.325       2.325 1.60049e-08
        1433       2.325       2.325 1.60187e-08
        1434       2.325       2.325 1.60131e-08
        1435       2.325       2.325 1.60461e-08
        1436       2.325       2.325 1.60406e-08
        1437       2.325       2.325  1.6035e-08
        1438       2.325       2.325 1.60294e-08
        1439       2.325       2.325 1.60431e-08
        1440       2.325       2.325 1.60759e-08
        1441       2.325       2.325 1.60703e-08
        1442       2.325       2.325 1.60648e-08
        1443       2.325       2.325 1.60592e-08
        1444       2.325       2.325 1.60536e-08
        1445       2.325       2.325 1.61054e-08
        1446       2.325       2.325 1.61189e-08
        1447       2.325       2.325 1.61134e-08
        1448       2.325       2.325 1.61078e-08
        1449       2.325       2.325 1.61022e-08
        1450       2.325       2.325 1.61347e-08
        1451       2.325       2.325 1.61291e-08
        1452       2.325       2.325 1.61236e-08
        1453       2.325       2.325  1.6137e-08
        1454       2.325       2.325 1.61314e-08
        1455       2.325       2.325 1.61637e-08
        1456       2.325       2.325 1.61581e-08
        1457       2.325       2.325 1.61526e-08
        1458       2.325       2.325 1.61471e-08
        1459       2.325       2.325 1.61604e-08
        1460       2.325       2.325 1.62112e-08
        1461       2.325       2.325 1.62057e-08
        1462       2.325       2.325 1.62001e-08
        1463       2.325       2.325 1.61946e-08
        1464       2.325       2.325 1.61891e-08
        1465       2.325       2.325 1.62209e-08
        1466       2.325       2.325 1.62341e-08
        1467       2.325       2.325 1.62285e-08
        1468       2.325       2.325  1.6223e-08
        1469       2.325       2.325 1.62175e-08
        1470       2.325       2.325 1.62492e-08
        1471       2.325       2.325 1.62437e-08
        1472       2.325       2.325 1.62382e-08
        1473       2.325       2.325 1.62512e-08
        1474       2.325       2.325 1.62457e-08
        1475       2.325       2.325 1.62957e-08
        1476       2.325       2.325 1.62902e-08
        1477       2.325       2.325 1.62847e-08
        1478       2.325       2.325 1.62792e-08
        1479       2.325       2.325 1.62737e-08
        1480       2.325       2.325 1.63234e-08
        1481       2.325       2.325 1.63179e-08
        1482       2.325       2.325 1.63124e-08
        1483       2.325       2.325 1.63069e-08
        1484       2.325       2.325 1.63014e-08
        1485       2.325       2.325 1.63326e-08
        1486       2.325       2.325 1.63271e-08
        1487       2.325       2.325 1.63399e-08
        1488       2.325       2.325 1.63344e-08
        1489       2.325       2.325 1.63289e-08
        1490       2.325       2.325 1.63234e-08
        1491       2.325       2.325 1.63726e-08
        1492       2.325       2.325 1.63671e-08
        1493       2.325       2.325 1.63616e-08
        1494       2.325       2.325 1.63743e-08
        1495       2.325       2.325 1.63688e-08
        1496       2.325       2.325 1.63996e-08
        1497       2.325       2.325 1.63941e-08
        1498       2.325       2.325 1.63887e-08
        1499       2.325       2.325 1.63832e-08
        1500       2.325       2.325 1.63777e-08
        1501       2.325       2.325 1.64264e-08
        1502       2.325       2.325 1.64209e-08
        1503       2.325       2.325 1.64155e-08
        1504       2.325       2.325   1.641e-08
        1505       2.325       2.325 1.64045e-08
        1506       2.325       2.325  1.6453e-08
        1507       2.325       2.325 1.64475e-08
        1508       2.325       2.325 1.64599e-08
        1509       2.325       2.325 1.64545e-08
        1510       2.325       2.325  1.6449e-08
        1511       2.325       2.325 1.64436e-08
        1512       2.325       2.325 1.64739e-08
        1513       2.325       2.325 1.64684e-08
        1514       2.325       2.325  1.6463e-08
        1515       2.325       2.325 1.64575e-08
        1516       2.325       2.325 1.64521e-08
        1517       2.325       2.325 1.64645e-08
        1518       2.325       2.325  1.6459e-08
        1519       2.325       2.325 1.64359e-08
        1520       2.325       2.325 1.64304e-08
        1521       2.325       2.325 1.64073e-08
        1522       2.325       2.325 1.64019e-08
        1523       2.325       2.325  1.6432e-08
        1524       2.325       2.325 1.64266e-08
        1525       2.325       2.325 1.64035e-08
        1526       2.325       2.325 1.63981e-08
        1527       2.325       2.325  1.6375e-08
        1528       2.325       2.325 1.64051e-08
        1529       2.325       2.325  1.6382e-08
        1530       2.325       2.325 1.63589e-08
        1531       2.325       2.325 1.63536e-08
        1532       2.325       2.325 1.63305e-08
        1533       2.325       2.325 1.63252e-08
        1534       2.325       2.325 1.63376e-08
        1535       2.325       2.325 1.63323e-08
        1536       2.325       2.325 1.63092e-08
        1537       2.325       2.325 1.63039e-08
        1538       2.325       2.325 1.62809e-08
        1539       2.325       2.325 1.63287e-08
        1540       2.325       2.325 1.63057e-08
        1541       2.325       2.325 1.63004e-08
        1542       2.325       2.325 1.62775e-08
        1543       2.325       2.325 1.62722e-08
        1544       2.325       2.325 1.62492e-08
        1545       2.325       2.325 1.62793e-08
        1546       2.325       2.325 1.62564e-08
        1547       2.325       2.325 1.62511e-08
        1548       2.325       2.325 1.62282e-08
        1549       2.325       2.325  1.6223e-08
        1550       2.325       2.325 1.62001e-08
        1551       2.325       2.325 1.62302e-08
        1552       2.325       2.325 1.62073e-08
        1553       2.325       2.325 1.62021e-08
        1554       2.325       2.325 1.61792e-08
        1555       2.325       2.325 1.61563e-08
        1556       2.325       2.325 1.62041e-08
        1557       2.325       2.325 1.61813e-08
        1558       2.325       2.325 1.61761e-08
        1559       2.325       2.325 1.61532e-08
        1560       2.325       2.325 1.61481e-08
        1561       2.325       2.325 1.61253e-08
        1562       2.325       2.325 1.61553e-08
        1563       2.325       2.325 1.61326e-08
        1564       2.325       2.325 1.61274e-08
        1565       2.325       2.325 1.61046e-08
        1566       2.325       2.325 1.60995e-08
        1567       2.325       2.325 1.60767e-08
        1568       2.325       2.325 1.61068e-08
        1569       2.325       2.325 1.60841e-08
        1570       2.325       2.325  1.6079e-08
        1571       2.325       2.325 1.60563e-08
        1572       2.325       2.325 1.60512e-08
        1573       2.325       2.325 1.60284e-08
        1574       2.325       2.325 1.60761e-08
        1575       2.325       2.325 1.60534e-08
        1576       2.325       2.325 1.60483e-08
        1577       2.325       2.325 1.60257e-08
        1578       2.325       2.325 1.60206e-08
        1579       2.325       2.325 1.60331e-08
        1580       2.325       2.325  1.6028e-08
        1581       2.325       2.325 1.60054e-08
        1582       2.325       2.325 1.60003e-08
        1583       2.325       2.325 1.59777e-08
        1584       2.325       2.325 1.59727e-08
        1585       2.325       2.325 1.59852e-08
        1586       2.325       2.325 1.59802e-08
        1587       2.325       2.325 1.59576e-08
        1588       2.325       2.325 1.59526e-08
        1589       2.325       2.325   1.593e-08
        1590       2.325       2.325  1.5925e-08
        1591       2.325       2.325  1.5955e-08
        1592       2.325       2.325   1.595e-08
        1593       2.325       2.325  1.5945e-08
        1594       2.325       2.325 1.59225e-08
        1595       2.325       2.325 1.59175e-08
        1596       2.325       2.325  1.5895e-08
        1597       2.325       2.325  1.5925e-08
        1598       2.325       2.325 1.59026e-08
        1599       2.325       2.325 1.58976e-08
        1600       2.325       2.325 1.58752e-08
        1601       2.325       2.325 1.58702e-08
        1602       2.325       2.325 1.58478e-08
        1603       2.325       2.325 1.58778e-08
        1604       2.325       2.325 1.58554e-08
        1605       2.325       2.325 1.58504e-08
        1606       2.325       2.325  1.5828e-08
        1607       2.325       2.325 1.58231e-08
        1608       2.325       2.325 1.58007e-08
        1609       2.325       2.325 1.58307e-08
        1610       2.325       2.325 1.58083e-08
        1611       2.325       2.325 1.58034e-08
        1612       2.325       2.325 1.57811e-08
        1613       2.325       2.325 1.57762e-08
        1614       2.325       2.325 1.57538e-08
        1615       2.325       2.325 1.58013e-08
        1616       2.325       2.325  1.5779e-08
        1617       2.325       2.325 1.57741e-08
        1618       2.325       2.325 1.57692e-08
        1619       2.325       2.325 1.57469e-08
        1620       2.325       2.325 1.57421e-08
        1621       2.325       2.325 1.57198e-08
        1622       2.325       2.325 1.57498e-08
        1623       2.325       2.325 1.57275e-08
        1624       2.325       2.325 1.57227e-08
        1625       2.325       2.325 1.57004e-08
        1626       2.325       2.325 1.56956e-08
        1627       2.325       2.325 1.56734e-08
        1628       2.325       2.325 1.57033e-08
        1629       2.325       2.325 1.56811e-08
        1630       2.325       2.325 1.56763e-08
        1631       2.325       2.325 1.56541e-08
        1632       2.325       2.325 1.56493e-08
        1633       2.325       2.325 1.56272e-08
        1634       2.325       2.325 1.56745e-08
        1635       2.325       2.325 1.56697e-08
        1636       2.325       2.325 1.56476e-08
        1637       2.325       2.325 1.56428e-08
        1638       2.325       2.325 1.56207e-08
        1639       2.325       2.325 1.56159e-08
        1640       2.325       2.325 1.56285e-08
        1641       2.325       2.325 1.56237e-08
        1642       2.325       2.325 1.56016e-08
        1643       2.325       2.325 1.55969e-08
        1644       2.325       2.325 1.55748e-08
        1645       2.325       2.325 1.55701e-08
        1646       2.325       2.325 1.55653e-08
        1647       2.325       2.325 1.55779e-08
        1648       2.325       2.325 1.55732e-08
        1649       2.325       2.325 1.55512e-08
        1650       2.325       2.325 1.55465e-08
        1651       2.325       2.325 1.55244e-08
        1652       2.325       2.325 1.55197e-08
        1653       2.325       2.325 1.55496e-08
        1654       2.325       2.325 1.55449e-08
        1655       2.325       2.325  1.5523e-08
        1656       2.325       2.325 1.55183e-08
        1657       2.325       2.325 1.55136e-08
        1658       2.325       2.325 1.54916e-08
        1659       2.325       2.325  1.5487e-08
        1660       2.325       2.325 1.54996e-08
        1661       2.325       2.325 1.54949e-08
        1662       2.325       2.325  1.5473e-08
        1663       2.325       2.325 1.54683e-08
        1664       2.325       2.325 1.54464e-08
        1665       2.325       2.325 1.54418e-08
        1666       2.325       2.325 1.54544e-08
        1667       2.325       2.325 1.54497e-08
        1668       2.325       2.325 1.54451e-08
        1669       2.325       2.325 1.54232e-08
        1670       2.325       2.325 1.54186e-08
        1671       2.325       2.325 1.53968e-08
        1672       2.325       2.325 1.53922e-08
        1673       2.325       2.325  1.5422e-08
        1674       2.325       2.325 1.54174e-08
        1675       2.325       2.325 1.54128e-08
        1676       2.325       2.325  1.5391e-08
        1677       2.325       2.325 1.53864e-08
        1678       2.325       2.325 1.53646e-08
        1679       2.325       2.325 1.53944e-08
        1680       2.325       2.325 1.53727e-08
        1681       2.325       2.325 1.53681e-08
        1682       2.325       2.325 1.53463e-08
        1683       2.325       2.325 1.53418e-08
        1684       2.325       2.325 1.53372e-08
        1685       2.325       2.325 1.53155e-08
        1686       2.325       2.325 1.53453e-08
        1687       2.325       2.325 1.53236e-08
        1688       2.325       2.325  1.5319e-08
        1689       2.325       2.325 1.52973e-08
        1690       2.325       2.325 1.52928e-08
        1691       2.325       2.325 1.52883e-08
        1692       2.325       2.325 1.52666e-08
        1693       2.325       2.325 1.53135e-08
        1694       2.325       2.325 1.52919e-08
        1695       2.325       2.325 1.52874e-08
        1696       2.325       2.325 1.52657e-08
        1697       2.325       2.325 1.52612e-08
        1698       2.325       2.325 1.52396e-08
        1699       2.325       2.325 1.52351e-08
        1700       2.325       2.325 1.52649e-08
        1701       2.325       2.325 1.52433e-08
        1702       2.325       2.325 1.52388e-08
        1703       2.325       2.325 1.52172e-08
        1704       2.325       2.325 1.52127e-08
        1705       2.325       2.325 1.52083e-08
        1706       2.325       2.325 1.52209e-08
        1707       2.325       2.325 1.52165e-08
        1708       2.325       2.325 1.51949e-08
        1709       2.325       2.325 1.51904e-08
        1710       2.325       2.325 1.51689e-08
        1711       2.325       2.325 1.51645e-08
        1712       2.325       2.325   1.516e-08
        1713       2.325       2.325 1.51898e-08
        1714       2.325       2.325 1.51853e-08
        1715       2.325       2.325 1.51639e-08
        1716       2.325       2.325 1.51594e-08
        1717       2.325       2.325 1.51379e-08
        1718       2.325       2.325 1.51335e-08
        1719       2.325       2.325 1.51291e-08
        1720       2.325       2.325 1.51418e-08
        1721       2.325       2.325 1.51374e-08
        1722       2.325       2.325 1.51159e-08
        1723       2.325       2.325 1.51116e-08
        1724       2.325       2.325 1.51072e-08
        1725       2.325       2.325 1.50857e-08
        1726       2.325       2.325 1.50814e-08
        1727       2.325       2.325 1.50941e-08
        1728       2.325       2.325 1.50897e-08
        1729       2.325       2.325 1.50683e-08
        1730       2.325       2.325 1.50639e-08
        1731       2.325       2.325 1.50596e-08
        1732       2.325       2.325 1.50382e-08
        1733       2.325       2.325 1.50338e-08
        1734       2.325       2.325 1.50636e-08
        1735       2.325       2.325 1.50592e-08
        1736       2.325       2.325 1.50549e-08
        1737       2.325       2.325 1.50335e-08
        1738       2.325       2.325 1.50292e-08
        1739       2.325       2.325 1.50079e-08
        1740       2.325       2.325 1.50036e-08
        1741       2.325       2.325 1.49993e-08
        1742       2.325       2.325  1.5012e-08
        1743       2.325       2.325 1.50076e-08
        1744       2.325       2.325 1.49864e-08
        1745       2.325       2.325 1.49821e-08
        1746       2.325       2.325 1.49608e-08
        1747       2.325       2.325 1.49565e-08
        1748       2.325       2.325 1.49522e-08
        1749       2.325       2.325 1.49649e-08
        1750       2.325       2.325 1.49606e-08
        1751       2.325       2.325 1.49394e-08
        1752       2.325       2.325 1.49351e-08
        1753       2.325       2.325 1.49309e-08
        1754       2.325       2.325 1.49097e-08
        1755       2.325       2.325 1.49054e-08
        1756       2.325       2.325 1.49351e-08
        1757       2.325       2.325 1.49308e-08
        1758       2.325       2.325 1.49266e-08
        1759       2.325       2.325 1.49054e-08
        1760       2.325       2.325 1.49012e-08
        1761       2.325       2.325   1.488e-08
        1762       2.325       2.325 1.48758e-08
        1763       2.325       2.325 1.49054e-08
        1764       2.325       2.325 1.48843e-08
        1765       2.325       2.325   1.488e-08
        1766       2.325       2.325 1.48589e-08
        1767       2.325       2.325 1.48547e-08
        1768       2.325       2.325 1.48505e-08
        1769       2.325       2.325 1.48294e-08
        1770       2.325       2.325 1.48252e-08
        1771       2.325       2.325 1.48379e-08
        1772       2.325       2.325 1.48337e-08
        1773       2.325       2.325 1.48296e-08
        1774       2.325       2.325 1.48085e-08
        1775       2.325       2.325 1.48043e-08
        1776       2.325       2.325 1.48001e-08
        1777       2.325       2.325 1.47791e-08
        1778       2.325       2.325 1.48255e-08
        1779       2.325       2.325 1.48045e-08
        1780       2.325       2.325 1.48004e-08
        1781       2.325       2.325 1.47962e-08
        1782       2.325       2.325 1.47752e-08
        1783       2.325       2.325 1.47711e-08
        1784       2.325       2.325   1.475e-08
        1785       2.325       2.325 1.47796e-08
        1786       2.325       2.325 1.47755e-08
        1787       2.325       2.325 1.47545e-08
        1788       2.325       2.325 1.47504e-08
        1789       2.325       2.325 1.47294e-08
        1790       2.325       2.325 1.47253e-08
        1791       2.325       2.325 1.47212e-08
        1792       2.325       2.325 1.47002e-08
        1793       2.325       2.325 1.47298e-08
        1794       2.325       2.325 1.47257e-08
        1795       2.325       2.325 1.47048e-08
        1796       2.325       2.325 1.47007e-08
        1797       2.325       2.325 1.46798e-08
        1798       2.325       2.325 1.46757e-08
        1799       2.325       2.325 1.46716e-08
        1800       2.325       2.325 1.46507e-08
        1801       2.325       2.325 1.46971e-08
        1802       2.325       2.325 1.46762e-08
        1803       2.325       2.325 1.46721e-08
        1804       2.325       2.325 1.46681e-08
        1805       2.325       2.325 1.46472e-08
        1806       2.325       2.325 1.46431e-08
        1807       2.325       2.325 1.46391e-08
        1808       2.325       2.325 1.46518e-08
        1809       2.325       2.325 1.46478e-08
        1810       2.325       2.325  1.4627e-08
        1811       2.325       2.325 1.46229e-08
        1812       2.325       2.325 1.46189e-08
        1813       2.325       2.325 1.45981e-08
        1814       2.325       2.325 1.45941e-08
        1815       2.325       2.325   1.459e-08
        1816       2.325       2.325 1.46028e-08
        1817       2.325       2.325 1.45988e-08
        1818       2.325       2.325  1.4578e-08
        1819       2.325       2.325  1.4574e-08
        1820       2.325       2.325   1.457e-08
        1821       2.325       2.325 1.45492e-08
        1822       2.325       2.325 1.45452e-08
        1823       2.325       2.325 1.45412e-08
        1824       2.325       2.325 1.45707e-08
        1825       2.325       2.325 1.45667e-08
        1826       2.325       2.325  1.4546e-08
        1827       2.325       2.325  1.4542e-08
        1828       2.325       2.325 1.45381e-08
        1829       2.325       2.325 1.45174e-08
        1830       2.325       2.325 1.45134e-08
        1831       2.325       2.325 1.45094e-08
        1832       2.325       2.325 1.45222e-08
        1833       2.325       2.325 1.45182e-08
        1834       2.325       2.325 1.44976e-08
        1835       2.325       2.325 1.44936e-08
        1836       2.325       2.325 1.44897e-08
        1837       2.325       2.325  1.4469e-08
        1838       2.325       2.325 1.44651e-08
        1839       2.325       2.325 1.44612e-08
        1840       2.325       2.325 1.44739e-08
        1841       2.325       2.325   1.447e-08
        1842       2.325       2.325 1.44661e-08
        1843       2.325       2.325 1.44455e-08
        1844       2.325       2.325 1.44415e-08
        1845       2.325       2.325 1.44209e-08
        1846       2.325       2.325  1.4417e-08
        1847       2.325       2.325 1.44131e-08
        1848       2.325       2.325 1.44426e-08
        1849       2.325       2.325 1.44386e-08
        1850       2.325       2.325 1.44347e-08
        1851       2.325       2.325 1.44142e-08
        1852       2.325       2.325 1.44103e-08
        1853       2.325       2.325 1.44064e-08
        1854       2.325       2.325 1.43859e-08
        1855       2.325       2.325  1.4382e-08
        1856       2.325       2.325 1.43948e-08
        1857       2.325       2.325 1.43909e-08
        1858       2.325       2.325  1.4387e-08
        1859       2.325       2.325 1.43665e-08
        1860       2.325       2.325 1.43627e-08
        1861       2.325       2.325 1.43588e-08
        1862       2.325       2.325 1.43383e-08
        1863       2.325       2.325 1.43345e-08
        1864       2.325       2.325 1.43639e-08
        1865       2.325       2.325 1.43434e-08
        1866       2.325       2.325 1.43396e-08
        1867       2.325       2.325 1.43357e-08
        1868       2.325       2.325 1.43153e-08
        1869       2.325       2.325 1.43115e-08
        1870       2.325       2.325  1.4291e-08
        1871       2.325       2.325 1.42872e-08
        1872       2.325       2.325 1.43331e-08
        1873       2.325       2.325 1.43128e-08
        1874       2.325       2.325 1.43089e-08
        1875       2.325       2.325 1.43051e-08
        1876       2.325       2.325 1.42847e-08
        1877       2.325       2.325 1.42809e-08
        1878       2.325       2.325 1.42771e-08
        1879       2.325       2.325 1.42568e-08
        1880       2.325       2.325 1.42861e-08
        1881       2.325       2.325 1.42823e-08
        1882       2.325       2.325  1.4262e-08
        1883       2.325       2.325 1.42582e-08
        1884       2.325       2.325 1.42544e-08
        1885       2.325       2.325 1.42341e-08
        1886       2.325       2.325 1.42303e-08
        1887       2.325       2.325 1.42265e-08
        1888       2.325       2.325 1.42062e-08
        1889       2.325       2.325 1.42355e-08
        1890       2.325       2.325 1.42152e-08
        1891       2.325       2.325 1.42115e-08
        1892       2.325       2.325 1.42077e-08
        1893       2.325       2.325 1.41874e-08
        1894       2.325       2.325 1.41837e-08
        1895       2.325       2.325 1.41799e-08
        1896       2.325       2.325 1.41597e-08
        1897       2.325       2.325  1.4189e-08
        1898       2.325       2.325 1.41852e-08
        1899       2.325       2.325  1.4165e-08
        1900       2.325       2.325 1.41613e-08
        1901       2.325       2.325 1.41575e-08
        1902       2.325       2.325 1.41373e-08
        1903       2.325       2.325 1.41336e-08
        1904       2.325       2.325 1.41299e-08
        1905       2.325       2.325 1.41097e-08
        1906       2.325       2.325 1.41554e-08
        1907       2.325       2.325 1.41517e-08
        1908       2.325       2.325 1.41315e-08
        1909       2.325       2.325 1.41278e-08
        1910       2.325       2.325 1.41241e-08
        1911       2.325       2.325  1.4104e-08
        1912       2.325       2.325 1.41003e-08
        1913       2.325       2.325 1.40966e-08
        1914       2.325       2.325 1.41094e-08
        1915       2.325       2.325 1.41057e-08
        1916       2.325       2.325  1.4102e-08
        1917       2.325       2.325 1.40819e-08
        1918       2.325       2.325 1.40782e-08
        1919       2.325       2.325 1.40745e-08
        1920       2.325       2.325 1.40544e-08
        1921       2.325       2.325 1.40508e-08
        1922       2.325       2.325 1.40471e-08
        1923       2.325       2.325 1.40599e-08
        1924       2.325       2.325 1.40562e-08
        1925       2.325       2.325 1.40526e-08
        1926       2.325       2.325 1.40325e-08
        1927       2.325       2.325 1.40289e-08
        1928       2.325       2.325 1.40252e-08
        1929       2.325       2.325 1.40052e-08
        1930       2.325       2.325 1.40016e-08
        1931       2.325       2.325 1.39979e-08
        1932       2.325       2.325 1.40271e-08
        1933       2.325       2.325 1.40235e-08
        1934       2.325       2.325 1.40199e-08
        1935       2.325       2.325 1.39999e-08
        1936       2.325       2.325 1.39962e-08
        1937       2.325       2.325 1.39926e-08
        1938       2.325       2.325 1.39726e-08
        1939       2.325       2.325  1.3969e-08
        1940       2.325       2.325 1.39654e-08
        1941       2.325       2.325 1.39782e-08
        1942       2.325       2.325 1.39746e-08
        1943       2.325       2.325  1.3971e-08
        1944       2.325       2.325  1.3951e-08
        1945       2.325       2.325 1.39475e-08
        1946       2.325       2.325 1.39439e-08
        1947       2.325       2.325 1.39239e-08
        1948       2.325       2.325 1.39203e-08
        1949       2.325       2.325 1.39168e-08
        1950       2.325       2.325 1.39296e-08
        1951       2.325       2.325  1.3926e-08
        1952       2.325       2.325 1.39224e-08
        1953       2.325       2.325 1.39025e-08
        1954       2.325       2.325  1.3899e-08
        1955       2.325       2.325 1.38954e-08
        1956       2.325       2.325 1.38755e-08
        1957       2.325       2.325  1.3872e-08
        1958       2.325       2.325 1.38684e-08
        1959       2.325       2.325 1.38975e-08
        1960       2.325       2.325  1.3894e-08
        1961       2.325       2.325 1.38904e-08
        1962       2.325       2.325 1.38706e-08
        1963       2.325       2.325 1.38671e-08
        1964       2.325       2.325 1.38635e-08
        1965       2.325       2.325   1.386e-08
        1966       2.325       2.325 1.38402e-08
        1967       2.325       2.325 1.38366e-08
        1968       2.325       2.325 1.38657e-08
        1969       2.325       2.325 1.38459e-08
        1970       2.325       2.325 1.38424e-08
        1971       2.325       2.325 1.38389e-08
        1972       2.325       2.325 1.38191e-08
        1973       2.325       2.325 1.38156e-08
        1974       2.325       2.325 1.38121e-08
        1975       2.325       2.325 1.37923e-08
        1976       2.325       2.325 1.37888e-08
        1977       2.325       2.325 1.38179e-08
        1978       2.325       2.325 1.37981e-08
        1979       2.325       2.325 1.37946e-08
        1980       2.325       2.325 1.37911e-08
        1981       2.325       2.325 1.37714e-08
        1982       2.325       2.325 1.37679e-08
        1983       2.325       2.325 1.37645e-08
        1984       2.325       2.325 1.37447e-08
        1985       2.325       2.325 1.37412e-08
        1986       2.325       2.325 1.37865e-08
        1987       2.325       2.325 1.37831e-08
        1988       2.325       2.325 1.37634e-08
        1989       2.325       2.325 1.37599e-08
        1990       2.325       2.325 1.37565e-08
        1991       2.325       2.325 1.37368e-08
        1992       2.325       2.325 1.37333e-08
        1993       2.325       2.325 1.37299e-08
        1994       2.325       2.325 1.37102e-08
        1995       2.325       2.325 1.37392e-08
        1996       2.325       2.325 1.37358e-08
        1997       2.325       2.325 1.37161e-08
        1998       2.325       2.325 1.37127e-08
        1999       2.325       2.325 1.37093e-08
        2000       2.325       2.325 1.36896e-08
