           1    -5.11612    -5.11612           0
           2     -4.8381    -4.97711   0.0982955
           3    -4.66346    -4.87256    0.107617
           4    -4.48254    -4.77506    0.116812
           5     -4.3772    -4.69549    0.117466
           6    -4.21646    -4.61565     0.12204
           7       -4.21     -4.5577    0.117562
           8    -4.09381    -4.49971    0.116291
           9    -3.91772    -4.43505     0.12001
          10    -3.90104    -4.38165      0.1193
          11    -3.86356    -4.33455    0.117384
          12    -3.84712    -4.29393    0.114414
          13    -3.75039    -4.25212    0.112994
          14    -3.73435    -4.21513    0.110811
          15    -3.61197    -4.17492    0.110479
          16    -3.60371    -4.13922     0.10919
          17    -3.57681    -4.10614    0.107662
          18    -3.31579    -4.06223    0.110272
          19    -3.36531    -4.02555      0.1104
          20    -3.38844    -3.99369    0.109379
          21    -3.23502    -3.95757    0.109975
          22    -3.29145    -3.92729    0.109065
          23    -3.44598    -3.90636    0.106312
          24    -3.60858    -3.89396    0.102604
          25    -3.61681    -3.88287   0.0990965
          26    -3.52127    -3.86896    0.096256
          27    -3.59308    -3.85874   0.0932318
          28    -3.56004    -3.84808   0.0905103
          29    -3.45037    -3.83436   0.0884222
          30    -3.27202    -3.81562   0.0874391
          31    -3.34462    -3.80042   0.0859283
          32     -3.3747    -3.78712   0.0842667
          33    -3.56561    -3.78041     0.08198
          34    -3.60729    -3.77532   0.0797268
          35    -3.58183    -3.76979   0.0776403
          36    -3.57907    -3.76449   0.0756642
          37    -3.44839    -3.75595      0.0741
          38    -3.40808    -3.74679   0.0727132
          39    -3.43247    -3.73873    0.071294
          40     -3.2823    -3.72732   0.0704189
          41    -3.15895    -3.71346   0.0700527
          42    -3.17535    -3.70065   0.0695465
          43    -3.20168    -3.68904   0.0688904
          44    -3.18626    -3.67762   0.0682658
          45    -3.08832    -3.66452   0.0679932
          46    -3.04147    -3.65098   0.0678508
          47     -3.1958    -3.64129   0.0670948
          48    -3.20988     -3.6323   0.0662962
          49    -3.20108     -3.6235   0.0655247
          50    -3.26402    -3.61631   0.0646075
          51    -3.30658    -3.61024   0.0636254
          52    -3.34095    -3.60506   0.0626123
          53    -3.50955    -3.60326   0.0614568
          54    -3.52264    -3.60177   0.0603369
          55    -3.49828    -3.59988   0.0592692
          56    -3.46742    -3.59752    0.058258
          57    -3.49414    -3.59571   0.0572641
          58    -3.53058    -3.59458   0.0562878
          59    -3.49324    -3.59287     0.05536
          60     -3.4857    -3.59108   0.0544661
          61    -3.43167    -3.58847   0.0536359
          62    -3.39963    -3.58542   0.0528572
          63    -3.46242    -3.58347   0.0520543
          64     -3.4464    -3.58133    0.051285
          65    -3.42833    -3.57897   0.0505499
          66    -3.38349    -3.57601   0.0498707
          67    -3.29972    -3.57189   0.0492966
          68    -3.30236    -3.56792   0.0487307
          69    -3.24305    -3.56321   0.0482514
          70    -3.31702     -3.5597   0.0476901
          71    -3.17809    -3.55432   0.0473203
          72     -3.1658    -3.54893   0.0469697
          73    -3.46729    -3.54781   0.0463396
          74    -3.43863    -3.54633   0.0457369
          75    -3.37955    -3.54411   0.0451811
          76    -3.37925    -3.54194   0.0446387
          77    -3.33102     -3.5392   0.0441429
          78    -3.38402    -3.53721   0.0436218
          79    -3.37912    -3.53521   0.0431155
          80    -3.25157    -3.53166   0.0427221
          81    -3.33057    -3.52918   0.0422667
          82    -3.24361     -3.5257   0.0418945
          83    -3.35629    -3.52366   0.0414394
          84     -3.4293    -3.52254   0.0409613
          85    -3.28472    -3.51974   0.0405749
          86    -3.40221    -3.51837   0.0401261
          87    -3.41692     -3.5172   0.0396818
          88    -3.69455    -3.51922    0.039282
          89    -3.40836    -3.51797   0.0388604
          90    -3.40865    -3.51676   0.0384476
          91    -3.40577    -3.51554   0.0380444
          92    -3.37876    -3.51405   0.0376599
          93    -3.34421    -3.51223   0.0372992
          94    -3.34072     -3.5104    0.036947
          95    -3.30146     -3.5082   0.0366235
          96    -3.25604    -3.50558   0.0363361
          97    -3.46022    -3.50511   0.0359645
          98    -3.48083    -3.50486   0.0355984
          99    -3.41408    -3.50394   0.0352506
         100    -3.29244    -3.50183   0.0349615
         101    -3.35466    -3.50037   0.0346457
         102    -3.29877     -3.4984   0.0343624
         103    -3.40906    -3.49753   0.0340397
         104    -3.34872     -3.4961   0.0337424
         105     -3.3758    -3.49495   0.0334405
         106    -3.43668     -3.4944   0.0331296
         107    -3.39568    -3.49348   0.0328328
         108    -3.29045     -3.4916   0.0325826
         109    -3.35332    -3.49033   0.0323083
         110     -3.3771     -3.4893    0.032031
         111    -3.45504    -3.48899   0.0317439
         112     -3.4908    -3.48901   0.0314605
         113    -3.51743    -3.48926   0.0311831
         114    -3.41812    -3.48864   0.0309158
         115    -3.34208    -3.48736   0.0306732
         116    -3.32883      -3.486   0.0304392
         117    -3.25439    -3.48402   0.0302434
         118     -3.2725    -3.48222   0.0300401
         119    -3.43666    -3.48184   0.0297901
         120    -3.56472    -3.48253   0.0295499
         121    -3.51913    -3.48283   0.0293072
         122    -3.56756    -3.48353   0.0290752
         123     -3.5371    -3.48396   0.0288421
         124     -3.6163    -3.48503   0.0286292
         125    -3.38771    -3.48425   0.0284108
         126    -3.49226    -3.48432   0.0281854
         127    -3.60704    -3.48528     0.02798
         128    -3.54816    -3.48577   0.0277657
         129    -3.47993    -3.48573   0.0275505
         130    -3.39742    -3.48505    0.027347
         131    -3.41409    -3.48451   0.0271436
         132    -3.45147    -3.48426   0.0269391
         133    -3.46974    -3.48415   0.0267368
         134    -3.36547    -3.48326   0.0265519
         135     -3.2985    -3.48189   0.0263905
         136    -3.39626    -3.48126   0.0262039
         137    -3.43719    -3.48094   0.0260147
         138    -3.55527    -3.48148   0.0258317
         139     -3.5417    -3.48191   0.0256495
         140    -3.59894    -3.48275   0.0254799
         141     -3.5782    -3.48343   0.0253082
         142    -3.57566    -3.48408   0.0251383
         143    -3.50403    -3.48422   0.0249629
         144    -3.55426     -3.4847   0.0247943
         145    -3.45324    -3.48449   0.0246242
         146    -3.37654    -3.48375   0.0244667
         147    -3.44505    -3.48348   0.0243016
         148    -3.31993    -3.48238   0.0241626
         149    -3.25193    -3.48083   0.0240498
         150     -3.0303    -3.47783   0.0240763
         151    -3.05484    -3.47503   0.0240793
         152    -3.11416    -3.47265   0.0240376
         153    -2.99721    -3.46954   0.0240805
         154    -3.30443    -3.46847    0.023948
         155    -3.21698    -3.46685   0.0238484
         156    -3.33742    -3.46602     0.02371
         157    -3.35875    -3.46534   0.0235688
         158    -3.35189    -3.46462   0.0234306
         159     -3.3992    -3.46421   0.0232868
         160    -3.39482    -3.46377   0.0231453
         161     -3.3883    -3.46331   0.0230063
         162    -3.37776    -3.46278   0.0228703
         163    -3.38575     -3.4623   0.0227349
         164    -3.38527    -3.46183   0.0226011
         165    -3.51702    -3.46217   0.0224666
         166    -3.45618    -3.46213   0.0223313
         167    -3.45399    -3.46208   0.0221977
         168    -3.48654    -3.46223    0.022066
         169    -3.46697    -3.46226   0.0219355
         170    -3.37011    -3.46172   0.0218131
         171    -3.40421    -3.46138   0.0216882
         172    -3.40161    -3.46103   0.0215648
         173    -3.21709    -3.45962   0.0214862
         174    -3.04732    -3.45725    0.021493
         175    -3.22998    -3.45595   0.0214094
         176    -3.26781    -3.45488   0.0213144
         177    -3.46223    -3.45493   0.0211941
         178     -3.4517    -3.45491    0.021075
         179    -3.43385    -3.45479   0.0209576
         180    -3.32815    -3.45409    0.020853
         181    -3.42483    -3.45393   0.0207384
         182    -3.22182    -3.45265   0.0206636
         183    -3.26384    -3.45162   0.0205764
         184    -3.35908    -3.45112   0.0204707
         185    -3.17163     -3.4496   0.0204158
         186    -3.21336    -3.44833   0.0203455
         187    -3.18727    -3.44694   0.0202845
         188    -3.24659    -3.44587   0.0202046
         189    -3.21545    -3.44465   0.0201344
         190    -3.36492    -3.44423   0.0200328
         191    -3.14495    -3.44267   0.0199891
         192    -3.36046    -3.44224   0.0198896
         193    -3.18853    -3.44092     0.01983
         194    -3.23851    -3.43988   0.0197552
         195    -3.13463    -3.43832   0.0197158
         196    -3.14974    -3.43684   0.0196701
         197    -3.17688    -3.43552   0.0196145
         198    -3.13437      -3.434   0.0195743
         199    -3.21882    -3.43292   0.0195058
         200    -3.34861     -3.4325   0.0194128
         201    -3.40753    -3.43238   0.0193166
         202     -3.4065    -3.43225   0.0192214
         203     -3.4523    -3.43235    0.019127
         204    -3.51986    -3.43278    0.019038
         205    -3.42705    -3.43275   0.0189452
         206    -3.36831    -3.43243   0.0188558
         207    -3.22955    -3.43145   0.0187902
         208    -3.14399    -3.43007   0.0187506
         209    -3.24831     -3.4292    0.018681
         210    -3.11215    -3.42769    0.018653
         211    -3.21926    -3.42671   0.0185907
         212    -3.38925    -3.42653   0.0185038
         213    -3.46892    -3.42673    0.018418
         214    -3.62585    -3.42766   0.0183555
         215    -3.72274    -3.42903   0.0183213
         216    -3.70299     -3.4303   0.0182804
         217    -3.54951    -3.43085   0.0182044
         218    -3.60051    -3.43163   0.0181375
         219     -3.7038    -3.43287   0.0180972
         220    -3.65376    -3.43387   0.0180428
         221    -3.62842    -3.43475   0.0179826
         222    -3.53462     -3.4352   0.0179072
         223    -3.56005    -3.43576   0.0178357
         224    -3.49577    -3.43603   0.0177581
         225    -3.30749    -3.43546   0.0176883
         226    -3.39666    -3.43529   0.0176109
         227    -3.28558    -3.43463   0.0175457
         228    -3.07368    -3.43305     0.01754
         229    -3.07158    -3.43147   0.0175343
         230    -3.17341    -3.43035   0.0174939
         231    -3.34192    -3.42996   0.0174223
         232    -3.30769    -3.42944   0.0173552
         233    -3.27941    -3.42879   0.0172927
         234    -3.37178    -3.42855   0.0172205
         235    -3.33669    -3.42816   0.0171516
         236    -3.23495    -3.42734   0.0170985
         237    -3.19791    -3.42637   0.0170537
         238    -3.19838    -3.42541    0.017009
         239    -3.28539    -3.42483   0.0169479
         240    -3.30229    -3.42432   0.0168849
         241    -3.34647    -3.42399    0.016818
         242    -3.34735    -3.42368   0.0167515
         243    -3.27177    -3.42305   0.0166942
         244    -3.28332    -3.42248   0.0166356
         245     -3.2873    -3.42193   0.0165768
         246    -3.35426    -3.42165   0.0165117
         247    -3.37218    -3.42145   0.0164461
         248    -3.30922      -3.421    0.016386
         249    -3.27452    -3.42041   0.0163308
         250    -3.05377    -3.41894   0.0163311
         251    -2.84755    -3.41667    0.016424
         252    -2.90785    -3.41465   0.0164825
         253    -3.09462    -3.41338   0.0164658
         254     -3.2693    -3.41282   0.0164107
         255    -3.16715    -3.41185   0.0163746
         256    -3.23791    -3.41117   0.0163247
         257    -3.26824    -3.41062   0.0162707
         258    -3.23232    -3.40993   0.0162223
         259    -3.44532    -3.41006   0.0161602
         260    -3.45846    -3.41025   0.0160992
         261    -3.44841    -3.41039   0.0160381
         262    -3.52278    -3.41082   0.0159827
         263     -3.5782    -3.41146   0.0159346
         264    -3.54033    -3.41195   0.0158817
         265    -3.35003    -3.41171   0.0158235
         266    -3.52218    -3.41213   0.0157694
         267    -3.53283    -3.41258   0.0157168
         268    -3.29011    -3.41213   0.0156648
         269    -3.29786     -3.4117   0.0156124
         270    -3.10357    -3.41056   0.0155962
         271    -3.18404    -3.40972    0.015561
         272    -3.19634    -3.40894   0.0155236
         273    -3.24799    -3.40835   0.0154779
         274     -3.2379    -3.40773   0.0154339
         275    -3.30965    -3.40737   0.0153819
         276    -3.18631    -3.40657    0.015347
         277    -3.31933    -3.40625   0.0152948
         278    -3.21821    -3.40558   0.0152548
         279    -3.30078     -3.4052   0.0152047
         280    -3.29961    -3.40483   0.0151551
         281      -3.295    -3.40443   0.0151062
         282     -3.3399    -3.40421   0.0150544
         283    -3.22584    -3.40358   0.0150144
         284    -3.22773    -3.40296   0.0149743
         285    -3.31888    -3.40266   0.0149246
         286    -3.51528    -3.40305   0.0148776
         287    -3.59465    -3.40372   0.0148408
         288    -3.43024    -3.40381   0.0147895
         289     -3.4019    -3.40381   0.0147383
         290    -3.47215    -3.40404   0.0146894
         291      -3.447    -3.40419   0.0146397
         292    -3.34475    -3.40399   0.0145909
         293    -3.32152    -3.40371   0.0145439
         294     -3.2462    -3.40317   0.0145043
         295    -3.37154    -3.40306   0.0144555
         296    -3.45864    -3.40325   0.0144079
         297    -3.40375    -3.40325   0.0143594
         298    -3.44934    -3.40341    0.014312
         299    -3.51513    -3.40378    0.014269
         300    -3.48887    -3.40406   0.0142243
         301    -3.49986    -3.40438   0.0141806
         302    -3.42592    -3.40445   0.0141338
         303    -3.44457    -3.40459   0.0140878
         304    -3.47831    -3.40483   0.0140435
         305     -3.4404    -3.40495    0.013998
         306    -3.45081     -3.4051    0.013953
         307    -3.49332    -3.40538   0.0139105
         308    -3.35686    -3.40523   0.0138662
         309    -3.36866    -3.40511   0.0138219
         310    -3.35667    -3.40495   0.0137782
         311    -3.32602     -3.4047   0.0137362
         312    -3.30372    -3.40437    0.013696
         313    -3.43552    -3.40447   0.0136526
         314    -3.43769    -3.40458   0.0136095
         315    -3.32789    -3.40434   0.0135685
         316    -3.33955    -3.40413   0.0135271
         317     -3.3173    -3.40386   0.0134872
         318    -3.44018    -3.40397   0.0134453
         319    -3.46733    -3.40417   0.0134046
         320    -3.38152     -3.4041   0.0133629
         321    -3.30371    -3.40379   0.0133249
         322     -3.4081     -3.4038   0.0132836
         323    -3.48052    -3.40404   0.0132446
         324    -3.51125    -3.40437   0.0132078
         325    -3.58283    -3.40492   0.0131786
         326    -3.48256    -3.40515   0.0131403
         327    -3.55014     -3.4056   0.0131076
         328    -3.52425    -3.40596   0.0130726
         329    -3.46952    -3.40615   0.0130343
         330    -3.53785    -3.40655   0.0130009
         331    -3.52551    -3.40691   0.0129666
         332    -3.52927    -3.40728   0.0129328
         333    -3.69956    -3.40816   0.0129237
         334    -3.70986    -3.40906   0.0129165
         335    -3.71072    -3.40996   0.0129093
         336    -3.56087    -3.41041   0.0128787
         337    -3.57873    -3.41091   0.0128502
         338    -3.45156    -3.41103   0.0128127
         339    -3.33924    -3.41082   0.0127767
         340    -3.25803    -3.41037    0.012747
         341    -3.35906    -3.41022   0.0127105
         342    -3.34236    -3.41002   0.0126749
         343    -3.36407    -3.40989   0.0126387
         344    -3.36456    -3.40975   0.0126026
         345    -3.43759    -3.40984   0.0125663
         346    -3.46344    -3.40999    0.012531
         347    -3.52203    -3.41031    0.012499
         348    -3.32349    -3.41006   0.0124656
         349    -3.33279    -3.40984   0.0124318
         350    -3.41451    -3.40986   0.0123963
         351    -3.35018    -3.40969   0.0123622
         352    -3.25959    -3.40926   0.0123344
         353    -3.29436    -3.40893   0.0123038
         354    -3.26292    -3.40852   0.0122759
         355    -3.33432    -3.40831   0.0122431
         356     -3.5299    -3.40865   0.0122135
         357    -3.52455    -3.40898   0.0121836
         358    -3.43172    -3.40904   0.0121497
         359    -3.30391    -3.40875   0.0121194
         360     -3.3421    -3.40856   0.0120872
         361    -3.34235    -3.40838   0.0120551
         362    -3.25665    -3.40796   0.0120291
         363    -3.29468    -3.40765       0.012
         364    -3.30242    -3.40736   0.0119705
         365    -3.20617    -3.40681   0.0119504
         366     -3.2497    -3.40638   0.0119254
         367    -3.26628      -3.406    0.011899
         368    -3.35609    -3.40586   0.0118675
         369     -3.4244    -3.40591   0.0118354
         370    -3.40117     -3.4059   0.0118034
         371    -3.29511     -3.4056   0.0117754
         372    -3.24498    -3.40517   0.0117517
         373    -3.36269    -3.40506   0.0117207
         374    -3.34525     -3.4049   0.0116905
         375    -3.27967    -3.40456    0.011664
         376    -3.41361    -3.40459   0.0116331
         377    -3.30319    -3.40432   0.0116053
         378    -3.30795    -3.40406   0.0115774
         379    -3.31839    -3.40384   0.0115491
         380      -3.225    -3.40337   0.0115283
         381    -3.31478    -3.40313   0.0115003
         382    -3.42719     -3.4032   0.0114704
         383    -3.44333     -3.4033   0.0114409
         384    -3.41028    -3.40332   0.0114112
         385    -3.45329    -3.40345   0.0113823
         386    -3.34377    -3.40329   0.0113538
         387    -3.25069     -3.4029   0.0113313
         388    -3.15626    -3.40226   0.0113199
         389    -3.25889     -3.4019   0.0112968
         390    -3.16615    -3.40129    0.011284
         391    -3.18822    -3.40075   0.0112683
         392    -3.39797    -3.40074   0.0112396
         393    -3.39432    -3.40072    0.011211
         394    -3.55338    -3.40111   0.0111892
         395    -3.37808    -3.40105   0.0111611
         396    -3.35316    -3.40093   0.0111335
         397    -3.32149    -3.40073   0.0111073
         398     -3.3799    -3.40068   0.0110795
         399    -3.36183    -3.40058   0.0110522
         400    -3.41935    -3.40063   0.0110246
         401    -3.57223    -3.40106   0.0110054
         402    -3.56878    -3.40147    0.010986
         403    -3.36083    -3.40137   0.0109592
         404    -3.40499    -3.40138    0.010932
         405    -3.42659    -3.40144   0.0109052
         406    -3.40864    -3.40146   0.0108784
         407    -3.22997    -3.40104   0.0108598
         408    -3.24661    -3.40066   0.0108398
         409    -3.39035    -3.40064   0.0108133
         410    -3.43548    -3.40072   0.0107873
         411     -3.3969    -3.40071    0.010761
         412    -3.52505    -3.40101   0.0107391
         413    -3.51339    -3.40129   0.0107166
         414    -3.59107    -3.40174   0.0107005
         415    -3.49106    -3.40196   0.0106769
         416    -3.45565    -3.40209    0.010652
         417    -3.44097    -3.40218   0.0106269
         418    -3.51982    -3.40246   0.0106052
         419    -3.54704    -3.40281   0.0105855
         420    -3.46345    -3.40295   0.0105612
         421    -3.45364    -3.40307   0.0105368
         422    -3.47767    -3.40325   0.0105134
         423    -3.55113     -3.4036   0.0104943
         424    -3.45635    -3.40372   0.0104703
         425    -3.45254    -3.40384   0.0104463
         426    -3.59138    -3.40428    0.010431
         427    -3.52163    -3.40455   0.0104102
         428    -3.45578    -3.40467   0.0103866
         429    -3.51262    -3.40492   0.0103654
         430    -3.47084    -3.40508   0.0103425
         431    -3.57404    -3.40547   0.0103259
         432    -3.54112    -3.40578   0.0103068
         433    -3.50351    -3.40601   0.0102854
         434    -3.46243    -3.40614   0.0102626
         435    -3.31795    -3.40594    0.010241
         436    -3.34378    -3.40579   0.0102185
         437    -3.34521    -3.40566    0.010196
         438    -3.23421    -3.40526   0.0101803
         439    -3.24902    -3.40491   0.0101633
         440    -3.13718     -3.4043   0.0101584
         441    -3.17493    -3.40378   0.0101487
         442    -3.10392     -3.4031   0.0101484
         443    -3.32866    -3.40293   0.0101268
         444    -3.34632    -3.40281   0.0101048
         445    -3.38995    -3.40278   0.0100822
         446    -3.33123    -3.40262   0.0100608
         447    -3.29334    -3.40237   0.0100413
         448    -3.19491    -3.40191   0.0100296
         449    -3.16722    -3.40139   0.0100208
         450    -3.03323    -3.40057   0.0100319
         451    -3.06675    -3.39983   0.0100369
         452    -3.09636    -3.39916   0.0100372
         453    -3.13994    -3.39858   0.0100313
         454    -3.31334     -3.3984    0.010011
         455    -3.34992    -3.39829  0.00998952
         456    -3.44505    -3.39839  0.00996814
         457    -3.31791    -3.39822  0.00994788
         458    -3.26703    -3.39793  0.00993029
         459    -3.21736    -3.39754  0.00991644
         460    -3.27755    -3.39728  0.00989831
         461    -3.20816    -3.39687  0.00988534
         462    -3.28237    -3.39662  0.00986705
         463     -3.2743    -3.39635  0.00984927
         464    -3.26238    -3.39606  0.00983228
         465    -3.14398    -3.39552  0.00982607
         466    -3.05478    -3.39479  0.00983215
         467    -2.95457    -3.39385  0.00985618
         468    -3.05351    -3.39312  0.00986191
         469    -3.28959     -3.3929  0.00984336
         470    -3.22563    -3.39254  0.00982884
         471     -3.1185    -3.39196  0.00982518
         472    -3.13553    -3.39142  0.00981938
         473     -3.1231    -3.39085  0.00981499
         474    -3.27613    -3.39061  0.00979726
         475    -3.20938    -3.39023  0.00978406
         476    -3.14391    -3.38971  0.00977719
         477    -3.05244      -3.389  0.00978222
         478    -3.14635     -3.3885  0.00977492
         479    -3.17944    -3.38806  0.00976425
         480    -3.11179    -3.38748  0.00976086
         481    -3.14577    -3.38698  0.00975349
         482    -3.17622    -3.38655  0.00974306
         483    -3.44628    -3.38667  0.00972367
         484    -3.25251    -3.38639  0.00970753
         485    -3.31965    -3.38625  0.00968849
         486     -3.4327    -3.38635  0.00966902
         487    -3.50789     -3.3866  0.00965239
         488    -3.59946    -3.38704  0.00964246
         489    -3.53878    -3.38735  0.00962773
         490    -3.64836    -3.38788  0.00962281
         491    -3.60129    -3.38831  0.00961302
         492    -3.56071    -3.38866  0.00959987
         493    -3.47749    -3.38884  0.00958209
         494    -3.35575    -3.38878  0.00956292
         495    -3.50063      -3.389  0.00954627
         496    -3.54619    -3.38932  0.00953229
         497    -3.51323    -3.38957  0.00951637
         498    -3.45211    -3.38969  0.00949809
         499    -3.37932    -3.38967  0.00947908
         500    -3.39891    -3.38969  0.00946014
         501    -3.35721    -3.38963  0.00944148
         502    -3.35268    -3.38955  0.00942295
         503    -3.31703    -3.38941  0.00940532
         504    -3.38459     -3.3894  0.00938667
         505    -3.31229    -3.38925  0.00936932
         506    -3.33457    -3.38914  0.00935143
         507    -3.34148    -3.38904  0.00933346
         508    -3.38447    -3.38904  0.00931509
         509    -3.34617    -3.38895  0.00929717
         510    -3.36736    -3.38891  0.00927903
         511    -3.43223    -3.38899  0.00926126
         512    -3.27478    -3.38877  0.00924586
         513    -3.32765    -3.38865  0.00922861
         514    -3.37821    -3.38863  0.00921067
         515    -3.47353     -3.3888  0.00919426
         516     -3.4097    -3.38884  0.00917653
         517    -3.66596    -3.38937  0.00917443
         518    -3.62389    -3.38983  0.00916788
         519    -3.63325    -3.39029   0.0091622
         520     -3.5275    -3.39056  0.00914838
         521    -3.35635    -3.39049  0.00913106
         522     -3.4601    -3.39063  0.00911454
         523    -3.34888    -3.39055  0.00909746
         524    -3.30186    -3.39038  0.00908168
         525    -3.36097    -3.39032  0.00906455
         526    -3.21244    -3.38998  0.00905362
         527    -3.07779    -3.38939   0.0090558
         528    -3.04404    -3.38874  0.00906224
         529    -2.97611    -3.38796  0.00907862
         530    -2.91136    -3.38706  0.00910591
         531    -2.98998    -3.38631  0.00911942
         532     -3.1484    -3.38586  0.00911324
         533     -3.1111    -3.38535  0.00911071
         534    -3.27606    -3.38514  0.00909594
         535    -3.30243    -3.38499  0.00908025
         536    -3.14713    -3.38454  0.00907415
         537    -3.08945    -3.38399  0.00907388
         538    -3.25219    -3.38375  0.00906032
         539    -3.17535    -3.38336  0.00905175
         540    -3.15652    -3.38294  0.00904473
         541    -3.12173    -3.38246  0.00904089
         542    -3.12384    -3.38198   0.0090368
         543    -3.09863    -3.38146  0.00903521
         544    -2.91714    -3.38061  0.00905882
         545    -3.01827    -3.37994  0.00906657
         546    -3.07213    -3.37938  0.00906747
         547    -3.20075    -3.37905  0.00905677
         548    -3.30502    -3.37892  0.00904125
         549    -3.37512    -3.37891  0.00902479
         550    -3.41129    -3.37897  0.00900857
         551    -3.49854    -3.37919  0.00899483
         552    -3.51519    -3.37943  0.00898191
         553    -3.32504    -3.37933  0.00896621
         554    -3.36283     -3.3793  0.00895007
         555    -3.37566     -3.3793  0.00893395
         556    -3.34605    -3.37924  0.00891808
         557    -3.34361    -3.37917   0.0089023
         558    -3.41817    -3.37924  0.00888662
         559    -3.30408    -3.37911  0.00887174
         560    -3.36333    -3.37908  0.00885594
         561    -3.43656    -3.37918  0.00884075
         562    -3.50696    -3.37941  0.00882794
         563    -3.45557    -3.37955   0.0088133
         564    -3.40984     -3.3796  0.00879784
         565    -3.49945    -3.37981  0.00878482
         566    -3.62859    -3.38025  0.00878029
         567    -3.51242    -3.38048   0.0087679
         568    -3.36431    -3.38046  0.00875251
         569    -3.27684    -3.38027  0.00873902
         570    -3.18682    -3.37993  0.00873027
         571    -3.23812    -3.37969  0.00871852
         572    -3.33881    -3.37961  0.00870357
         573    -3.39168    -3.37964   0.0086884
         574    -3.26892    -3.37944  0.00867541
         575    -3.25516    -3.37923  0.00866301
         576     -3.3413    -3.37916  0.00864822
         577     -3.3002    -3.37902  0.00863432
         578    -3.21991    -3.37875  0.00862377
         579    -3.31589    -3.37864  0.00860956
         580    -3.30128    -3.37851  0.00859574
         581    -3.42242    -3.37858  0.00858128
         582     -3.4503    -3.37871  0.00856742
         583    -3.67105    -3.37921  0.00856739
         584    -3.59831    -3.37958  0.00856093
         585    -3.56709     -3.3799  0.00855229
         586    -3.42389    -3.37998  0.00853803
         587    -3.47516    -3.38014  0.00852502
         588    -3.41911    -3.38021  0.00851078
         589    -3.46167    -3.38034  0.00849746
         590     -3.4714     -3.3805  0.00848446
         591    -3.32975    -3.38041  0.00847053
         592    -3.43526    -3.38051  0.00845673
         593    -3.38482    -3.38051  0.00844248
         594     -3.4918     -3.3807  0.00843034
         595    -3.45504    -3.38083   0.0084171
         596    -3.42782     -3.3809  0.00840334
         597    -3.45559    -3.38103   0.0083902
         598    -3.50149    -3.38123  0.00837859
         599    -3.56518    -3.38154  0.00837023
         600    -3.61214    -3.38192  0.00836509
         601    -3.50647    -3.38213  0.00835374
         602    -3.50654    -3.38234  0.00834242
         603    -3.44443    -3.38244  0.00832922
         604    -3.51065    -3.38265  0.00831814
         605    -3.52954    -3.38289  0.00830793
         606    -3.45388    -3.38301  0.00829505
         607    -3.40948    -3.38305   0.0082815
         608    -3.37279    -3.38304  0.00826789
         609    -3.30761    -3.38291  0.00825524
         610    -3.32307    -3.38282  0.00824229
         611     -3.4551    -3.38293  0.00822965
         612    -3.54323     -3.3832  0.00822037
         613    -3.51917    -3.38342  0.00820995
         614    -3.46606    -3.38355  0.00819769
         615    -3.60588    -3.38391  0.00819232
         616    -3.62939    -3.38431  0.00818871
         617    -3.52806    -3.38455  0.00817875
         618    -3.52028    -3.38477  0.00816847
         619    -3.50763    -3.38496  0.00815768
         620    -3.45894    -3.38508   0.0081454
         621    -3.44196    -3.38517   0.0081328
         622    -3.54961    -3.38544  0.00812402
         623    -3.47101    -3.38558  0.00811214
         624    -3.33859     -3.3855  0.00809949
         625    -3.42024    -3.38556  0.00808672
         626    -3.40393    -3.38559  0.00807385
         627    -3.25266    -3.38537  0.00806376
         628    -3.31461    -3.38526  0.00805171
         629    -3.29255    -3.38511  0.00804025
         630    -3.34648    -3.38505  0.00802772
         631      -3.361    -3.38501  0.00801509
         632     -3.3364    -3.38494  0.00800278
         633    -3.23759     -3.3847  0.00799352
         634    -3.18244    -3.38439  0.00798728
         635    -3.20512     -3.3841  0.00797969
         636    -3.16967    -3.38377  0.00797426
         637    -3.10427    -3.38333   0.0079738
         638    -3.09457    -3.38288  0.00797414
         639    -3.35147    -3.38283  0.00796181
         640    -3.34856    -3.38277  0.00794955
         641    -3.42659    -3.38284  0.00793744
         642    -3.43434    -3.38292  0.00792549
         643    -3.47307    -3.38306   0.0079144
         644     -3.3132    -3.38295  0.00790285
         645    -3.63494    -3.38334  0.00790025
         646    -3.53509    -3.38358  0.00789151
         647    -3.68942    -3.38405  0.00789346
         648    -3.70766    -3.38455  0.00789706
         649    -3.71489    -3.38506  0.00790128
         650    -3.51064    -3.38525  0.00789149
         651    -3.41234    -3.38529  0.00787947
         652    -3.49282    -3.38546  0.00786912
         653    -3.42071    -3.38551  0.00785725
         654    -3.45073    -3.38561  0.00784587
         655    -3.41738    -3.38566  0.00783404
         656    -3.36774    -3.38563  0.00782215
         657    -3.26141    -3.38544  0.00781252
         658    -3.12672    -3.38505  0.00781054
         659    -3.16307    -3.38471  0.00780595
         660    -3.20688    -3.38445  0.00779877
         661    -3.14437    -3.38408  0.00779542
         662    -3.13412     -3.3837  0.00779279
         663    -3.21184    -3.38345  0.00778534
         664     -3.2586    -3.38326  0.00777589
         665    -3.32224    -3.38317  0.00776474
         666    -3.39008    -3.38318  0.00775309
         667    -3.31933    -3.38308  0.00774205
         668    -3.13567    -3.38271  0.00773932
         669    -3.15033    -3.38236  0.00773554
         670    -3.47209     -3.3825  0.00772515
         671    -3.59284    -3.38281     0.00772
         672    -3.54468    -3.38305  0.00771227
         673    -3.53109    -3.38327  0.00770394
         674     -3.5766    -3.38356  0.00769785
         675    -3.52042    -3.38376  0.00768912
         676    -3.44595    -3.38385  0.00767829
         677    -3.39265    -3.38387  0.00766696
         678     -3.5531    -3.38411  0.00765972
         679    -3.51034     -3.3843  0.00765069
         680     -3.5064    -3.38448  0.00764155
         681    -3.52832    -3.38469  0.00763324
         682    -3.35459    -3.38465  0.00762218
         683    -3.41376    -3.38469  0.00761114
         684    -3.66136    -3.38509  0.00761075
         685    -3.66249     -3.3855  0.00761041
         686    -3.63611    -3.38586  0.00760808
         687    -3.57082    -3.38613  0.00760176
         688    -3.47154    -3.38626  0.00759173
         689    -3.47957    -3.38639  0.00758192
         690    -3.43801    -3.38647   0.0075713
         691    -3.51628    -3.38666  0.00756267
         692     -3.5342    -3.38687  0.00755475
         693    -3.57572    -3.38714  0.00754876
         694      -3.414    -3.38718  0.00753798
         695    -3.54902    -3.38741  0.00753073
         696    -3.50674    -3.38759  0.00752186
         697    -3.42713    -3.38764  0.00751128
         698    -3.20463    -3.38738   0.0075051
         699    -3.23919    -3.38717  0.00749735
         700    -3.18407    -3.38688  0.00749226
         701    -3.13907    -3.38652   0.0074899
         702    -3.15225    -3.38619  0.00748666
         703    -3.21289    -3.38594  0.00748007
         704    -3.28229     -3.3858   0.0074709
         705    -3.32429    -3.38571  0.00746081
         706    -3.38034     -3.3857  0.00745024
         707    -3.35712    -3.38566  0.00743982
         708    -3.36636    -3.38563  0.00742936
         709    -3.25911    -3.38546  0.00742102
         710    -3.27004    -3.38529  0.00741235
         711    -3.16577    -3.38498  0.00740835
         712    -3.22571    -3.38476  0.00740132
         713    -3.21535    -3.38452  0.00739476
         714    -3.21001    -3.38428  0.00738844
         715    -3.33773    -3.38421  0.00737839
         716     -3.2824    -3.38407  0.00736946
         717    -3.31132    -3.38397  0.00735988
         718    -3.35674    -3.38393  0.00734972
         719    -3.27363    -3.38378   0.0073411
         720    -3.10818     -3.3834  0.00734088
         721    -3.09067    -3.38299  0.00734192
         722    -3.07612    -3.38256  0.00734404
         723    -3.11224    -3.38219  0.00734339
         724    -3.20226    -3.38194  0.00733746
         725    -3.25466    -3.38177  0.00732944
         726     -3.3114    -3.38167  0.00731998
         727    -3.29312    -3.38155  0.00731092
         728    -3.27883    -3.38141  0.00730224
         729    -3.37463     -3.3814  0.00729223
         730    -3.25742    -3.38123  0.00728422
         731    -3.17046    -3.38094  0.00727996
         732    -3.22128    -3.38072  0.00727328
         733    -3.16208    -3.38042  0.00726947
         734    -3.12832    -3.38008  0.00726768
         735    -3.25073     -3.3799  0.00725992
         736    -3.22071    -3.37969  0.00725328
         737     -3.1525    -3.37938  0.00724998
         738    -3.10441    -3.37901  0.00724973
         739    -3.12084    -3.37866  0.00724833
         740    -3.18117    -3.37839  0.00724345
         741    -3.30195    -3.37829  0.00723441
         742    -3.34777    -3.37825  0.00722477
         743    -3.36823    -3.37823  0.00721506
         744    -3.36334    -3.37821  0.00720539
         745    -3.36091    -3.37819  0.00719576
         746    -3.56019    -3.37843  0.00719025
         747    -3.44496    -3.37852  0.00718117
         748    -3.49653    -3.37868   0.0071733
         749     -3.6054    -3.37898  0.00717011
         750    -3.73225    -3.37945    0.007176
         751    -3.63412    -3.37979  0.00717446
         752    -3.66255    -3.38017  0.00717476
         753     -3.6344    -3.38051  0.00717317
         754    -3.46066    -3.38061  0.00716445
         755    -3.53534    -3.38082  0.00715789
         756    -3.54336    -3.38103  0.00715165
         757    -3.55897    -3.38127  0.00714606
         758    -3.64482    -3.38162  0.00714509
         759    -3.53787    -3.38182  0.00713864
         760    -3.54638    -3.38204  0.00713253
         761    -3.57744    -3.38229  0.00712778
         762    -3.59506    -3.38257  0.00712389
         763    -3.57927    -3.38283  0.00711922
         764    -3.38124    -3.38283   0.0071099
         765    -3.35996     -3.3828  0.00710067
         766    -3.45572    -3.38289  0.00709204
         767    -3.43948    -3.38297  0.00708317
         768    -3.56487    -3.38321  0.00707791
         769    -3.57593    -3.38346  0.00707314
         770    -3.45917    -3.38355  0.00706464
         771    -3.46251    -3.38366  0.00705622
         772    -3.60205    -3.38394  0.00705275
         773    -3.69401    -3.38434  0.00705502
         774    -3.73036    -3.38479  0.00706006
         775    -3.58939    -3.38505  0.00705588
         776    -3.71525    -3.38548  0.00705961
         777    -3.66601    -3.38584  0.00705975
         778    -3.59444    -3.38611  0.00705576
         779    -3.69209     -3.3865  0.00705763
         780    -3.61288    -3.38679  0.00705455
         781    -3.69246    -3.38718  0.00705636
         782    -3.57975    -3.38743  0.00705164
         783    -3.66257    -3.38778  0.00705138
         784    -3.63004    -3.38809  0.00704915
         785    -3.56463    -3.38831  0.00704376
         786    -3.55858    -3.38853  0.00703813
         787    -3.45274    -3.38861  0.00702966
         788    -3.36179    -3.38858  0.00702082
         789    -3.32121    -3.38849  0.00701244
         790    -3.27463    -3.38835  0.00700505
         791    -3.26289    -3.38819  0.00699798
         792    -3.26728    -3.38804  0.00699081
         793    -3.31297    -3.38794  0.00698264
         794     -3.3939    -3.38795  0.00697385
         795    -3.47389    -3.38806  0.00696591
         796    -3.39308    -3.38806  0.00695717
         797    -3.31866    -3.38798  0.00694898
         798    -3.35255    -3.38793  0.00694042
         799    -3.45496    -3.38802  0.00693224
         800    -3.53619     -3.3882  0.00692605
         801    -3.39369    -3.38821   0.0069174
         802     -3.4743    -3.38831  0.00690961
         803    -3.46728    -3.38841   0.0069017
         804    -3.37144    -3.38839  0.00689315
         805    -3.41512    -3.38843  0.00688467
         806    -3.45074     -3.3885  0.00687656
         807    -3.50005    -3.38864  0.00686943
         808    -3.30716    -3.38854  0.00686167
         809    -3.29622    -3.38843  0.00685414
         810     -3.3642     -3.3884  0.00684574
         811    -3.36216    -3.38836  0.00683737
         812     -3.2747    -3.38822  0.00683039
         813     -3.3079    -3.38812   0.0068227
         814    -3.46524    -3.38822  0.00681498
         815    -3.39339    -3.38823  0.00680662
         816    -3.46887    -3.38832  0.00679899
         817    -3.36572     -3.3883  0.00679073
         818    -3.37824    -3.38828  0.00678244
         819    -3.38156    -3.38828  0.00677416
         820    -3.41795    -3.38831    0.006766
         821     -3.4272    -3.38836  0.00675792
         822     -3.3294    -3.38829  0.00675008
         823    -3.41026    -3.38832  0.00674193
         824    -3.19547    -3.38808  0.00673781
         825    -3.19176    -3.38784  0.00673384
         826    -3.18919     -3.3876  0.00672998
         827    -3.09719    -3.38725    0.006731
         828    -2.89695    -3.38666  0.00674887
         829    -2.97233    -3.38616  0.00675921
         830    -2.99983    -3.38569  0.00676707
         831    -3.09399    -3.38534  0.00676803
         832    -3.25034    -3.38518  0.00676184
         833    -3.27801    -3.38505  0.00675495
         834     -3.2419    -3.38488  0.00674903
         835    -3.17765    -3.38463  0.00674551
         836    -3.20997    -3.38442  0.00674067
         837    -3.34623    -3.38438  0.00673277
         838     -3.2716    -3.38424  0.00672608
         839    -3.40774    -3.38427  0.00671812
         840    -3.32251     -3.3842  0.00671053
         841    -3.23376    -3.38402  0.00670493
         842    -3.14388    -3.38373  0.00670303
         843     -3.2674     -3.3836   0.0066965
         844    -3.31555    -3.38351  0.00668905
         845    -3.39909    -3.38353  0.00668116
         846    -3.26995     -3.3834  0.00667461
         847    -3.18071    -3.38316  0.00667102
         848    -3.08311    -3.38281  0.00667253
         849    -3.21937    -3.38261  0.00666745
         850     -3.0747    -3.38225  0.00666944
         851    -3.13213    -3.38196  0.00666808
         852    -3.19623    -3.38174  0.00666381
         853    -3.18762    -3.38151  0.00665988
         854    -3.14229    -3.38123  0.00665797
         855    -3.16112    -3.38097  0.00665516
         856    -3.16199    -3.38072   0.0066523
         857    -3.02606     -3.3803   0.0066574
         858    -2.99733    -3.37986  0.00666459
         859    -3.07607     -3.3795   0.0066662
         860    -3.17239    -3.37926   0.0066628
         861     -3.3329    -3.37921  0.00665528
         862     -3.2226    -3.37903  0.00665004
         863     -3.1131    -3.37872  0.00664947
         864    -3.26121    -3.37858  0.00664316
         865    -3.34222    -3.37854  0.00663562
         866    -3.34616     -3.3785  0.00662806
         867    -3.33353    -3.37845  0.00662062
         868    -3.36438    -3.37844  0.00661301
         869    -3.36295    -3.37842  0.00660543
         870    -3.43679    -3.37849  0.00659817
         871    -3.44258    -3.37856  0.00659101
         872    -3.30618    -3.37848  0.00658397
         873    -3.39233    -3.37849  0.00657645
         874    -3.43981    -3.37856   0.0065693
         875    -3.40923     -3.3786  0.00656189
         876    -3.29637     -3.3785  0.00655507
         877    -3.40589    -3.37853  0.00654767
         878    -3.30635    -3.37845  0.00654072
         879    -3.32023    -3.37839  0.00653362
         880    -3.36236    -3.37837  0.00652622
         881    -3.25371    -3.37823  0.00652035
         882    -3.22992    -3.37806  0.00651512
         883    -3.12411    -3.37777  0.00651409
         884     -3.3536    -3.37774  0.00650678
         885    -3.31527    -3.37767  0.00649981
         886    -3.30678    -3.37759  0.00649296
         887    -3.40711    -3.37763  0.00648573
         888    -3.50544    -3.37777  0.00648002
         889    -3.42128    -3.37782  0.00647292
         890    -3.31656    -3.37775  0.00646601
         891    -3.31836    -3.37768   0.0064591
         892    -3.12228     -3.3774   0.0064582
         893    -3.04691    -3.37703  0.00646156
         894    -3.19817    -3.37683  0.00645743
         895    -3.17613     -3.3766  0.00645411
         896    -3.38623    -3.37661  0.00644691
         897    -3.37482    -3.37661  0.00643973
         898    -3.28476    -3.37651  0.00643337
         899    -3.53469    -3.37669  0.00642862
         900     -3.7001    -3.37704  0.00643151
         901    -3.51384     -3.3772  0.00642616
         902    -3.51859    -3.37735  0.00642095
         903    -3.50057    -3.37749  0.00641529
         904    -3.44054    -3.37756  0.00640857
         905     -3.5097    -3.37771  0.00640315
         906    -3.61896    -3.37797  0.00640162
         907    -3.50563    -3.37811  0.00639611
         908    -3.48962    -3.37824  0.00639024
         909    -3.60424    -3.37848  0.00638805
         910    -3.54104    -3.37866  0.00638353
         911    -3.54687    -3.37885  0.00637919
         912    -3.49646    -3.37898   0.0063735
         913    -3.45168    -3.37906  0.00636701
         914    -3.46324    -3.37915  0.00636071
         915    -3.61507    -3.37941  0.00635899
         916    -3.65744    -3.37971  0.00635928
         917    -3.49344    -3.37983  0.00635356
         918    -3.60158    -3.38007  0.00635123
         919    -3.59773    -3.38031  0.00634873
         920    -3.79238    -3.38076  0.00635761
         921    -3.73473    -3.38114  0.00636231
         922    -3.62201    -3.38141  0.00636077
         923    -3.43569    -3.38146  0.00635415
         924    -3.40279    -3.38149  0.00634732
         925    -3.41511    -3.38152  0.00634056
         926    -3.32641    -3.38146  0.00633399
         927    -3.37603    -3.38146  0.00632716
         928    -3.34917    -3.38142  0.00632044
         929    -3.36166     -3.3814  0.00631367
         930    -3.40267    -3.38142  0.00630693
         931     -3.4472     -3.3815  0.00630055
         932    -3.30329    -3.38141  0.00629435
         933    -3.48922    -3.38153  0.00628866
         934    -3.47681    -3.38163  0.00628275
         935    -3.42094    -3.38167  0.00627618
         936    -3.37198    -3.38166  0.00626948
         937    -3.35513    -3.38163  0.00626285
         938    -3.31489    -3.38156  0.00625658
         939    -3.25684    -3.38143  0.00625133
         940    -3.31426    -3.38136  0.00624508
         941    -3.17178    -3.38113  0.00624242
         942    -3.11497    -3.38085  0.00624218
         943    -3.23967     -3.3807  0.00623736
         944    -3.30859    -3.38063  0.00623122
         945      -3.319    -3.38056  0.00622497
         946    -3.21827    -3.38039  0.00622075
         947    -3.20627    -3.38021   0.0062169
         948    -3.24531    -3.38006  0.00621197
         949    -3.29163    -3.37997  0.00620612
         950    -3.20634    -3.37979  0.00620228
         951    -3.20051     -3.3796  0.00619862
         952    -3.17203    -3.37938  0.00619594
         953    -3.21187     -3.3792  0.00619193
         954    -3.37499     -3.3792  0.00618545
         955    -3.41202    -3.37923  0.00617906
         956    -3.42813    -3.37929  0.00617281
         957    -3.25622    -3.37916   0.0061677
         958    -3.35472    -3.37913  0.00616132
         959    -3.25749      -3.379   0.0061562
         960    -3.13147    -3.37875  0.00615518
         961     -2.9413    -3.37829  0.00616559
         962    -2.96698    -3.37786  0.00617398
         963    -3.17559    -3.37765  0.00617114
         964     -3.1992    -3.37747  0.00616752
         965    -3.16441    -3.37725  0.00616508
         966    -3.04001     -3.3769  0.00616857
         967    -3.02734    -3.37654  0.00617278
         968    -3.03256    -3.37618  0.00617662
         969    -3.18947    -3.37599  0.00617325
         970    -3.20609    -3.37581  0.00616937
         971    -3.24458    -3.37568   0.0061645
         972    -3.33234    -3.37563  0.00615831
         973    -3.15353    -3.37541  0.00615621
         974    -3.16041    -3.37519  0.00615385
         975    -3.11096    -3.37491   0.0061535
         976    -3.10497    -3.37464  0.00615341
         977    -2.98021    -3.37423  0.00616034
         978    -2.98018    -3.37383   0.0061672
         979    -3.17581    -3.37363  0.00616422
         980     -3.2633    -3.37352  0.00615896
         981    -3.16754    -3.37331  0.00615626
         982    -3.17725    -3.37311  0.00615323
         983      -3.124    -3.37285  0.00615218
         984    -3.21801     -3.3727  0.00614794
         985     -3.1672    -3.37249  0.00614524
         986    -3.21735    -3.37233  0.00614102
         987    -3.28989    -3.37225  0.00613537
         988    -3.35797    -3.37223  0.00612917
         989    -3.41194    -3.37227  0.00612311
         990    -3.38672    -3.37229  0.00611694
         991    -3.39157    -3.37231   0.0061108
         992    -3.43385    -3.37237  0.00610495
         993    -3.32322    -3.37232  0.00609901
         994    -3.34061    -3.37229  0.00609295
         995    -3.43753    -3.37235  0.00608718
         996    -3.34556    -3.37233  0.00608113
         997    -3.48917    -3.37244  0.00607616
         998    -3.43168     -3.3725  0.00607036
         999    -3.51132    -3.37264  0.00606588
        1000    -3.51834    -3.37279  0.00606156
        1001    -3.32988    -3.37274  0.00605566
        1002    -3.28628    -3.37266  0.00605023
        1003     -3.2113     -3.3725  0.00604633
        1004    -3.24855    -3.37237  0.00604157
        1005     -3.2795    -3.37228  0.00603627
        1006    -3.25654    -3.37217  0.00603136
        1007    -3.24605    -3.37204  0.00602667
        1008    -3.16509    -3.37184  0.00602419
        1009    -3.21308    -3.37168  0.00602028
        1010    -3.25749    -3.37156  0.00601538
        1011    -3.33248    -3.37153  0.00600955
        1012    -3.46773    -3.37162  0.00600436
        1013    -3.36083    -3.37161  0.00599845
        1014    -3.41261    -3.37165  0.00599267
        1015    -3.34833    -3.37163  0.00598681
        1016    -3.32109    -3.37158  0.00598112
        1017    -3.20028    -3.37141  0.00597761
        1018    -3.35004    -3.37139  0.00597178
        1019    -3.09674    -3.37112    0.005972
        1020    -3.07119    -3.37083  0.00597338
        1021    -3.11351    -3.37057  0.00597284
        1022    -3.17152    -3.37038  0.00597017
        1023    -3.14491    -3.37016   0.0059684
        1024    -3.13306    -3.36993  0.00596706
        1025    -3.03833     -3.3696     0.00597
        1026    -3.00467    -3.36925  0.00597477
        1027     -2.8775    -3.36877  0.00598811
        1028    -3.08794     -3.3685  0.00598851
        1029    -3.14804    -3.36828  0.00598652
        1030    -3.14583    -3.36807  0.00598461
        1031    -3.32789    -3.36803  0.00597893
        1032    -3.27852    -3.36794  0.00597376
        1033    -3.29058    -3.36786  0.00596845
        1034    -3.36324    -3.36786  0.00596268
        1035    -3.56235    -3.36805  0.00595988
        1036    -3.46621    -3.36814  0.00595488
        1037    -3.57828    -3.36835  0.00595258
        1038     -3.3993    -3.36838  0.00594692
        1039    -3.40474    -3.36841   0.0059413
        1040    -3.72523    -3.36875  0.00594549
        1041     -3.7313     -3.3691  0.00594997
        1042    -3.69447    -3.36941  0.00595245
        1043    -3.63456    -3.36967  0.00595217
        1044    -3.57922    -3.36987  0.00594985
        1045    -3.43072    -3.36993  0.00594444
        1046    -3.50868    -3.37006  0.00594024
        1047    -3.49149    -3.37018  0.00593569
        1048    -3.47633    -3.37028  0.00593089
        1049    -3.39149     -3.3703  0.00592527
        1050     -3.4076    -3.37033  0.00591974
        1051    -3.38938    -3.37035  0.00591413
        1052    -3.39869    -3.37038  0.00590857
        1053    -3.47141    -3.37047  0.00590374
        1054    -3.37969    -3.37048  0.00589815
        1055    -3.36159    -3.37047  0.00589256
        1056    -3.45101    -3.37055  0.00588747
        1057    -3.44116    -3.37062  0.00588228
        1058    -3.41625    -3.37066  0.00587688
        1059    -3.19023    -3.37049   0.0058738
        1060    -3.25035    -3.37038  0.00586935
        1061    -3.17159    -3.37019  0.00586681
        1062    -3.15635    -3.36999  0.00586474
        1063    -3.12938    -3.36976  0.00586359
        1064    -3.20597    -3.36961   0.0058601
        1065    -3.27408    -3.36952  0.00585528
        1066    -3.24782     -3.3694   0.0058509
        1067    -3.32557    -3.36936  0.00584557
        1068    -3.29435    -3.36929  0.00584051
        1069     -3.1802    -3.36912  0.00583773
        1070    -3.25752    -3.36901   0.0058332
        1071     -3.2787    -3.36893  0.00582837
        1072    -3.39206    -3.36895  0.00582297
        1073    -3.51091    -3.36908  0.00581905
        1074     -3.6198    -3.36931  0.00581831
        1075    -3.46618     -3.3694  0.00581359
        1076     -3.3767    -3.36941  0.00580819
        1077     -3.4258    -3.36946  0.00580304
        1078    -3.40493     -3.3695  0.00579775
        1079    -3.41349    -3.36954  0.00579252
        1080    -3.29736    -3.36947  0.00578754
        1081    -3.13341    -3.36925   0.0057863
        1082    -3.15655    -3.36906   0.0057843
        1083    -3.08942     -3.3688  0.00578471
        1084    -3.08981    -3.36854   0.0057851
        1085    -3.24834    -3.36843  0.00578083
        1086    -3.35311    -3.36841  0.00577552
        1087    -3.31539    -3.36837  0.00577042
        1088    -3.22548    -3.36823  0.00576661
        1089    -3.31844    -3.36819  0.00576149
        1090    -3.34883    -3.36817  0.00575623
        1091    -3.29477     -3.3681  0.00575135
        1092    -3.13051    -3.36789   0.0057502
        1093    -3.23114    -3.36776   0.0057463
        1094    -3.31066    -3.36771  0.00574128
        1095    -3.22251    -3.36758  0.00573757
        1096    -3.16127    -3.36739  0.00573542
        1097    -3.23122    -3.36726  0.00573154
        1098    -3.25587    -3.36716  0.00572722
        1099    -3.12042    -3.36694   0.0057264
        1100    -3.30943    -3.36689  0.00572144
        1101     -3.3405    -3.36686  0.00571629
        1102    -3.42291    -3.36691  0.00571133
        1103    -3.19034    -3.36675  0.00570839
        1104    -3.07747    -3.36649  0.00570923
        1105    -3.02672    -3.36618  0.00571234
        1106    -3.13965    -3.36598  0.00571085
        1107    -3.23581    -3.36586   0.0057069
        1108    -3.32961    -3.36583  0.00570184
        1109     -3.1289    -3.36561   0.0057007
        1110    -3.14416    -3.36541  0.00569906
        1111    -3.27362    -3.36533  0.00569453
        1112     -3.2546    -3.36523  0.00569027
        1113    -3.50005    -3.36535  0.00568645
        1114    -3.49276    -3.36547   0.0056825
        1115    -3.43646    -3.36553  0.00567776
        1116    -3.37908    -3.36554  0.00567268
        1117    -3.35003    -3.36553  0.00566762
        1118     -3.3855    -3.36555  0.00566258
        1119    -3.29159    -3.36548  0.00565791
        1120    -3.33142    -3.36545  0.00565294
        1121    -3.34162    -3.36543  0.00564793
        1122     -3.2332    -3.36531  0.00564413
        1123    -3.38144    -3.36533  0.00563912
        1124    -3.53814    -3.36548   0.0056362
        1125    -3.38992     -3.3655  0.00563123
        1126    -3.28778    -3.36543  0.00562665
        1127    -3.36614    -3.36543  0.00562166
        1128    -3.47774    -3.36553  0.00561756
        1129    -3.49302    -3.36565  0.00561372
        1130    -3.46648    -3.36574  0.00560946
        1131    -3.43946     -3.3658  0.00560488
        1132    -3.47536     -3.3659  0.00560076
        1133    -3.59886     -3.3661  0.00559959
        1134     -3.5477    -3.36626  0.00559694
        1135    -3.63029     -3.3665  0.00559684
        1136    -3.60952    -3.36671    0.005596
        1137    -3.66849    -3.36698  0.00559737
        1138    -3.56929    -3.36715  0.00559528
        1139    -3.50243    -3.36727  0.00559163
        1140    -3.46206    -3.36735  0.00558734
        1141    -3.31553    -3.36731  0.00558263
        1142    -3.35471     -3.3673  0.00557775
        1143     -3.3559    -3.36729  0.00557288
        1144    -3.20299    -3.36714  0.00556986
        1145    -3.29054    -3.36708  0.00556539
        1146    -3.43095    -3.36713  0.00556082
        1147    -3.34374    -3.36711  0.00555601
        1148    -3.29461    -3.36705  0.00555152
        1149    -3.31691    -3.36701  0.00554686
        1150    -3.43652    -3.36707  0.00554237
        1151    -3.59169    -3.36726  0.00554099
        1152     -3.6234    -3.36748  0.00554064
        1153    -3.65041    -3.36773  0.00554127
        1154    -3.62427    -3.36795  0.00554092
        1155    -3.54165     -3.3681  0.00553816
        1156    -3.61951    -3.36832  0.00553764
        1157    -3.58564    -3.36851  0.00553604
        1158    -3.52875    -3.36865  0.00553299
        1159    -3.58348    -3.36883  0.00553132
        1160    -3.57129    -3.36901   0.0055293
        1161    -3.42686    -3.36906  0.00552476
        1162    -3.40986    -3.36909  0.00552012
        1163    -3.44881    -3.36916   0.0055158
        1164    -3.52263    -3.36929  0.00551264
        1165    -3.57381    -3.36947   0.0055107
        1166    -3.46314    -3.36955  0.00550656
        1167    -3.40943    -3.36958  0.00550195
        1168    -3.48724    -3.36968  0.00549816
        1169    -3.38554     -3.3697  0.00549347
        1170    -3.51769    -3.36982  0.00549023
        1171    -3.53695    -3.36996   0.0054874
        1172    -3.46637    -3.37005  0.00548333
        1173    -3.46627    -3.37013  0.00547927
        1174    -3.44234    -3.37019  0.00547495
        1175    -3.48425    -3.37029  0.00547115
        1176    -3.62049     -3.3705  0.00547063
        1177     -3.5324    -3.37064  0.00546772
        1178    -3.49407    -3.37074  0.00546408
        1179    -3.50389    -3.37086  0.00546061
        1180    -3.62962    -3.37108  0.00546038
        1181    -3.53257    -3.37121  0.00545747
        1182    -3.69203    -3.37148   0.0054596
        1183     -3.5625    -3.37164  0.00545737
        1184    -3.64813    -3.37188  0.00545776
        1185    -3.61461    -3.37208  0.00545699
        1186    -3.69104    -3.37235  0.00545902
        1187    -3.59086    -3.37254  0.00545752
        1188    -3.50947    -3.37265  0.00545414
        1189    -3.60713    -3.37285  0.00545312
        1190    -3.59389    -3.37303   0.0054517
        1191    -3.60048    -3.37323  0.00545047
        1192    -3.54735    -3.37337  0.00544785
        1193    -3.46564    -3.37345  0.00544383
        1194    -3.49902    -3.37355  0.00544029
        1195    -3.32859    -3.37352  0.00543587
        1196    -3.45161    -3.37358  0.00543171
        1197    -3.38163    -3.37359  0.00542718
        1198    -3.51874    -3.37371    0.005424
        1199    -3.47427    -3.37379  0.00542013
        1200    -3.49465    -3.37389  0.00541655
        1201    -3.59917    -3.37408  0.00541528
        1202    -3.60585    -3.37427  0.00541421
        1203    -3.43907    -3.37433  0.00540998
        1204    -3.40534    -3.37435  0.00540555
        1205    -3.44453    -3.37441  0.00540137
        1206    -3.54728    -3.37456   0.0053988
        1207    -3.38569    -3.37456  0.00539433
        1208    -3.46968    -3.37464  0.00539044
        1209    -3.52451    -3.37477  0.00538741
        1210    -3.51772    -3.37489  0.00538425
        1211    -3.50889      -3.375  0.00538094
        1212    -3.33696    -3.37496  0.00537659
        1213    -3.23004    -3.37485  0.00537349
        1214     -3.2951    -3.37478  0.00536946
        1215    -3.23152    -3.37466  0.00536634
        1216    -3.26424    -3.37457  0.00536269
        1217    -3.17561    -3.37441  0.00536078
        1218    -3.20545    -3.37427  0.00535817
        1219    -3.20355    -3.37413   0.0053556
        1220    -3.22129      -3.374  0.00535268
        1221    -3.30094    -3.37394  0.00534863
        1222    -3.43837      -3.374  0.00534451
        1223    -3.33876    -3.37397  0.00534022
        1224    -3.39863    -3.37399   0.0053359
        1225    -3.26412     -3.3739  0.00533229
        1226    -3.20579    -3.37376  0.00532971
        1227    -3.27805    -3.37368  0.00532593
        1228    -3.38942     -3.3737  0.00532161
        1229    -3.46768    -3.37377  0.00531783
        1230    -3.45693    -3.37384  0.00531394
        1231    -3.43446    -3.37389  0.00530985
        1232    -3.55877    -3.37404  0.00530766
        1233    -3.59098    -3.37422  0.00530627
        1234     -3.5546    -3.37436  0.00530398
        1235    -3.45223    -3.37442  0.00530006
        1236    -3.38536    -3.37443  0.00529578
        1237    -3.28737    -3.37436  0.00529197
        1238    -3.43023    -3.37441  0.00528789
        1239    -3.34054    -3.37438  0.00528369
        1240    -3.21815    -3.37425  0.00528093
        1241    -3.22098    -3.37413  0.00527812
        1242    -3.24373    -3.37403  0.00527491
        1243     -3.3976    -3.37405   0.0052707
        1244    -3.45442    -3.37411  0.00526686
        1245    -3.41399    -3.37414  0.00526273
        1246    -3.34298    -3.37412  0.00525857
        1247    -3.35555     -3.3741  0.00525437
        1248     -3.4988     -3.3742  0.00525111
        1249    -3.55278    -3.37434  0.00524885
        1250    -3.65516    -3.37457  0.00524946
        1251    -3.58466    -3.37474  0.00524795
        1252     -3.4758    -3.37482  0.00524438
        1253    -3.53745    -3.37495   0.0052418
        1254    -3.51406    -3.37506  0.00523879
        1255    -3.52904    -3.37518  0.00523605
        1256    -3.49497    -3.37528  0.00523275
        1257    -3.50495    -3.37538  0.00522961
        1258    -3.53306    -3.37551  0.00522695
        1259    -3.59645    -3.37568  0.00522575
        1260    -3.62058    -3.37588  0.00522521
        1261    -3.56558    -3.37603  0.00522323
        1262    -3.56108    -3.37617  0.00522115
        1263    -3.49074    -3.37626  0.00521781
        1264    -3.63783    -3.37647  0.00521778
        1265    -3.49342    -3.37656  0.00521447
        1266    -3.34605    -3.37654  0.00521041
        1267    -3.55194    -3.37668  0.00520814
        1268    -3.60299    -3.37686  0.00520709
        1269    -3.53531    -3.37698  0.00520448
        1270    -3.50709    -3.37708  0.00520139
        1271    -3.60188    -3.37726   0.0052003
        1272    -3.44671    -3.37731   0.0051965
        1273    -3.51875    -3.37743  0.00519361
        1274    -3.43934    -3.37747  0.00518976
        1275    -3.43731    -3.37752   0.0051859
        1276    -3.51803    -3.37763  0.00518301
        1277    -3.66123    -3.37785   0.0051837
        1278    -3.61173    -3.37804  0.00518288
        1279    -3.49173    -3.37812  0.00517959
        1280    -3.49969    -3.37822  0.00517641
        1281    -3.50112    -3.37832  0.00517326
        1282    -3.39323    -3.37833  0.00516924
        1283    -3.33852     -3.3783   0.0051653
        1284     -3.4512    -3.37835  0.00516159
        1285    -3.49312    -3.37844  0.00515835
        1286    -3.56105    -3.37858  0.00515629
        1287    -3.55241    -3.37872  0.00515405
        1288     -3.5446    -3.37885  0.00515166
        1289    -3.55039    -3.37898  0.00514938
        1290    -3.62004    -3.37917  0.00514878
        1291    -3.54456     -3.3793  0.00514638
        1292    -3.40687    -3.37932  0.00514244
        1293    -3.44535    -3.37937  0.00513872
        1294    -3.34377    -3.37934  0.00513482
        1295    -3.31489    -3.37929   0.0051311
        1296    -3.41032    -3.37932   0.0051272
        1297    -3.43662    -3.37936  0.00512343
        1298    -3.39167    -3.37937  0.00511949
        1299    -3.39632    -3.37938  0.00511557
        1300    -3.36961    -3.37937  0.00511164
        1301    -3.52727    -3.37949  0.00510897
        1302    -3.43144    -3.37953  0.00510521
        1303    -3.32363    -3.37949  0.00510147
        1304    -3.24523    -3.37938   0.0050986
        1305    -3.32591    -3.37934  0.00509485
        1306    -3.40045    -3.37936  0.00509098
        1307     -3.3156    -3.37931  0.00508732
        1308    -3.50223     -3.3794  0.00508429
        1309    -3.51918    -3.37951  0.00508153
        1310    -3.48574    -3.37959   0.0050783
        1311    -3.47003    -3.37966  0.00507489
        1312    -3.47336    -3.37973  0.00507153
        1313    -3.47429     -3.3798  0.00506818
        1314    -3.55072    -3.37993  0.00506599
        1315     -3.5613    -3.38007  0.00506401
        1316    -3.54782     -3.3802  0.00506177
        1317     -3.4231    -3.38023  0.00505803
        1318    -3.44783    -3.38028  0.00505445
        1319    -3.48071    -3.38036   0.0050512
        1320    -3.43164     -3.3804  0.00504752
        1321    -3.42072    -3.38043  0.00504379
        1322    -3.51776    -3.38053  0.00504104
        1323    -3.53452    -3.38065  0.00503858
        1324    -3.54012    -3.38077  0.00503621
        1325    -3.47319    -3.38084  0.00503289
        1326    -3.50722    -3.38093     0.00503
        1327    -3.31114    -3.38088  0.00502648
        1328    -3.26971     -3.3808   0.0050234
        1329    -3.27928    -3.38072   0.0050202
        1330    -3.35763     -3.3807  0.00501645
        1331    -3.31967    -3.38066  0.00501289
        1332    -3.32365    -3.38061  0.00500931
        1333      -3.327    -3.38057  0.00500572
        1334    -3.34404    -3.38055  0.00500204
        1335    -3.41479    -3.38057  0.00499836
        1336    -3.29863    -3.38051  0.00499499
        1337    -3.30045    -3.38045  0.00499162
        1338    -3.28968    -3.38038  0.00498835
        1339    -3.23503    -3.38028   0.0049858
        1340    -3.32474    -3.38023  0.00498225
        1341    -3.31428    -3.38018  0.00497878
        1342    -3.35078    -3.38016  0.00497512
        1343    -3.38203    -3.38016  0.00497141
        1344    -3.21386    -3.38004  0.00496926
        1345    -3.34833    -3.38002  0.00496562
        1346    -3.33617    -3.37998  0.00496203
        1347    -3.23306    -3.37988  0.00495955
        1348    -3.26793    -3.37979  0.00495657
        1349    -3.37809    -3.37979  0.00495289
        1350     -3.2832    -3.37972  0.00494974
        1351    -3.39977    -3.37973   0.0049461
        1352    -3.48746    -3.37981  0.00494308
        1353    -3.39199    -3.37982  0.00493944
        1354    -3.26158    -3.37974  0.00493656
        1355    -3.38448    -3.37974  0.00493292
        1356    -3.25877    -3.37965  0.00493009
        1357    -3.35845    -3.37963  0.00492648
        1358    -3.37464    -3.37963  0.00492285
        1359    -3.38407    -3.37963  0.00491923
        1360    -3.50341    -3.37972  0.00491646
        1361     -3.4109    -3.37975   0.0049129
        1362    -3.44345    -3.37979  0.00490951
        1363    -3.36654    -3.37978  0.00490592
        1364    -3.18532    -3.37964  0.00490439
        1365    -3.14423    -3.37947  0.00490383
        1366    -3.15483    -3.37931    0.004903
        1367      -3.288    -3.37924  0.00489987
        1368    -3.37775    -3.37924  0.00489629
        1369    -3.37138    -3.37923  0.00489271
        1370     -3.4405    -3.37928  0.00488935
        1371    -3.49281    -3.37936  0.00488648
        1372    -3.48276    -3.37943   0.0048835
        1373    -3.46698     -3.3795  0.00488036
        1374    -3.40009    -3.37951  0.00487683
        1375    -3.45462    -3.37957  0.00487359
        1376     -3.4642    -3.37963  0.00487044
        1377    -3.39686    -3.37964  0.00486692
        1378    -3.45513     -3.3797  0.00486369
        1379    -3.49766    -3.37978  0.00486092
        1380    -3.56692    -3.37992  0.00485929
        1381    -3.47007    -3.37998  0.00485621
        1382    -3.56932    -3.38012  0.00485462
        1383    -3.61269    -3.38029  0.00485403
        1384    -3.59153    -3.38044  0.00485292
        1385    -3.63877    -3.38063    0.004853
        1386    -3.65213    -3.38082  0.00485345
        1387    -3.62192      -3.381  0.00485306
        1388    -3.51753     -3.3811  0.00485056
        1389    -3.54321    -3.38121  0.00484847
        1390    -3.54312    -3.38133  0.00484638
        1391    -3.52932    -3.38144  0.00484407
        1392    -3.66378    -3.38164  0.00484483
        1393    -3.71052    -3.38187   0.0048471
        1394    -3.69473     -3.3821  0.00484882
        1395    -3.70086    -3.38233  0.00485072
        1396    -3.67486    -3.38254  0.00485177
        1397    -3.71036    -3.38277  0.00485397
        1398     -3.7755    -3.38305  0.00485862
        1399    -3.73627     -3.3833   0.0048617
        1400    -3.86576    -3.38365  0.00487043
        1401    -3.95678    -3.38406   0.0048841
        1402     -3.9258    -3.38444  0.00489588
        1403    -3.88558     -3.3848   0.0049054
        1404    -3.81593    -3.38511  0.00491151
        1405    -3.72968    -3.38535  0.00491414
        1406    -3.75004    -3.38561  0.00491748
        1407    -3.70496    -3.38584  0.00491922
        1408    -3.59386    -3.38599  0.00491795
        1409    -3.64362    -3.38617  0.00491785
        1410    -3.68468    -3.38638  0.00491892
        1411    -3.56538    -3.38651  0.00491707
        1412    -3.63212    -3.38668  0.00491666
        1413    -3.52302    -3.38678  0.00491413
        1414    -3.62261    -3.38695  0.00491348
        1415    -3.55139    -3.38706  0.00491139
        1416    -3.78397    -3.38734  0.00491591
        1417    -3.69943    -3.38756  0.00491737
        1418    -3.71485    -3.38779  0.00491932
        1419    -3.74685    -3.38805  0.00492235
        1420    -3.66349    -3.38824  0.00492271
        1421    -3.59203    -3.38838  0.00492133
        1422    -3.57035    -3.38851  0.00491954
        1423    -3.64138    -3.38869  0.00491929
        1424    -3.64852    -3.38887  0.00491921
        1425    -3.67606    -3.38907  0.00491989
        1426    -3.77162    -3.38934  0.00492375
        1427    -3.75384     -3.3896  0.00492692
        1428    -3.73589    -3.38984  0.00492943
        1429     -3.6757    -3.39004  0.00493004
        1430    -3.64528    -3.39022  0.00492982
        1431    -3.70064    -3.39044  0.00493115
        1432    -3.86254    -3.39077  0.00493871
        1433    -3.85571    -3.39109  0.00494591
        1434     -3.7992    -3.39137  0.00495064
        1435    -3.83749    -3.39169  0.00495695
        1436    -3.73693    -3.39193  0.00495932
        1437    -3.76181    -3.39218  0.00496254
        1438    -3.70238     -3.3924  0.00496378
        1439    -3.72969    -3.39263  0.00496586
        1440    -3.67191    -3.39283   0.0049662
        1441    -3.56288    -3.39295  0.00496415
        1442    -3.68382    -3.39315  0.00496481
        1443    -3.80462    -3.39343  0.00496955
        1444    -3.81826    -3.39373  0.00497481
        1445    -3.60241    -3.39387  0.00497346
        1446     -3.5939    -3.39401  0.00497195
        1447    -3.48777    -3.39407  0.00496893
        1448    -3.32899    -3.39403   0.0049657
        1449    -3.36502    -3.39401  0.00496232
        1450    -3.54779    -3.39412  0.00496003
        1451    -3.55475    -3.39423  0.00495785
        1452    -3.51588    -3.39431  0.00495514
        1453    -3.56961    -3.39443   0.0049532
        1454    -3.56394    -3.39455  0.00495116
        1455    -3.49202    -3.39461  0.00494821
        1456    -3.42579    -3.39464  0.00494486
        1457    -3.39333    -3.39463  0.00494147
        1458    -3.43612    -3.39466  0.00493816
        1459    -3.31931    -3.39461  0.00493504
        1460    -3.33595    -3.39457  0.00493183
        1461    -3.24043    -3.39447  0.00492958
        1462    -3.38283    -3.39446  0.00492622
        1463    -3.23647    -3.39435  0.00492403
        1464    -3.18086     -3.3942  0.00492283
        1465    -3.29603    -3.39414  0.00491992
        1466    -3.33947     -3.3941  0.00491671
        1467      -3.469    -3.39415  0.00491362
        1468    -3.44734    -3.39419  0.00491041
        1469    -3.46528    -3.39424   0.0049073
        1470    -3.37584    -3.39422  0.00490398
        1471    -3.47594    -3.39428  0.00490096
        1472    -3.41326    -3.39429  0.00489765
        1473    -3.38231    -3.39428  0.00489433
        1474    -3.34683    -3.39425  0.00489112
        1475    -3.28691    -3.39418  0.00488834
        1476    -3.43694    -3.39421  0.00488512
        1477    -3.62879    -3.39437  0.00488439
        1478    -3.49459    -3.39443  0.00488156
        1479    -3.43477    -3.39446  0.00487833
        1480    -3.45793     -3.3945  0.00487522
        1481    -3.50104    -3.39458  0.00487246
        1482    -3.55798    -3.39469  0.00487042
        1483    -3.53007    -3.39478  0.00486799
        1484    -3.64905    -3.39495  0.00486773
        1485    -3.61597     -3.3951  0.00486672
        1486    -3.54318     -3.3952  0.00486447
        1487    -3.54664     -3.3953  0.00486226
        1488    -3.53438    -3.39539   0.0048599
        1489    -3.29321    -3.39532  0.00485712
        1490    -3.36714     -3.3953  0.00485389
        1491    -3.33425    -3.39526  0.00485081
        1492    -3.41096    -3.39527  0.00484757
        1493    -3.24365    -3.39517  0.00484539
        1494    -3.23873    -3.39507  0.00484328
        1495    -3.33722    -3.39503  0.00484019
        1496    -3.22514    -3.39492  0.00483829
        1497     -3.2874    -3.39484  0.00483559
        1498    -3.41977    -3.39486  0.00483239
        1499    -3.53501    -3.39495  0.00483007
        1500    -3.51583    -3.39503  0.00482752
        1501    -3.43065    -3.39506  0.00482436
        1502    -3.41882    -3.39507  0.00482118
        1503    -3.29828    -3.39501   0.0048184
        1504    -3.25018    -3.39491  0.00481616
        1505    -3.29118    -3.39484  0.00481345
        1506     -3.2815    -3.39477  0.00481084
        1507    -3.34498    -3.39474  0.00480776
        1508    -3.25853    -3.39465  0.00480542
        1509    -3.27849    -3.39457  0.00480286
        1510    -3.35336    -3.39454  0.00479975
        1511    -3.27265    -3.39446  0.00479725
        1512    -3.34527    -3.39443  0.00479419
        1513    -3.37724    -3.39442  0.00479104
        1514    -3.36718     -3.3944  0.00478791
        1515    -3.30708    -3.39434  0.00478509
        1516    -3.11529    -3.39416  0.00478548
        1517    -3.21842    -3.39404  0.00478372
        1518    -3.16779    -3.39389  0.00478289
        1519    -3.17854    -3.39375  0.00478185
        1520    -3.29641    -3.39369  0.00477913
        1521    -3.38508    -3.39368  0.00477599
        1522    -3.43612    -3.39371  0.00477293
        1523    -3.47905    -3.39377  0.00477013
        1524     -3.5345    -3.39386  0.00476789
        1525    -3.64296    -3.39402  0.00476756
        1526    -3.71411    -3.39423  0.00476905
        1527    -3.80868     -3.3945  0.00477364
        1528    -3.74148    -3.39473  0.00477592
        1529    -3.63394    -3.39489  0.00477536
        1530    -3.60963    -3.39503   0.0047743
        1531    -3.54892    -3.39513  0.00477224
        1532    -3.60323    -3.39526  0.00477105
        1533    -3.70235    -3.39546  0.00477215
        1534     -3.6925    -3.39566  0.00477296
        1535    -3.49686    -3.39572  0.00477031
        1536    -3.64906    -3.39589  0.00477005
        1537    -3.53995    -3.39598  0.00476787
        1538    -3.61329    -3.39612  0.00476686
        1539    -3.48874    -3.39618  0.00476415
        1540    -3.21146    -3.39606  0.00476256
        1541    -3.30764    -3.39601  0.00475982
        1542    -3.17538    -3.39586  0.00475888
        1543    -3.22372    -3.39575   0.0047571
        1544    -3.34912    -3.39572  0.00475412
        1545    -3.28392    -3.39565  0.00475159
        1546     -3.2166    -3.39553  0.00474993
        1547    -3.23223    -3.39543  0.00474803
        1548    -3.24556    -3.39533  0.00474595
        1549    -3.13894    -3.39516  0.00474577
        1550    -3.17655    -3.39502  0.00474481
        1551    -3.25302    -3.39493  0.00474263
        1552    -3.32507    -3.39489  0.00473979
        1553    -3.25278    -3.39479  0.00473762
        1554    -3.22301    -3.39468  0.00473586
        1555    -3.10267     -3.3945  0.00473654
        1556    -3.02912    -3.39426  0.00473931
        1557    -2.95757    -3.39398  0.00474456
        1558    -3.04632    -3.39376  0.00474676
        1559    -3.13243    -3.39359  0.00474667
        1560     -3.1107    -3.39341  0.00474709
        1561    -3.14627    -3.39325  0.00474669
        1562    -3.11668    -3.39307  0.00474695
        1563    -3.05591    -3.39286  0.00474881
        1564    -2.96854    -3.39259  0.00475352
        1565    -2.85302    -3.39224  0.00476297
        1566    -2.77939    -3.39185  0.00477598
        1567     -2.9102    -3.39154  0.00478281
        1568    -2.86322    -3.39121  0.00479161
        1569    -2.99982    -3.39096  0.00479505
        1570     -3.0612    -3.39075  0.00479659
        1571     -2.9903    -3.39049  0.00480031
        1572    -2.95945    -3.39022  0.00480508
        1573    -2.99664    -3.38997  0.00480853
        1574    -3.16947    -3.38983  0.00480752
        1575    -3.23583    -3.38973  0.00480546
        1576    -3.30575    -3.38968  0.00480271
        1577    -3.33039    -3.38964  0.00479981
        1578    -3.33315     -3.3896   0.0047969
        1579    -3.25693    -3.38952   0.0047946
        1580    -3.18339    -3.38939  0.00479334
        1581    -3.18961    -3.38926  0.00479197
        1582    -3.19383    -3.38914  0.00479053
        1583    -3.25367    -3.38905  0.00478827
        1584    -3.32483    -3.38901  0.00478542
        1585    -3.26489    -3.38893  0.00478304
        1586    -3.21469    -3.38882  0.00478129
        1587    -3.24921    -3.38874  0.00477909
        1588    -3.16179    -3.38859  0.00477821
        1589    -3.28433    -3.38853  0.00477566
        1590    -3.22225    -3.38842   0.0047738
        1591    -3.16289    -3.38828   0.0047729
        1592    -3.26082     -3.3882  0.00477057
        1593    -3.43997    -3.38823  0.00476769
        1594    -3.44153    -3.38827  0.00476482
        1595    -3.39648    -3.38827  0.00476183
        1596    -3.22812    -3.38817  0.00475991
        1597    -3.25433    -3.38809  0.00475766
        1598    -3.32178    -3.38805  0.00475487
        1599    -3.36525    -3.38803  0.00475191
        1600    -3.38638    -3.38803  0.00474894
        1601    -3.34428      -3.388  0.00474606
        1602    -3.28255    -3.38794  0.00474355
        1603    -3.27538    -3.38787  0.00474111
        1604    -3.38548    -3.38787  0.00473816
        1605    -3.48046    -3.38792  0.00473555
        1606    -3.46005    -3.38797  0.00473282
        1607    -3.36235    -3.38795   0.0047299
        1608    -3.41469    -3.38797  0.00472699
        1609    -3.48069    -3.38803   0.0047244
        1610    -3.49259    -3.38809  0.00472191
        1611     -3.5336    -3.38818  0.00471985
        1612    -3.52182    -3.38827  0.00471765
        1613    -3.37225    -3.38826  0.00471473
        1614    -3.32711    -3.38822  0.00471196
        1615     -3.1889    -3.38809  0.00471066
        1616     -3.2636    -3.38802  0.00470838
        1617    -3.24774    -3.38793  0.00470626
        1618    -3.30355    -3.38788  0.00470364
        1619    -3.24703    -3.38779  0.00470154
        1620     -3.2238    -3.38769  0.00469973
        1621    -3.15752    -3.38755  0.00469898
        1622    -3.25631    -3.38747  0.00469678
        1623     -3.2753     -3.3874  0.00469439
        1624    -3.35433    -3.38738  0.00469154
        1625    -3.56214    -3.38749  0.00468989
        1626     -3.3804    -3.38748  0.00468701
        1627    -3.26931    -3.38741  0.00468469
        1628    -3.27883    -3.38734  0.00468229
        1629    -3.35409    -3.38732  0.00467946
        1630    -3.39738    -3.38733  0.00467659
        1631    -3.42347    -3.38735  0.00467377
        1632    -3.39686    -3.38736  0.00467091
        1633    -3.40938    -3.38737  0.00466807
        1634    -3.23462    -3.38728  0.00466615
        1635     -3.0768    -3.38709  0.00466716
        1636    -3.30086    -3.38703  0.00466461
        1637    -3.22147    -3.38693  0.00466285
        1638    -3.24984    -3.38685  0.00466076
        1639    -3.30409     -3.3868  0.00465819
        1640    -3.16232    -3.38666  0.00465736
        1641    -3.12418     -3.3865  0.00465726
        1642    -3.05981     -3.3863  0.00465868
        1643    -3.14165    -3.38615  0.00465822
        1644    -3.10571    -3.38598  0.00465851
        1645    -3.09494    -3.38581  0.00465904
        1646    -3.06241    -3.38561  0.00466035
        1647    -3.05069    -3.38541  0.00466195
        1648     -3.0622    -3.38521  0.00466324
        1649    -2.97788    -3.38496  0.00466695
        1650    -2.96206    -3.38471  0.00467116
        1651    -2.97869    -3.38446   0.0046748
        1652    -3.05621    -3.38426  0.00467619
        1653    -3.11834     -3.3841  0.00467613
        1654    -3.12245    -3.38394  0.00467598
        1655    -3.09355    -3.38377  0.00467644
        1656    -3.16255    -3.38363  0.00467552
        1657    -3.13143    -3.38348  0.00467518
        1658    -3.07982     -3.3833  0.00467595
        1659    -3.11816    -3.38314  0.00467586
        1660    -2.98802     -3.3829   0.0046791
        1661    -2.90143    -3.38261  0.00468525
        1662    -2.94935    -3.38235  0.00468968
        1663    -2.98469    -3.38211  0.00469295
        1664    -2.93024    -3.38184  0.00469798
        1665    -3.02638    -3.38163      0.0047
        1666    -3.04587    -3.38142   0.0047015
        1667    -3.09922    -3.38125  0.00470173
        1668     -3.0022    -3.38103   0.0047044
        1669    -3.01141    -3.38081  0.00470679
        1670    -3.04563    -3.38061  0.00470825
        1671    -3.09223    -3.38043  0.00470859
        1672    -2.99536     -3.3802  0.00471141
        1673    -3.03898       -3.38    0.004713
        1674    -3.04032     -3.3798  0.00471455
        1675    -3.10488    -3.37963  0.00471459
        1676    -3.18751    -3.37952  0.00471317
        1677    -3.23852    -3.37943  0.00471111
        1678     -3.1391    -3.37929  0.00471048
        1679     -3.2627    -3.37922  0.00470819
        1680    -3.17786     -3.3791  0.00470691
        1681    -3.42309    -3.37913  0.00470418
        1682    -3.36101    -3.37912   0.0047014
        1683     -3.1877      -3.379  0.00469998
        1684    -3.15798    -3.37887  0.00469902
        1685    -3.28861    -3.37882  0.00469654
        1686    -3.33036    -3.37879  0.00469384
        1687    -3.34653    -3.37877   0.0046911
        1688    -3.38465    -3.37877  0.00468832
        1689    -3.29401    -3.37872  0.00468581
        1690    -3.23559    -3.37864  0.00468381
        1691    -3.25968    -3.37857  0.00468157
        1692    -3.12513    -3.37842  0.00468119
        1693    -3.18245     -3.3783  0.00467986
        1694    -3.14111    -3.37816  0.00467919
        1695    -3.25752    -3.37809  0.00467697
        1696    -3.18602    -3.37798  0.00467559
        1697    -3.15121    -3.37784  0.00467474
        1698    -3.04094    -3.37765  0.00467619
        1699    -3.00927    -3.37743  0.00467847
        1700    -2.95571    -3.37718  0.00468229
        1701    -2.93169    -3.37692  0.00468685
        1702    -2.90731    -3.37664  0.00469221
        1703     -2.8984    -3.37636  0.00469785
        1704    -3.07607    -3.37619   0.0046984
        1705    -2.99519    -3.37596  0.00470096
        1706    -2.99672    -3.37574  0.00470345
        1707    -2.95913     -3.3755  0.00470703
        1708    -3.12328    -3.37535  0.00470659
        1709    -3.12766     -3.3752  0.00470606
        1710    -3.11059    -3.37505  0.00470585
        1711     -3.0893    -3.37488  0.00470607
        1712    -3.36172    -3.37487  0.00470332
        1713    -3.37904    -3.37488  0.00470058
        1714    -3.34251    -3.37486  0.00469787
        1715    -3.20187    -3.37476  0.00469622
        1716    -3.10609     -3.3746  0.00469609
        1717    -3.14503    -3.37447  0.00469526
        1718    -3.17495    -3.37435  0.00469396
        1719    -3.14743    -3.37422  0.00469309
        1720    -3.21309    -3.37412  0.00469129
        1721    -3.25395    -3.37405  0.00468909
        1722     -3.2748      -3.374  0.00468672
        1723    -3.22299    -3.37391  0.00468482
        1724    -3.15383    -3.37378  0.00468384
        1725    -3.06161     -3.3736  0.00468462
        1726    -3.12568    -3.37346  0.00468411
        1727     -3.1476    -3.37333  0.00468322
        1728    -3.29628    -3.37328  0.00468072
        1729    -3.45084    -3.37333  0.00467823
        1730     -3.4845    -3.37339  0.00467597
        1731    -3.48358    -3.37345   0.0046737
        1732     -3.5083    -3.37353  0.00467165
        1733     -3.6771    -3.37371  0.00467223
        1734    -3.60034    -3.37384  0.00467137
        1735    -3.64024    -3.37399   0.0046712
        1736    -3.62969    -3.37414  0.00467083
        1737    -3.64942     -3.3743  0.00467083
        1738    -3.61605    -3.37444  0.00467021
        1739    -3.53824    -3.37453  0.00466848
        1740    -3.56069    -3.37464  0.00466702
        1741    -3.54732    -3.37474  0.00466539
        1742    -3.53829    -3.37483  0.00466366
        1743    -3.58734    -3.37495  0.00466258
        1744    -3.50198    -3.37503  0.00466047
        1745     -3.4919    -3.37509  0.00465828
        1746    -3.62898    -3.37524  0.00465788
        1747    -3.48455     -3.3753  0.00465564
        1748    -3.66201    -3.37546  0.00465586
        1749    -3.53247    -3.37555  0.00465406
        1750    -3.54278    -3.37565  0.00465239
        1751     -3.4208    -3.37568   0.0046498
        1752    -3.60576    -3.37581    0.004649
        1753    -3.65643    -3.37597   0.0046491
        1754    -3.68583    -3.37614  0.00464981
        1755    -3.66351    -3.37631  0.00465004
        1756    -3.77628    -3.37654  0.00465297
        1757    -3.59826    -3.37666  0.00465203
        1758     -3.4855    -3.37672   0.0046498
        1759    -3.47205    -3.37678  0.00464747
        1760    -3.42261     -3.3768   0.0046449
        1761    -3.50743    -3.37688  0.00464286
        1762    -3.62476    -3.37702  0.00464235
        1763    -3.65351    -3.37718  0.00464237
        1764    -3.49607    -3.37724  0.00464022
        1765     -3.3859    -3.37725   0.0046376
        1766    -3.25549    -3.37718  0.00463548
        1767    -3.18773    -3.37707   0.0046341
        1768    -3.26218    -3.37701  0.00463194
        1769    -3.43317    -3.37704  0.00462943
        1770    -3.42181    -3.37706  0.00462688
        1771    -3.51547    -3.37714  0.00462493
        1772    -3.44599    -3.37718  0.00462248
        1773    -3.46537    -3.37723  0.00462014
        1774    -3.38586    -3.37724  0.00461754
        1775    -3.27804    -3.37718  0.00461528
        1776      -3.229     -3.3771  0.00461343
        1777    -3.25427    -3.37703  0.00461135
        1778    -3.22251    -3.37694  0.00460958
        1779    -3.26721    -3.37688   0.0046074
        1780    -3.22044    -3.37679  0.00460565
        1781    -3.13282    -3.37665   0.0046051
        1782    -3.05547    -3.37647  0.00460604
        1783    -3.29289    -3.37643   0.0046037
        1784    -3.26439    -3.37636  0.00460154
        1785    -3.36251    -3.37636  0.00459897
        1786    -3.34301    -3.37634  0.00459644
        1787    -3.40706    -3.37635   0.0045939
        1788    -3.32014    -3.37632  0.00459143
        1789    -3.29567    -3.37628  0.00458909
        1790    -3.44468    -3.37632  0.00458668
        1791    -3.51693    -3.37639   0.0045848
        1792    -3.52711    -3.37648  0.00458301
        1793    -3.37639    -3.37648  0.00458045
        1794    -3.26152    -3.37641  0.00457835
        1795    -3.13586    -3.37628  0.00457776
        1796    -3.13219    -3.37614  0.00457723
        1797    -3.11343      -3.376  0.00457701
        1798    -3.24538    -3.37593  0.00457504
        1799    -3.21019    -3.37583  0.00457343
        1800    -3.16421    -3.37572   0.0045724
        1801    -3.03604    -3.37553  0.00457375
        1802    -3.08663    -3.37537  0.00457402
        1803    -3.10397    -3.37522  0.00457396
        1804    -3.02907    -3.37502  0.00457544
        1805     -3.0855    -3.37486  0.00457572
        1806    -3.10915    -3.37472  0.00457555
        1807     -3.0336    -3.37453  0.00457691
        1808    -3.06284    -3.37436  0.00457763
        1809     -2.9445    -3.37412  0.00458126
        1810     -2.8224    -3.37381  0.00458886
        1811     -3.0069    -3.37361  0.00459079
        1812    -3.10316    -3.37346  0.00459069
        1813    -3.18468    -3.37336  0.00458933
        1814    -3.12825    -3.37322  0.00458879
        1815     -3.1562     -3.3731  0.00458782
        1816    -3.02512    -3.37291   0.0045893
        1817    -2.88787    -3.37264  0.00459453
        1818    -2.78472    -3.37232  0.00460337
        1819    -3.06511    -3.37215  0.00460393
        1820    -3.11282    -3.37201  0.00460361
        1821    -3.24972    -3.37194  0.00460157
        1822    -3.32533    -3.37192  0.00459912
        1823    -3.25992    -3.37186    0.004597
        1824     -3.2456    -3.37179    0.004595
        1825    -3.22104     -3.3717  0.00459323
        1826    -3.17939     -3.3716  0.00459192
        1827       -3.24    -3.37153  0.00458997
        1828     -3.3281     -3.3715  0.00458752
        1829    -3.29376    -3.37146  0.00458521
        1830    -3.34226    -3.37144  0.00458273
        1831     -3.3235    -3.37142  0.00458031
        1832    -3.24804    -3.37135   0.0045783
        1833     -3.4328    -3.37138  0.00457593
        1834    -3.37568    -3.37139  0.00457343
        1835    -3.31621    -3.37136  0.00457104
        1836    -3.38321    -3.37136  0.00456855
        1837    -3.38959    -3.37137  0.00456608
        1838    -3.39468    -3.37139  0.00456361
        1839    -3.41389    -3.37141  0.00456119
        1840    -3.29022    -3.37136  0.00455892
        1841     -3.3873    -3.37137  0.00455645
        1842    -3.39936    -3.37139    0.004554
        1843    -3.39286     -3.3714  0.00455155
        1844    -3.42111    -3.37143  0.00454916
        1845    -3.26826    -3.37137  0.00454704
        1846    -3.13702    -3.37124  0.00454635
        1847    -2.98708    -3.37104  0.00454864
        1848    -3.15451    -3.37092  0.00454769
        1849    -3.18056    -3.37082  0.00454639
        1850    -3.10198    -3.37067  0.00454626
        1851     -3.2726    -3.37062  0.00454411
        1852    -3.25465    -3.37055  0.00454209
        1853    -3.29217    -3.37051  0.00453983
        1854    -3.24786    -3.37045  0.00453787
        1855    -3.23316    -3.37037  0.00453602
        1856    -3.29301    -3.37033  0.00453377
        1857    -3.39985    -3.37035  0.00453136
        1858    -3.28875     -3.3703  0.00452913
        1859    -3.25203    -3.37024  0.00452714
        1860    -3.38323    -3.37025  0.00452471
        1861    -3.42233    -3.37027  0.00452237
        1862    -3.44928    -3.37032  0.00452014
        1863    -3.36791    -3.37032  0.00451771
        1864    -3.37787    -3.37032  0.00451529
        1865       -3.48    -3.37038  0.00451325
        1866    -3.50805    -3.37045  0.00451144
        1867    -3.53586    -3.37054  0.00450989
        1868    -3.56229    -3.37064  0.00450865
        1869    -3.55027    -3.37074  0.00450726
        1870    -3.51307    -3.37082  0.00450549
        1871    -3.56841    -3.37092  0.00450432
        1872    -3.46504    -3.37097  0.00450219
        1873    -3.58992    -3.37109  0.00450131
        1874    -3.55663    -3.37119  0.00449999
        1875    -3.62204    -3.37132  0.00449958
        1876    -3.35077    -3.37131   0.0044972
        1877     -3.5139    -3.37139  0.00449544
        1878    -3.49531    -3.37145  0.00449353
        1879    -3.55973    -3.37155  0.00449226
        1880    -3.46994     -3.3716  0.00449017
        1881    -3.53646    -3.37169  0.00448864
        1882    -3.50913    -3.37176  0.00448685
        1883    -3.50432    -3.37184  0.00448502
        1884    -3.52054    -3.37191  0.00448333
        1885    -3.35231     -3.3719  0.00448097
        1886    -3.58059    -3.37201  0.00447996
        1887    -3.70574    -3.37219  0.00448107
        1888    -3.63732    -3.37233   0.0044809
        1889    -3.65934    -3.37248   0.0044811
        1890    -3.57671    -3.37259  0.00448003
        1891    -3.60339    -3.37271  0.00447933
        1892    -3.64725    -3.37286  0.00447931
        1893     -3.5914    -3.37297  0.00447843
        1894    -3.65764    -3.37312  0.00447859
        1895    -3.70973     -3.3733  0.00447975
        1896     -3.5057    -3.37337  0.00447793
        1897    -3.62672    -3.37351  0.00447756
        1898    -3.41407    -3.37353  0.00447525
        1899    -3.50209    -3.37359   0.0044734
        1900    -3.48477    -3.37365  0.00447143
        1901    -3.48611    -3.37371  0.00446947
        1902    -3.38557    -3.37372  0.00446713
        1903    -3.60903    -3.37384  0.00446649
        1904    -3.62814    -3.37398  0.00446614
        1905    -3.50142    -3.37404   0.0044643
        1906    -3.54716    -3.37413  0.00446288
        1907    -3.47149    -3.37418  0.00446083
        1908    -3.50478    -3.37425  0.00445902
        1909    -3.56941    -3.37436  0.00445785
        1910    -3.59182    -3.37447  0.00445697
        1911    -3.58464    -3.37458    0.004456
        1912    -3.71812    -3.37476  0.00445729
        1913    -3.61663    -3.37489  0.00445675
        1914    -3.54067    -3.37497  0.00445526
        1915    -3.53437    -3.37506  0.00445372
        1916     -3.6126    -3.37518  0.00445312
        1917    -3.57659    -3.37528  0.00445203
        1918    -3.54592    -3.37537   0.0044506
        1919    -3.36164    -3.37537  0.00444829
        1920    -3.31809    -3.37534  0.00444607
        1921     -3.3157    -3.37531  0.00444386
        1922    -3.34237    -3.37529  0.00444158
        1923    -3.42535    -3.37531  0.00443935
        1924    -3.26476    -3.37526  0.00443742
        1925     -3.1726    -3.37515  0.00443636
        1926    -3.16994    -3.37504  0.00443534
        1927    -3.14216    -3.37492  0.00443468
        1928     -3.1029    -3.37478  0.00443462
        1929    -3.19325    -3.37469  0.00443332
        1930    -3.17427    -3.37458  0.00443224
        1931    -3.25042    -3.37452  0.00443041
        1932    -3.12255    -3.37439  0.00443004
        1933    -3.09496    -3.37425  0.00443011
        1934    -3.16133    -3.37414  0.00442918
        1935    -3.15655    -3.37402  0.00442832
        1936    -3.18558    -3.37393   0.0044271
        1937    -3.14089    -3.37381  0.00442645
        1938    -3.13201    -3.37368  0.00442593
        1939    -3.13001    -3.37355  0.00442543
        1940    -3.21738    -3.37347  0.00442388
        1941    -3.34852    -3.37346  0.00442162
        1942    -3.32687    -3.37344  0.00441941
        1943    -3.29767     -3.3734   0.0044173
        1944    -3.16363    -3.37329  0.00441635
        1945    -3.20648     -3.3732  0.00441491
        1946    -3.24422    -3.37314  0.00441314
        1947    -3.18686    -3.37304  0.00441191
        1948    -3.28119      -3.373   0.0044099
        1949    -3.46661    -3.37304   0.0044079
        1950    -3.42401    -3.37307  0.00440571
        1951     -3.3758    -3.37307  0.00440345
        1952    -3.27549    -3.37302  0.00440148
        1953    -3.32972      -3.373  0.00439928
        1954    -3.20401    -3.37291  0.00439788
        1955     -3.3495     -3.3729  0.00439565
        1956    -3.26853    -3.37285  0.00439373
        1957    -3.30139    -3.37281  0.00439163
        1958    -3.15766     -3.3727  0.00439076
        1959    -3.20107    -3.37261   0.0043894
        1960    -3.25686    -3.37255  0.00438756
        1961    -3.16418    -3.37245   0.0043866
        1962    -3.12307    -3.37232  0.00438621
        1963    -3.07074    -3.37217  0.00438667
        1964    -3.15015    -3.37205  0.00438589
        1965    -3.16811    -3.37195  0.00438488
        1966    -3.26649     -3.3719  0.00438298
        1967    -3.24749    -3.37183  0.00438121
        1968    -3.26259    -3.37178  0.00437933
        1969    -3.25032    -3.37172  0.00437755
        1970      -3.375    -3.37172  0.00437532
        1971    -3.19681    -3.37163    0.004374
        1972    -3.40117    -3.37164  0.00437181
        1973    -3.40891    -3.37166  0.00436964
        1974    -3.36456    -3.37166  0.00436742
        1975    -3.34657    -3.37165  0.00436523
        1976     -3.2259    -3.37157  0.00436365
        1977    -3.31406    -3.37154  0.00436153
        1978    -3.41488    -3.37157  0.00435938
        1979    -3.43234     -3.3716  0.00435729
        1980    -3.50593    -3.37166  0.00435562
        1981    -3.38988    -3.37167  0.00435343
        1982    -3.28191    -3.37163  0.00435147
        1983    -3.22086    -3.37155  0.00434994
        1984     -3.2315    -3.37148  0.00434832
        1985    -3.33717    -3.37146  0.00434616
        1986    -3.34041    -3.37145    0.004344
        1987    -3.40896    -3.37147  0.00434186
        1988    -3.43208     -3.3715  0.00433978
        1989    -3.50008    -3.37156  0.00433808
        1990    -3.35149    -3.37155  0.00433591
        1991    -3.36482    -3.37155  0.00433373
        1992    -3.27175     -3.3715  0.00433185
        1993    -3.49543    -3.37156  0.00433012
        1994    -3.50534    -3.37163  0.00432847
        1995    -3.48724    -3.37169  0.00432669
        1996    -3.47794    -3.37174  0.00432485
        1997    -3.47337    -3.37179  0.00432298
        1998    -3.35983    -3.37178  0.00432082
        1999    -3.32598    -3.37176  0.00431872
        2000    -3.37696    -3.37176  0.00431656
