0.000505051
0.000828683
0.00104247
0.00127658
0.00145637
0.00156432
0.00170622
0.00181298
0.00194059
0.00206259
0.00212692
0.00220732
0.0022933
0.0023763
0.00241492
0.0025112
0.00253134
0.00262235
0.00273512
0.00282979
0.00291009
0.00289619
0.00295019
0.0030311
0.00316889
0.0032348
0.00329752
0.00335153
0.00342776
0.00344861
0.00351499
0.00361976
0.00367901
0.00377294
0.00383366
0.0039059
0.0039684
0.00409435
0.00408603
0.00410436
0.00422313
0.00432243
0.00434585
0.00446402
0.00450101
0.00456268
0.00464574
0.00478055
0.00479469
0.00486543
0.00498713
0.00507313
0.00510441
0.0051306
0.0051852
0.00524111
0.00528524
0.00533206
0.00538695
0.0054689
0.0055376
0.00554031
0.00556429
0.00555994
0.00559017
0.00563404
0.00565836
0.005648
0.00577668
0.00579594
0.00579964
0.00585889
0.00595652
0.00595231
0.00598671
0.00601035
0.00605345
0.00608087
0.00618004
0.00625561
0.00626994
0.00623108
0.00627596
0.00632397
0.00639539
0.00640491
0.00641853
0.00648588
0.00649619
0.00653097
0.00656625
0.00661418
0.0066571
0.00666476
0.00670816
0.00665186
0.00668247
0.0067428
0.00676604
0.00675885