0.994987
1.40778
1.72368
1.99231
2.21611
2.42462
2.61425
2.79358
2.97142
3.12951
3.27933
3.42281
3.56716
3.70034
3.82354
3.94844
4.07664
4.19705
4.3151
4.43275
4.54596
4.65844
4.7717
4.87623
4.97729
5.06839
5.16771
5.26376
5.35555
5.43839
5.53035
5.60598
5.69991
5.78124
5.87264
5.96765
6.04794
6.12342
6.18973
6.26642
6.34473
6.422
6.49501
6.57995
6.66063
6.74379
6.82917
6.90545
6.97517
7.06048
7.1276
7.20026
7.2672
7.33384
7.39665
7.46121
7.52436
7.59165
7.64838
7.71626
7.7893
7.84715
7.90677
7.95405
8.01426
8.08679
8.13652
8.20146
8.25946
8.31329
8.36803
8.42818
8.50338
8.55695
8.60662
8.66335
8.71812
8.77711
8.83171
8.88535
8.9363
8.98757
9.04446
9.09234
9.15449
9.21677
9.26716
9.32688
9.38234
9.43708
9.48087
9.53789
9.58995
9.64847
9.6906
9.73963
9.79936
9.84906
9.89604
9.94629