0.994987
1.39693
1.71616
1.97621
2.20631
2.42636
2.62911
2.8098
2.98282
3.15436
3.303
3.44668
3.59116
3.7172
3.85027
3.97052
4.09568
4.21931
4.33809
4.43545
4.55245
4.66888
4.76724
4.85998
4.95542
5.05986
5.16172
5.2534
5.3467
5.44101
5.53234
5.62694
5.70976
5.79236
5.8736
5.95451
6.04159
6.13433
6.20812
6.29606
6.37092
6.4475
6.52926
6.61613
6.69358
6.76229
6.83852
6.9216
6.98538
7.04677
7.11629
7.18696
7.25833
7.3187
7.38765
7.4579
7.52392
7.58512
7.64404
7.70458
7.77227
7.84363
7.89625
7.96516
8.04134
8.11358
8.18163
8.24873
8.31368
8.37928
8.43854
8.49822
8.54712
8.60322
8.65688
8.7102
8.76274
8.81277
8.87041
8.91739
8.97163
9.02626
9.08776
9.14809
9.20254
9.25748
9.30981
9.36443
9.41271
9.46411
9.50662
9.56545
9.62635
9.67284
9.72221
9.77552
9.8304
9.88211
9.93025
9.97635