0.000505051
0.000833233
0.00107859
0.0012835
0.00143681
0.00160421
0.00179319
0.00185685
0.00195423
0.00207118
0.00213814
0.00222867
0.00236524
0.00242077
0.00252837
0.00256888
0.0026073
0.00266268
0.00277169
0.00284674
0.00289716
0.00299164
0.0030462
0.00313696
0.00314204
0.0031698
0.00325965
0.00335413
0.00337832
0.00339418
0.00340566
0.00350053
0.00356327
0.00362672
0.00370204
0.0037498
0.00380727
0.00389767
0.00400109
0.00414723
0.00419328
0.00429929
0.00429955
0.00437217
0.00440997
0.00450091
0.00456571
0.00465686
0.00465197
0.00471122
0.00482885
0.00488253
0.00490935
0.00493216
0.00505907
0.00510978
0.00517442
0.00524481
0.00536358
0.00538275
0.00539178
0.00542893
0.00546847
0.00561633
0.00574324
0.00576924
0.00584698
0.0058404
0.00597065
0.00604363
0.00605729
0.00610792
0.00616787
0.00611022
0.00611048
0.0061255
0.00615045
0.00623548
0.00629482
0.0063493
0.00642115
0.00645462
0.00643138
0.00642266
0.00643209
0.00642324
0.00646307
0.00647535
0.0065073
0.00658888
0.00650926
0.00655541
0.00657003
0.00652753
0.00655734
0.00653857
0.00658549
0.00661731
0.00655444
0.00659029