1.00808
1.01074
1.0028
1.00149
1.00561
1.0053
1.00691
1.00606
1.003
1.002
1.00242
1.00259
1.00022
1.00055
1.00362
1.00375
1.00346
1.00238
1.00256
1.00231
1.00159
1.00111
1.00226
1.00138
1.00114
1.00064
0.999766
0.99876
0.999401
0.999027
0.998842
0.998558
0.998036
0.99826
0.998779
0.999539
0.999279
0.999633
0.999606
0.999343
0.998732
0.99889
0.999127
0.999044
0.999205
0.999359
0.999728
0.99967
0.99975
1.00026
1.00056
1.00043
1.00074
1.00098
1.0013
1.00128
1.00117
1.00117
1.00107
1.00061
1.00033
1.00052
1.00085
1.00082
1.00114
1.00108
1.00116
1.00082
1.00037
1.00059
1.00063
1.00078
1.001
1.00095
1.00104
1.00112
1.00088
1.00076
1.00066
1.00046
1.00034
1.0004
1.0003
1.00043
1.00056
1.00027
1.00006
1.00007
1.0002
1.00008
0.999959
0.99991
0.999738
0.999731
0.999715
0.999431
0.999458
0.9996
0.999489