0.00191617
0.00287892
0.00819501
0.00648155
0.00671024
0.00567976
0.00517648
0.00464472
0.00515857
0.00477235
0.00437647
0.00402941
0.00441703
0.00412469
0.00493222
0.00463488
0.00437943
0.00428033
0.00406443
0.00387419
0.0037635
0.00362774
0.00366031
0.00361969
0.00348626
0.00339123
0.00338312
0.00341567
0.00336147
0.00327262
0.00317414
0.00308952
0.00304229
0.00296258
0.00292539
0.00294492
0.00287811
0.00282559
0.00275417
0.00269907
0.00270386
0.00264494
0.00259494
0.00253797
0.00248739
0.00243881
0.00241568
0.00236656
0.00232012
0.00233051
0.00230507
0.00226518
0.00224457
0.00221672
0.00220051
0.00216165
0.00212736
0.00209102
0.00205861
0.00207621
0.00206135
0.00203713
0.00203143
0.00200013
0.00199518
0.00196602
0.00193849
0.00193945
0.00196365
0.0019484
0.00192151
0.00190114
0.00188813
0.00186363
0.00184109
0.00181918
0.00181179
0.00179299
0.00177342
0.00176221
0.00174513
0.00172537
0.0017082
0.00169352
0.00167889
0.00168562
0.00167971
0.00166075
0.00164773
0.00163406
0.00162065
0.00160391
0.00159604
0.00157916
0.00156271
0.00157232
0.00155643
0.00154714
0.00153562